Reg4: Reg4, Lifetables (period 1x5), Males Last modified: February 4 2025, MPv5 (May07) 

Year     	Age	mx	qx	ax	lx	dx	Lx	Tx	ex
1960-1964	0	0.02760	0.02695	0.12	100000	2695	97626	6750033	67.50
1960-1964	1	0.00178	0.00177	0.5	97305	173	97219	6652407	68.37
1960-1964	2	0.00116	0.00116	0.5	97133	112	97076	6555188	67.49
1960-1964	3	0.00087	0.00087	0.5	97020	85	96978	6458112	66.56
1960-1964	4	0.00071	0.00071	0.5	96935	69	96901	6361134	65.62
1960-1964	5	0.00059	0.00059	0.5	96867	57	96838	6264233	64.67
1960-1964	6	0.00057	0.00057	0.5	96810	55	96782	6167395	63.71
1960-1964	7	0.00050	0.00050	0.5	96754	48	96730	6070613	62.74
1960-1964	8	0.00045	0.00045	0.5	96706	44	96684	5973883	61.77
1960-1964	9	0.00044	0.00044	0.5	96662	42	96641	5877199	60.80
1960-1964	10	0.00041	0.00041	0.5	96620	40	96600	5780558	59.83
1960-1964	11	0.00043	0.00043	0.5	96580	41	96559	5683958	58.85
1960-1964	12	0.00047	0.00047	0.5	96538	45	96516	5587399	57.88
1960-1964	13	0.00056	0.00056	0.5	96493	54	96466	5490884	56.90
1960-1964	14	0.00062	0.00062	0.5	96439	60	96409	5394418	55.94
1960-1964	15	0.00082	0.00081	0.5	96379	79	96340	5298009	54.97
1960-1964	16	0.00111	0.00111	0.5	96301	107	96247	5201669	54.01
1960-1964	17	0.00134	0.00134	0.5	96194	129	96129	5105422	53.07
1960-1964	18	0.00161	0.00160	0.5	96065	154	95988	5009292	52.14
1960-1964	19	0.00178	0.00178	0.5	95911	170	95826	4913304	51.23
1960-1964	20	0.00187	0.00187	0.5	95741	179	95651	4817478	50.32
1960-1964	21	0.00199	0.00198	0.5	95562	190	95467	4721827	49.41
1960-1964	22	0.00191	0.00190	0.5	95372	182	95281	4626360	48.51
1960-1964	23	0.00193	0.00193	0.5	95191	184	95099	4531078	47.60
1960-1964	24	0.00170	0.00170	0.5	95007	162	94926	4435979	46.69
1960-1964	25	0.00174	0.00173	0.5	94846	164	94763	4341053	45.77
1960-1964	26	0.00176	0.00175	0.5	94681	166	94598	4246290	44.85
1960-1964	27	0.00174	0.00174	0.5	94515	164	94433	4151691	43.93
1960-1964	28	0.00181	0.00181	0.5	94351	171	94265	4057258	43.00
1960-1964	29	0.00180	0.00180	0.5	94180	170	94095	3962993	42.08
1960-1964	30	0.00178	0.00178	0.5	94010	167	93927	3868898	41.15
1960-1964	31	0.00190	0.00190	0.5	93844	178	93755	3774971	40.23
1960-1964	32	0.00200	0.00199	0.5	93666	187	93572	3681216	39.30
1960-1964	33	0.00216	0.00216	0.5	93479	202	93378	3587644	38.38
1960-1964	34	0.00219	0.00218	0.5	93277	204	93175	3494266	37.46
1960-1964	35	0.00230	0.00230	0.5	93073	214	92966	3401091	36.54
1960-1964	36	0.00262	0.00261	0.5	92859	243	92738	3308125	35.63
1960-1964	37	0.00275	0.00275	0.5	92617	255	92490	3215387	34.72
1960-1964	38	0.00298	0.00297	0.5	92362	274	92225	3122897	33.81
1960-1964	39	0.00333	0.00333	0.5	92088	306	91935	3030672	32.91
1960-1964	40	0.00357	0.00356	0.5	91781	327	91618	2938737	32.02
1960-1964	41	0.00378	0.00378	0.5	91455	345	91282	2847119	31.13
1960-1964	42	0.00431	0.00430	0.5	91109	392	90913	2755838	30.25
1960-1964	43	0.00464	0.00463	0.5	90718	420	90507	2664924	29.38
1960-1964	44	0.00540	0.00538	0.5	90297	486	90054	2574417	28.51
1960-1964	45	0.00576	0.00574	0.5	89811	516	89553	2484362	27.66
1960-1964	46	0.00634	0.00632	0.5	89295	565	89013	2394809	26.82
1960-1964	47	0.00697	0.00694	0.5	88731	616	88423	2305796	25.99
1960-1964	48	0.00762	0.00759	0.5	88115	669	87780	2217373	25.16
1960-1964	49	0.00860	0.00857	0.5	87446	749	87071	2129593	24.35
1960-1964	50	0.00930	0.00926	0.5	86697	803	86295	2042522	23.56
1960-1964	51	0.01045	0.01040	0.5	85894	893	85447	1956227	22.77
1960-1964	52	0.01138	0.01132	0.5	85001	962	84520	1870779	22.01
1960-1964	53	0.01240	0.01232	0.5	84038	1036	83521	1786260	21.26
1960-1964	54	0.01360	0.01351	0.5	83003	1121	82442	1702739	20.51
1960-1964	55	0.01479	0.01468	0.5	81882	1202	81280	1620297	19.79
1960-1964	56	0.01606	0.01594	0.5	80679	1286	80036	1539017	19.08
1960-1964	57	0.01774	0.01759	0.5	79393	1396	78695	1458981	18.38
1960-1964	58	0.01904	0.01886	0.5	77997	1471	77261	1380286	17.70
1960-1964	59	0.02044	0.02024	0.5	76526	1549	75751	1303024	17.03
1960-1964	60	0.02224	0.02199	0.5	74977	1649	74153	1227273	16.37
1960-1964	61	0.02362	0.02334	0.5	73328	1712	72472	1153120	15.73
1960-1964	62	0.02639	0.02604	0.5	71617	1865	70684	1080648	15.09
1960-1964	63	0.02829	0.02790	0.5	69751	1946	68778	1009964	14.48
1960-1964	64	0.03117	0.03070	0.5	67805	2081	66765	941186	13.88
1960-1964	65	0.03456	0.03397	0.5	65724	2233	64608	874421	13.30
1960-1964	66	0.03652	0.03587	0.5	63491	2277	62352	809814	12.75
1960-1964	67	0.03938	0.03862	0.5	61214	2364	60032	747461	12.21
1960-1964	68	0.04176	0.04090	0.5	58850	2407	57646	687429	11.68
1960-1964	69	0.04477	0.04379	0.5	56442	2471	55207	629783	11.16
1960-1964	70	0.04848	0.04733	0.5	53971	2554	52694	574577	10.65
1960-1964	71	0.05091	0.04965	0.5	51417	2553	50140	521883	10.15
1960-1964	72	0.05642	0.05487	0.5	48864	2681	47523	471743	9.65
1960-1964	73	0.06071	0.05892	0.5	46182	2721	44822	424220	9.19
1960-1964	74	0.06657	0.06443	0.5	43461	2800	42061	379398	8.73
1960-1964	75	0.07141	0.06894	0.5	40661	2803	39259	337337	8.30
1960-1964	76	0.07511	0.07239	0.5	37858	2741	36488	298077	7.87
1960-1964	77	0.08130	0.07813	0.5	35117	2744	33745	261590	7.45
1960-1964	78	0.08658	0.08299	0.5	32374	2687	31030	227844	7.04
1960-1964	79	0.09617	0.09176	0.5	29687	2724	28325	196814	6.63
1960-1964	80	0.10639	0.10102	0.5	26963	2724	25601	168489	6.25
1960-1964	81	0.11302	0.10697	0.5	24239	2593	22943	142888	5.89
1960-1964	82	0.12548	0.11807	0.5	21646	2556	20368	119945	5.54
1960-1964	83	0.13712	0.12832	0.5	19090	2450	17865	99577	5.22
1960-1964	84	0.15014	0.13966	0.5	16641	2324	15479	81711	4.91
1960-1964	85	0.16226	0.15008	0.5	14317	2149	13242	66233	4.63
1960-1964	86	0.17627	0.16200	0.5	12168	1971	11182	52991	4.35
1960-1964	87	0.19405	0.17689	0.5	10197	1804	9295	41808	4.10
1960-1964	88	0.20785	0.18829	0.5	8393	1580	7603	32513	3.87
1960-1964	89	0.22551	0.20266	0.5	6813	1381	6122	24910	3.66
1960-1964	90	0.24666	0.21958	0.5	5432	1193	4836	18788	3.46
1960-1964	91	0.25015	0.22234	0.5	4239	943	3768	13952	3.29
1960-1964	92	0.27846	0.24443	0.5	3297	806	2894	10184	3.09
1960-1964	93	0.29880	0.25996	0.5	2491	648	2167	7290	2.93
1960-1964	94	0.31093	0.26910	0.5	1843	496	1595	5123	2.78
1960-1964	95	0.33937	0.29014	0.5	1347	391	1152	3528	2.62
1960-1964	96	0.36162	0.30625	0.5	956	293	810	2376	2.48
1960-1964	97	0.38448	0.32248	0.5	664	214	557	1566	2.36
1960-1964	98	0.40786	0.33877	0.5	450	152	373	1009	2.25
1960-1964	99	0.43167	0.35504	0.5	297	106	244	636	2.14
1960-1964	100	0.45579	0.37120	0.5	192	71	156	391	2.04
1960-1964	101	0.48013	0.38718	0.5	121	47	97	235	1.95
1960-1964	102	0.50456	0.40291	0.5	74	30	59	138	1.87
1960-1964	103	0.52897	0.41833	0.5	44	18	35	79	1.79
1960-1964	104	0.55324	0.43336	0.5	26	11	20	44	1.72
1960-1964	105	0.57726	0.44796	0.5	15	7	11	24	1.66
1960-1964	106	0.60092	0.46208	0.5	8	4	6	13	1.60
1960-1964	107	0.62412	0.47568	0.5	4	2	3	7	1.55
1960-1964	108	0.64676	0.48872	0.5	2	1	2	3	1.51
1960-1964	109	0.66876	0.50118	0.5	1	1	1	2	1.47
1960-1964	110+	0.69005	1.00000	1.45	1	1	1	1	1.45
1965-1969	0	0.02391	0.02341	0.11	100000	2341	97914	6780361	67.80
1965-1969	1	0.00158	0.00157	0.5	97659	154	97582	6682446	68.43
1965-1969	2	0.00107	0.00107	0.5	97505	105	97453	6584865	67.53
1965-1969	3	0.00082	0.00082	0.5	97400	80	97360	6487412	66.61
1965-1969	4	0.00066	0.00066	0.5	97320	64	97288	6390052	65.66
1965-1969	5	0.00059	0.00059	0.5	97256	58	97228	6292763	64.70
1965-1969	6	0.00051	0.00051	0.5	97199	49	97174	6195536	63.74
1965-1969	7	0.00047	0.00047	0.5	97149	46	97127	6098362	62.77
1965-1969	8	0.00044	0.00044	0.5	97104	43	97082	6001235	61.80
1965-1969	9	0.00041	0.00041	0.5	97061	40	97041	5904153	60.83
1965-1969	10	0.00038	0.00038	0.5	97021	37	97002	5807112	59.85
1965-1969	11	0.00040	0.00040	0.5	96984	39	96964	5710110	58.88
1965-1969	12	0.00045	0.00045	0.5	96945	44	96923	5613146	57.90
1965-1969	13	0.00054	0.00054	0.5	96901	52	96875	5516223	56.93
1965-1969	14	0.00069	0.00069	0.5	96848	67	96815	5419349	55.96
1965-1969	15	0.00090	0.00090	0.5	96781	87	96738	5322534	55.00
1965-1969	16	0.00128	0.00128	0.5	96694	124	96632	5225796	54.04
1965-1969	17	0.00152	0.00152	0.5	96571	147	96497	5129164	53.11
1965-1969	18	0.00186	0.00185	0.5	96424	179	96334	5032666	52.19
1965-1969	19	0.00193	0.00193	0.5	96245	186	96152	4936332	51.29
1965-1969	20	0.00197	0.00197	0.5	96059	189	95964	4840180	50.39
1965-1969	21	0.00210	0.00209	0.5	95870	201	95769	4744215	49.49
1965-1969	22	0.00211	0.00211	0.5	95669	202	95568	4648446	48.59
1965-1969	23	0.00203	0.00203	0.5	95467	194	95370	4552878	47.69
1965-1969	24	0.00192	0.00192	0.5	95273	183	95182	4457508	46.79
1965-1969	25	0.00197	0.00197	0.5	95090	188	94996	4362326	45.88
1965-1969	26	0.00183	0.00183	0.5	94902	174	94815	4267330	44.97
1965-1969	27	0.00186	0.00186	0.5	94729	176	94640	4172515	44.05
1965-1969	28	0.00193	0.00193	0.5	94552	183	94461	4077874	43.13
1965-1969	29	0.00194	0.00193	0.5	94370	183	94278	3983413	42.21
1965-1969	30	0.00197	0.00197	0.5	94187	186	94094	3889135	41.29
1965-1969	31	0.00197	0.00197	0.5	94001	185	93909	3795041	40.37
1965-1969	32	0.00208	0.00207	0.5	93816	195	93719	3701132	39.45
1965-1969	33	0.00223	0.00223	0.5	93621	209	93517	3607414	38.53
1965-1969	34	0.00226	0.00226	0.5	93412	211	93307	3513897	37.62
1965-1969	35	0.00243	0.00243	0.5	93201	226	93088	3420590	36.70
1965-1969	36	0.00256	0.00256	0.5	92975	238	92856	3327502	35.79
1965-1969	37	0.00272	0.00272	0.5	92737	252	92611	3234647	34.88
1965-1969	38	0.00308	0.00308	0.5	92485	285	92343	3142036	33.97
1965-1969	39	0.00326	0.00325	0.5	92200	300	92050	3049693	33.08
1965-1969	40	0.00357	0.00356	0.5	91901	328	91737	2957643	32.18
1965-1969	41	0.00392	0.00391	0.5	91573	358	91394	2865906	31.30
1965-1969	42	0.00441	0.00440	0.5	91215	401	91014	2774512	30.42
1965-1969	43	0.00475	0.00474	0.5	90814	430	90599	2683498	29.55
1965-1969	44	0.00519	0.00518	0.5	90383	468	90149	2592899	28.69
1965-1969	45	0.00560	0.00558	0.5	89915	502	89665	2502750	27.83
1965-1969	46	0.00600	0.00598	0.5	89414	535	89146	2413085	26.99
1965-1969	47	0.00681	0.00679	0.5	88879	604	88577	2323939	26.15
1965-1969	48	0.00730	0.00728	0.5	88276	642	87954	2235361	25.32
1965-1969	49	0.00819	0.00816	0.5	87633	715	87276	2147407	24.50
1965-1969	50	0.00905	0.00901	0.5	86918	783	86527	2060131	23.70
1965-1969	51	0.00993	0.00988	0.5	86135	851	85710	1973605	22.91
1965-1969	52	0.01087	0.01081	0.5	85284	922	84823	1887895	22.14
1965-1969	53	0.01209	0.01202	0.5	84362	1014	83855	1803072	21.37
1965-1969	54	0.01310	0.01301	0.5	83348	1084	82806	1719217	20.63
1965-1969	55	0.01440	0.01429	0.5	82264	1176	81676	1636411	19.89
1965-1969	56	0.01566	0.01554	0.5	81088	1260	80458	1554735	19.17
1965-1969	57	0.01700	0.01685	0.5	79828	1345	79155	1474278	18.47
1965-1969	58	0.01892	0.01874	0.5	78482	1471	77747	1395123	17.78
1965-1969	59	0.02050	0.02029	0.5	77011	1563	76230	1317376	17.11
1965-1969	60	0.02213	0.02188	0.5	75449	1651	74623	1241146	16.45
1965-1969	61	0.02412	0.02384	0.5	73798	1759	72918	1166523	15.81
1965-1969	62	0.02665	0.02630	0.5	72038	1894	71091	1093605	15.18
1965-1969	63	0.02821	0.02782	0.5	70144	1951	69168	1022514	14.58
1965-1969	64	0.03030	0.02985	0.5	68193	2036	67175	953345	13.98
1965-1969	65	0.03328	0.03274	0.5	66157	2166	65074	886170	13.39
1965-1969	66	0.03496	0.03436	0.5	63992	2198	62892	821096	12.83
1965-1969	67	0.03837	0.03765	0.5	61793	2326	60630	758204	12.27
1965-1969	68	0.04162	0.04077	0.5	59467	2425	58254	697574	11.73
1965-1969	69	0.04430	0.04334	0.5	57042	2472	55806	639319	11.21
1965-1969	70	0.04888	0.04771	0.5	54570	2604	53268	583513	10.69
1965-1969	71	0.05206	0.05074	0.5	51966	2637	50648	530245	10.20
1965-1969	72	0.05740	0.05579	0.5	49330	2752	47954	479597	9.72
1965-1969	73	0.06030	0.05853	0.5	46578	2726	45214	431643	9.27
1965-1969	74	0.06558	0.06350	0.5	43851	2784	42459	386429	8.81
1965-1969	75	0.07075	0.06833	0.5	41067	2806	39664	343970	8.38
1965-1969	76	0.07591	0.07314	0.5	38260	2798	36861	304306	7.95
1965-1969	77	0.08204	0.07881	0.5	35462	2795	34065	267445	7.54
1965-1969	78	0.08688	0.08327	0.5	32667	2720	31307	233380	7.14
1965-1969	79	0.09430	0.09005	0.5	29947	2697	28599	202073	6.75
1965-1969	80	0.10441	0.09923	0.5	27250	2704	25898	173474	6.37
1965-1969	81	0.10882	0.10320	0.5	24546	2533	23280	147576	6.01
1965-1969	82	0.12237	0.11532	0.5	22013	2538	20744	124296	5.65
1965-1969	83	0.13540	0.12681	0.5	19475	2470	18240	103552	5.32
1965-1969	84	0.14577	0.13587	0.5	17005	2310	15850	85313	5.02
1965-1969	85	0.15769	0.14617	0.5	14694	2148	13620	69463	4.73
1965-1969	86	0.17116	0.15767	0.5	12547	1978	11557	55842	4.45
1965-1969	87	0.18891	0.17260	0.5	10568	1824	9656	44285	4.19
1965-1969	88	0.19766	0.17988	0.5	8744	1573	7958	34629	3.96
1965-1969	89	0.21832	0.19684	0.5	7171	1412	6465	26671	3.72
1965-1969	90	0.23942	0.21382	0.5	5760	1232	5144	20205	3.51
1965-1969	91	0.24982	0.22208	0.5	4528	1006	4025	15062	3.33
1965-1969	92	0.27389	0.24090	0.5	3523	849	3098	11036	3.13
1965-1969	93	0.29546	0.25743	0.5	2674	688	2330	7938	2.97
1965-1969	94	0.31359	0.27109	0.5	1986	538	1716	5608	2.82
1965-1969	95	0.32910	0.28260	0.5	1447	409	1243	3892	2.69
1965-1969	96	0.35073	0.29840	0.5	1038	310	883	2649	2.55
1965-1969	97	0.37299	0.31436	0.5	728	229	614	1765	2.42
1965-1969	98	0.39580	0.33041	0.5	499	165	417	1151	2.31
1965-1969	99	0.41908	0.34648	0.5	334	116	277	735	2.20
1965-1969	100	0.44272	0.36248	0.5	219	79	179	458	2.10
1965-1969	101	0.46662	0.37835	0.5	139	53	113	279	2.00
1965-1969	102	0.49068	0.39401	0.5	87	34	70	166	1.92
1965-1969	103	0.51478	0.40941	0.5	52	21	42	97	1.84
1965-1969	104	0.53882	0.42446	0.5	31	13	24	55	1.77
1965-1969	105	0.56267	0.43913	0.5	18	8	14	30	1.70
1965-1969	106	0.58624	0.45335	0.5	10	5	8	16	1.64
1965-1969	107	0.60942	0.46709	0.5	5	3	4	9	1.59
1965-1969	108	0.63211	0.48031	0.5	3	1	2	4	1.54
1965-1969	109	0.65424	0.49298	0.5	2	1	1	2	1.50
1965-1969	110+	0.67572	1.00000	1.48	1	1	1	1	1.48
1970-1974	0	0.01894	0.01862	0.1	100000	1862	98316	6870805	68.71
1970-1974	1	0.00132	0.00132	0.5	98138	129	98073	6772489	69.01
1970-1974	2	0.00098	0.00098	0.5	98008	96	97960	6674416	68.10
1970-1974	3	0.00081	0.00081	0.5	97912	79	97872	6576455	67.17
1970-1974	4	0.00064	0.00064	0.5	97833	63	97801	6478583	66.22
1970-1974	5	0.00055	0.00055	0.5	97770	54	97743	6380782	65.26
1970-1974	6	0.00051	0.00051	0.5	97716	50	97691	6283038	64.30
1970-1974	7	0.00047	0.00047	0.5	97667	46	97644	6185347	63.33
1970-1974	8	0.00041	0.00041	0.5	97621	40	97601	6087703	62.36
1970-1974	9	0.00040	0.00040	0.5	97580	39	97561	5990103	61.39
1970-1974	10	0.00040	0.00040	0.5	97542	39	97522	5892542	60.41
1970-1974	11	0.00040	0.00040	0.5	97502	39	97483	5795020	59.43
1970-1974	12	0.00043	0.00043	0.5	97464	42	97443	5697537	58.46
1970-1974	13	0.00050	0.00050	0.5	97422	49	97397	5600094	57.48
1970-1974	14	0.00068	0.00068	0.5	97373	66	97339	5502697	56.51
1970-1974	15	0.00095	0.00095	0.5	97306	92	97260	5405357	55.55
1970-1974	16	0.00131	0.00131	0.5	97214	127	97150	5308097	54.60
1970-1974	17	0.00169	0.00169	0.5	97087	164	97005	5210947	53.67
1970-1974	18	0.00202	0.00202	0.5	96923	196	96825	5113942	52.76
1970-1974	19	0.00227	0.00226	0.5	96727	219	96618	5017117	51.87
1970-1974	20	0.00224	0.00224	0.5	96508	216	96400	4920499	50.99
1970-1974	21	0.00227	0.00227	0.5	96292	219	96183	4824098	50.10
1970-1974	22	0.00231	0.00231	0.5	96074	222	95963	4727915	49.21
1970-1974	23	0.00219	0.00219	0.5	95852	210	95747	4631953	48.32
1970-1974	24	0.00203	0.00202	0.5	95642	194	95545	4536205	47.43
1970-1974	25	0.00207	0.00206	0.5	95449	197	95350	4440660	46.52
1970-1974	26	0.00195	0.00195	0.5	95252	186	95159	4345310	45.62
1970-1974	27	0.00189	0.00189	0.5	95066	180	94976	4250151	44.71
1970-1974	28	0.00195	0.00195	0.5	94886	185	94794	4155175	43.79
1970-1974	29	0.00202	0.00202	0.5	94701	192	94605	4060382	42.88
1970-1974	30	0.00200	0.00200	0.5	94509	189	94415	3965777	41.96
1970-1974	31	0.00203	0.00203	0.5	94320	192	94224	3871362	41.04
1970-1974	32	0.00206	0.00206	0.5	94128	194	94032	3777138	40.13
1970-1974	33	0.00210	0.00210	0.5	93935	197	93836	3683106	39.21
1970-1974	34	0.00220	0.00220	0.5	93737	206	93634	3589270	38.29
1970-1974	35	0.00232	0.00232	0.5	93531	217	93423	3495636	37.37
1970-1974	36	0.00251	0.00251	0.5	93314	234	93198	3402213	36.46
1970-1974	37	0.00276	0.00275	0.5	93081	256	92952	3309015	35.55
1970-1974	38	0.00288	0.00287	0.5	92824	267	92691	3216063	34.65
1970-1974	39	0.00321	0.00321	0.5	92558	297	92409	3123372	33.75
1970-1974	40	0.00345	0.00345	0.5	92261	318	92102	3030963	32.85
1970-1974	41	0.00359	0.00358	0.5	91943	329	91778	2938861	31.96
1970-1974	42	0.00412	0.00411	0.5	91613	377	91425	2847083	31.08
1970-1974	43	0.00442	0.00441	0.5	91237	402	91036	2755658	30.20
1970-1974	44	0.00486	0.00485	0.5	90835	441	90614	2664622	29.33
1970-1974	45	0.00535	0.00534	0.5	90394	482	90153	2574008	28.48
1970-1974	46	0.00585	0.00584	0.5	89912	525	89649	2483855	27.63
1970-1974	47	0.00628	0.00626	0.5	89387	560	89107	2394206	26.78
1970-1974	48	0.00718	0.00715	0.5	88827	635	88509	2305099	25.95
1970-1974	49	0.00755	0.00752	0.5	88192	663	87860	2216590	25.13
1970-1974	50	0.00832	0.00828	0.5	87528	725	87166	2128730	24.32
1970-1974	51	0.00917	0.00913	0.5	86803	792	86407	2041564	23.52
1970-1974	52	0.00967	0.00963	0.5	86011	828	85597	1955157	22.73
1970-1974	53	0.01066	0.01061	0.5	85183	904	84731	1869560	21.95
1970-1974	54	0.01210	0.01203	0.5	84279	1014	83773	1784828	21.18
1970-1974	55	0.01318	0.01309	0.5	83266	1090	82721	1701056	20.43
1970-1974	56	0.01442	0.01432	0.5	82176	1177	81587	1618335	19.69
1970-1974	57	0.01593	0.01581	0.5	80999	1280	80359	1536748	18.97
1970-1974	58	0.01708	0.01693	0.5	79718	1350	79043	1456389	18.27
1970-1974	59	0.01843	0.01826	0.5	78368	1431	77653	1377346	17.58
1970-1974	60	0.02078	0.02057	0.5	76938	1582	76146	1299693	16.89
1970-1974	61	0.02217	0.02193	0.5	75355	1652	74529	1223546	16.24
1970-1974	62	0.02449	0.02420	0.5	73703	1783	72811	1149017	15.59
1970-1974	63	0.02680	0.02645	0.5	71920	1902	70969	1076206	14.96
1970-1974	64	0.02853	0.02813	0.5	70018	1970	69033	1005237	14.36
1970-1974	65	0.03085	0.03038	0.5	68048	2067	67014	936204	13.76
1970-1974	66	0.03284	0.03231	0.5	65981	2132	64915	869190	13.17
1970-1974	67	0.03616	0.03552	0.5	63849	2268	62715	804275	12.60
1970-1974	68	0.03812	0.03741	0.5	61581	2304	60430	741559	12.04
1970-1974	69	0.04214	0.04127	0.5	59278	2447	58054	681130	11.49
1970-1974	70	0.04557	0.04456	0.5	56831	2532	55565	623075	10.96
1970-1974	71	0.04926	0.04807	0.5	54299	2610	52994	567510	10.45
1970-1974	72	0.05348	0.05209	0.5	51689	2693	50342	514517	9.95
1970-1974	73	0.05717	0.05558	0.5	48996	2723	47634	464175	9.47
1970-1974	74	0.06235	0.06047	0.5	46273	2798	44874	416540	9.00
1970-1974	75	0.07008	0.06771	0.5	43475	2944	42003	371666	8.55
1970-1974	76	0.07479	0.07210	0.5	40531	2922	39070	329663	8.13
1970-1974	77	0.08070	0.07757	0.5	37609	2917	36150	290593	7.73
1970-1974	78	0.08688	0.08326	0.5	34692	2889	33247	254443	7.33
1970-1974	79	0.09430	0.09005	0.5	31803	2864	30371	221196	6.96
1970-1974	80	0.09955	0.09483	0.5	28939	2744	27567	190825	6.59
1970-1974	81	0.10715	0.10170	0.5	26195	2664	24863	163258	6.23
1970-1974	82	0.11595	0.10960	0.5	23531	2579	22241	138395	5.88
1970-1974	83	0.12622	0.11873	0.5	20952	2488	19708	116154	5.54
1970-1974	84	0.13769	0.12882	0.5	18464	2379	17275	96446	5.22
1970-1974	85	0.15052	0.13998	0.5	16086	2252	14960	79171	4.92
1970-1974	86	0.16311	0.15081	0.5	13834	2086	12791	64211	4.64
1970-1974	87	0.17859	0.16395	0.5	11748	1926	10785	51420	4.38
1970-1974	88	0.18804	0.17188	0.5	9822	1688	8978	40636	4.14
1970-1974	89	0.20641	0.18710	0.5	8134	1522	7373	31658	3.89
1970-1974	90	0.22020	0.19836	0.5	6612	1311	5956	24285	3.67
1970-1974	91	0.23750	0.21229	0.5	5300	1125	4738	18329	3.46
1970-1974	92	0.25981	0.22994	0.5	4175	960	3695	13592	3.26
1970-1974	93	0.28265	0.24765	0.5	3215	796	2817	9897	3.08
1970-1974	94	0.30302	0.26315	0.5	2419	637	2101	7080	2.93
1970-1974	95	0.31447	0.27175	0.5	1782	484	1540	4979	2.79
1970-1974	96	0.33542	0.28725	0.5	1298	373	1112	3439	2.65
1970-1974	97	0.35704	0.30296	0.5	925	280	785	2327	2.52
1970-1974	98	0.37925	0.31880	0.5	645	206	542	1542	2.39
1970-1974	99	0.40199	0.33471	0.5	439	147	366	1000	2.28
1970-1974	100	0.42515	0.35062	0.5	292	102	241	634	2.17
1970-1974	101	0.44864	0.36644	0.5	190	70	155	393	2.07
1970-1974	102	0.47237	0.38212	0.5	120	46	97	238	1.98
1970-1974	103	0.49622	0.39758	0.5	74	30	60	141	1.90
1970-1974	104	0.52009	0.41275	0.5	45	18	36	82	1.82
1970-1974	105	0.54387	0.42759	0.5	26	11	21	46	1.75
1970-1974	106	0.56745	0.44203	0.5	15	7	12	25	1.69
1970-1974	107	0.59073	0.45603	0.5	8	4	6	14	1.63
1970-1974	108	0.61360	0.46955	0.5	5	2	3	7	1.58
1970-1974	109	0.63599	0.48254	0.5	2	1	2	4	1.55
1970-1974	110+	0.65780	1.00000	1.52	1	1	2	2	1.52
1975-1979	0	0.01473	0.01453	0.08	100000	1453	98669	7048829	70.49
1975-1979	1	0.00121	0.00121	0.5	98547	119	98487	6950159	70.53
1975-1979	2	0.00084	0.00084	0.5	98428	83	98386	6851672	69.61
1975-1979	3	0.00067	0.00067	0.5	98345	66	98312	6753286	68.67
1975-1979	4	0.00052	0.00052	0.5	98279	51	98254	6654974	67.71
1975-1979	5	0.00047	0.00047	0.5	98229	46	98206	6556720	66.75
1975-1979	6	0.00043	0.00043	0.5	98183	43	98161	6458514	65.78
1975-1979	7	0.00036	0.00036	0.5	98140	35	98122	6360353	64.81
1975-1979	8	0.00034	0.00034	0.5	98105	33	98088	6262231	63.83
1975-1979	9	0.00032	0.00032	0.5	98071	32	98056	6164143	62.85
1975-1979	10	0.00033	0.00033	0.5	98040	33	98023	6066087	61.87
1975-1979	11	0.00033	0.00033	0.5	98007	33	97991	5968064	60.89
1975-1979	12	0.00037	0.00037	0.5	97974	37	97956	5870073	59.91
1975-1979	13	0.00047	0.00047	0.5	97938	46	97915	5772117	58.94
1975-1979	14	0.00057	0.00057	0.5	97892	56	97864	5674202	57.96
1975-1979	15	0.00080	0.00080	0.5	97836	78	97797	5576338	57.00
1975-1979	16	0.00121	0.00121	0.5	97758	118	97699	5478541	56.04
1975-1979	17	0.00155	0.00155	0.5	97640	151	97564	5380842	55.11
1975-1979	18	0.00191	0.00191	0.5	97489	186	97396	5283278	54.19
1975-1979	19	0.00216	0.00215	0.5	97303	210	97198	5185882	53.30
1975-1979	20	0.00211	0.00211	0.5	97093	205	96991	5088684	52.41
1975-1979	21	0.00217	0.00217	0.5	96888	210	96783	4991693	51.52
1975-1979	22	0.00221	0.00221	0.5	96678	213	96571	4894910	50.63
1975-1979	23	0.00213	0.00213	0.5	96465	206	96362	4798338	49.74
1975-1979	24	0.00214	0.00213	0.5	96259	205	96156	4701976	48.85
1975-1979	25	0.00207	0.00207	0.5	96054	199	95954	4605820	47.95
1975-1979	26	0.00201	0.00201	0.5	95855	192	95759	4509866	47.05
1975-1979	27	0.00202	0.00202	0.5	95663	193	95566	4414107	46.14
1975-1979	28	0.00201	0.00201	0.5	95469	192	95373	4318541	45.23
1975-1979	29	0.00193	0.00193	0.5	95277	184	95185	4223167	44.32
1975-1979	30	0.00189	0.00189	0.5	95094	180	95004	4127982	43.41
1975-1979	31	0.00185	0.00185	0.5	94914	176	94826	4032978	42.49
1975-1979	32	0.00189	0.00189	0.5	94738	179	94649	3938152	41.57
1975-1979	33	0.00196	0.00196	0.5	94559	185	94467	3843503	40.65
1975-1979	34	0.00203	0.00202	0.5	94374	191	94279	3749036	39.73
1975-1979	35	0.00217	0.00217	0.5	94183	205	94081	3654757	38.80
1975-1979	36	0.00237	0.00236	0.5	93979	222	93868	3560676	37.89
1975-1979	37	0.00233	0.00233	0.5	93757	219	93647	3466809	36.98
1975-1979	38	0.00253	0.00252	0.5	93538	236	93420	3373161	36.06
1975-1979	39	0.00269	0.00269	0.5	93302	251	93177	3279741	35.15
1975-1979	40	0.00290	0.00289	0.5	93051	269	92917	3186565	34.25
1975-1979	41	0.00315	0.00315	0.5	92782	292	92636	3093648	33.34
1975-1979	42	0.00357	0.00356	0.5	92490	330	92325	3001012	32.45
1975-1979	43	0.00378	0.00377	0.5	92160	347	91987	2908687	31.56
1975-1979	44	0.00393	0.00393	0.5	91813	360	91633	2816700	30.68
1975-1979	45	0.00447	0.00446	0.5	91453	408	91248	2725067	29.80
1975-1979	46	0.00498	0.00497	0.5	91044	452	90818	2633819	28.93
1975-1979	47	0.00544	0.00542	0.5	90592	491	90347	2543001	28.07
1975-1979	48	0.00595	0.00593	0.5	90101	534	89834	2452654	27.22
1975-1979	49	0.00664	0.00662	0.5	89567	593	89270	2362820	26.38
1975-1979	50	0.00726	0.00724	0.5	88973	644	88651	2273550	25.55
1975-1979	51	0.00803	0.00800	0.5	88329	707	87976	2184899	24.74
1975-1979	52	0.00860	0.00856	0.5	87623	750	87248	2096923	23.93
1975-1979	53	0.00944	0.00940	0.5	86873	816	86464	2009675	23.13
1975-1979	54	0.01026	0.01021	0.5	86056	878	85617	1923210	22.35
1975-1979	55	0.01135	0.01128	0.5	85178	961	84697	1837593	21.57
1975-1979	56	0.01201	0.01194	0.5	84217	1005	83714	1752896	20.81
1975-1979	57	0.01333	0.01324	0.5	83212	1102	82661	1669182	20.06
1975-1979	58	0.01473	0.01463	0.5	82110	1201	81509	1586521	19.32
1975-1979	59	0.01581	0.01568	0.5	80909	1269	80275	1505012	18.60
1975-1979	60	0.01745	0.01730	0.5	79640	1378	78951	1424737	17.89
1975-1979	61	0.01919	0.01900	0.5	78262	1487	77518	1345786	17.20
1975-1979	62	0.02095	0.02073	0.5	76775	1591	75979	1268268	16.52
1975-1979	63	0.02306	0.02280	0.5	75183	1714	74326	1192289	15.86
1975-1979	64	0.02504	0.02473	0.5	73469	1817	72561	1117962	15.22
1975-1979	65	0.02699	0.02663	0.5	71652	1908	70698	1045401	14.59
1975-1979	66	0.02879	0.02838	0.5	69744	1979	68754	974703	13.98
1975-1979	67	0.03189	0.03139	0.5	67765	2127	66701	905949	13.37
1975-1979	68	0.03392	0.03335	0.5	65637	2189	64543	839248	12.79
1975-1979	69	0.03727	0.03658	0.5	63448	2321	62288	774705	12.21
1975-1979	70	0.04018	0.03939	0.5	61127	2408	59923	712417	11.65
1975-1979	71	0.04373	0.04280	0.5	58719	2513	57463	652494	11.11
1975-1979	72	0.04769	0.04658	0.5	56206	2618	54897	595032	10.59
1975-1979	73	0.05157	0.05028	0.5	53588	2694	52241	540134	10.08
1975-1979	74	0.05557	0.05406	0.5	50894	2752	49518	487893	9.59
1975-1979	75	0.06122	0.05940	0.5	48142	2860	46712	438375	9.11
1975-1979	76	0.06540	0.06333	0.5	45283	2868	43849	391663	8.65
1975-1979	77	0.07165	0.06917	0.5	42415	2934	40948	347814	8.20
1975-1979	78	0.07788	0.07496	0.5	39481	2960	38001	306866	7.77
1975-1979	79	0.08345	0.08011	0.5	36521	2926	35059	268865	7.36
1975-1979	80	0.09050	0.08659	0.5	33596	2909	32141	233806	6.96
1975-1979	81	0.09772	0.09316	0.5	30687	2859	29258	201665	6.57
1975-1979	82	0.10759	0.10210	0.5	27828	2841	26407	172407	6.20
1975-1979	83	0.11883	0.11217	0.5	24987	2803	23586	146000	5.84
1975-1979	84	0.12763	0.11997	0.5	22184	2661	20853	122414	5.52
1975-1979	85	0.13716	0.12836	0.5	19523	2506	18270	101561	5.20
1975-1979	86	0.15268	0.14185	0.5	17017	2414	15810	83291	4.89
1975-1979	87	0.16148	0.14942	0.5	14603	2182	13512	67481	4.62
1975-1979	88	0.17706	0.16266	0.5	12421	2020	11411	53969	4.34
1975-1979	89	0.19249	0.17559	0.5	10401	1826	9488	42558	4.09
1975-1979	90	0.20839	0.18873	0.5	8574	1618	7765	33071	3.86
1975-1979	91	0.22338	0.20094	0.5	6956	1398	6257	25305	3.64
1975-1979	92	0.24697	0.21982	0.5	5558	1222	4947	19048	3.43
1975-1979	93	0.25922	0.22947	0.5	4337	995	3839	14101	3.25
1975-1979	94	0.28274	0.24772	0.5	3341	828	2928	10262	3.07
1975-1979	95	0.29767	0.25911	0.5	2514	651	2188	7334	2.92
1975-1979	96	0.31826	0.27457	0.5	1862	511	1607	5146	2.76
1975-1979	97	0.33959	0.29030	0.5	1351	392	1155	3539	2.62
1975-1979	98	0.36158	0.30622	0.5	959	294	812	2384	2.49
1975-1979	99	0.38417	0.32227	0.5	665	214	558	1572	2.36
1975-1979	100	0.40728	0.33837	0.5	451	153	375	1014	2.25
1975-1979	101	0.43080	0.35445	0.5	298	106	245	640	2.15
1975-1979	102	0.45464	0.37043	0.5	193	71	157	394	2.05
1975-1979	103	0.47869	0.38624	0.5	121	47	98	238	1.96
1975-1979	104	0.50283	0.40181	0.5	74	30	59	140	1.88
1975-1979	105	0.52697	0.41707	0.5	45	19	35	80	1.80
1975-1979	106	0.55097	0.43197	0.5	26	11	20	45	1.74
1975-1979	107	0.57475	0.44645	0.5	15	7	11	25	1.67
1975-1979	108	0.59818	0.46046	0.5	8	4	6	13	1.62
1975-1979	109	0.62117	0.47397	0.5	4	2	3	7	1.58
1975-1979	110+	0.64363	1.00000	1.55	2	2	4	4	1.55
1980-1984	0	0.01155	0.01142	0.08	100000	1142	98944	7175985	71.76
1980-1984	1	0.00100	0.00100	0.5	98858	99	98808	7077040	71.59
1980-1984	2	0.00072	0.00072	0.5	98759	71	98723	6978232	70.66
1980-1984	3	0.00052	0.00052	0.5	98687	51	98662	6879509	69.71
1980-1984	4	0.00043	0.00043	0.5	98636	43	98615	6780847	68.75
1980-1984	5	0.00039	0.00039	0.5	98594	38	98575	6682233	67.78
1980-1984	6	0.00035	0.00035	0.5	98556	35	98538	6583658	66.80
1980-1984	7	0.00031	0.00031	0.5	98521	31	98505	6485120	65.82
1980-1984	8	0.00034	0.00034	0.5	98490	33	98473	6386614	64.85
1980-1984	9	0.00029	0.00029	0.5	98457	29	98442	6288141	63.87
1980-1984	10	0.00027	0.00027	0.5	98428	27	98415	6189699	62.89
1980-1984	11	0.00030	0.00030	0.5	98401	30	98386	6091284	61.90
1980-1984	12	0.00034	0.00034	0.5	98371	33	98355	5992898	60.92
1980-1984	13	0.00038	0.00038	0.5	98338	38	98319	5894543	59.94
1980-1984	14	0.00052	0.00052	0.5	98301	52	98275	5796223	58.96
1980-1984	15	0.00069	0.00069	0.5	98249	68	98215	5697949	57.99
1980-1984	16	0.00105	0.00105	0.5	98181	103	98130	5599734	57.03
1980-1984	17	0.00131	0.00131	0.5	98078	129	98014	5501604	56.09
1980-1984	18	0.00172	0.00172	0.5	97950	168	97866	5403590	55.17
1980-1984	19	0.00179	0.00178	0.5	97782	175	97694	5305725	54.26
1980-1984	20	0.00176	0.00176	0.5	97607	172	97521	5208030	53.36
1980-1984	21	0.00192	0.00192	0.5	97435	187	97342	5110509	52.45
1980-1984	22	0.00190	0.00190	0.5	97248	184	97156	5013167	51.55
1980-1984	23	0.00187	0.00186	0.5	97064	181	96973	4916012	50.65
1980-1984	24	0.00181	0.00180	0.5	96883	175	96795	4819038	49.74
1980-1984	25	0.00181	0.00181	0.5	96708	175	96620	4722243	48.83
1980-1984	26	0.00178	0.00178	0.5	96533	171	96447	4625623	47.92
1980-1984	27	0.00178	0.00177	0.5	96361	171	96276	4529176	47.00
1980-1984	28	0.00180	0.00179	0.5	96190	173	96104	4432900	46.08
1980-1984	29	0.00173	0.00172	0.5	96018	166	95935	4336796	45.17
1980-1984	30	0.00177	0.00177	0.5	95852	170	95767	4240861	44.24
1980-1984	31	0.00188	0.00188	0.5	95683	180	95593	4145094	43.32
1980-1984	32	0.00192	0.00192	0.5	95503	183	95412	4049501	42.40
1980-1984	33	0.00191	0.00191	0.5	95320	182	95229	3954089	41.48
1980-1984	34	0.00187	0.00186	0.5	95138	177	95049	3858860	40.56
1980-1984	35	0.00189	0.00189	0.5	94961	179	94871	3763811	39.64
1980-1984	36	0.00212	0.00211	0.5	94781	200	94681	3668940	38.71
1980-1984	37	0.00221	0.00221	0.5	94581	209	94477	3574258	37.79
1980-1984	38	0.00242	0.00242	0.5	94372	228	94258	3479782	36.87
1980-1984	39	0.00236	0.00235	0.5	94144	222	94033	3385523	35.96
1980-1984	40	0.00266	0.00265	0.5	93923	249	93798	3291490	35.04
1980-1984	41	0.00298	0.00298	0.5	93673	279	93534	3197692	34.14
1980-1984	42	0.00307	0.00306	0.5	93394	286	93251	3104158	33.24
1980-1984	43	0.00328	0.00328	0.5	93108	305	92956	3010907	32.34
1980-1984	44	0.00346	0.00346	0.5	92803	321	92643	2917951	31.44
1980-1984	45	0.00402	0.00401	0.5	92482	371	92297	2825308	30.55
1980-1984	46	0.00440	0.00439	0.5	92111	404	91909	2733012	29.67
1980-1984	47	0.00479	0.00478	0.5	91707	438	91488	2641102	28.80
1980-1984	48	0.00544	0.00542	0.5	91269	495	91022	2549614	27.94
1980-1984	49	0.00568	0.00567	0.5	90774	514	90517	2458592	27.08
1980-1984	50	0.00626	0.00624	0.5	90260	563	89978	2368075	26.24
1980-1984	51	0.00716	0.00713	0.5	89697	640	89377	2278097	25.40
1980-1984	52	0.00798	0.00795	0.5	89057	708	88703	2188720	24.58
1980-1984	53	0.00835	0.00831	0.5	88349	734	87982	2100017	23.77
1980-1984	54	0.00922	0.00917	0.5	87615	804	87213	2012035	22.96
1980-1984	55	0.01035	0.01029	0.5	86811	893	86364	1924823	22.17
1980-1984	56	0.01143	0.01136	0.5	85917	976	85429	1838459	21.40
1980-1984	57	0.01216	0.01208	0.5	84941	1026	84428	1753029	20.64
1980-1984	58	0.01338	0.01329	0.5	83915	1115	83357	1668601	19.88
1980-1984	59	0.01458	0.01447	0.5	82799	1198	82200	1585244	19.15
1980-1984	60	0.01552	0.01540	0.5	81601	1256	80973	1503044	18.42
1980-1984	61	0.01701	0.01686	0.5	80345	1355	79667	1422071	17.70
1980-1984	62	0.01931	0.01912	0.5	78990	1511	78234	1342404	16.99
1980-1984	63	0.02068	0.02046	0.5	77479	1586	76686	1264170	16.32
1980-1984	64	0.02185	0.02161	0.5	75893	1640	75073	1187484	15.65
1980-1984	65	0.02406	0.02377	0.5	74253	1765	73370	1112410	14.98
1980-1984	66	0.02644	0.02610	0.5	72488	1892	71542	1039040	14.33
1980-1984	67	0.02894	0.02852	0.5	70596	2014	69589	967498	13.70
1980-1984	68	0.03170	0.03121	0.5	68582	2140	67512	897909	13.09
1980-1984	69	0.03492	0.03432	0.5	66442	2280	65302	830396	12.50
1980-1984	70	0.03770	0.03700	0.5	64162	2374	62975	765094	11.92
1980-1984	71	0.04089	0.04007	0.5	61788	2476	60550	702120	11.36
1980-1984	72	0.04437	0.04341	0.5	59312	2575	58024	641570	10.82
1980-1984	73	0.04885	0.04768	0.5	56737	2705	55384	583546	10.29
1980-1984	74	0.05240	0.05106	0.5	54032	2759	52652	528161	9.78
1980-1984	75	0.05682	0.05525	0.5	51273	2833	49856	475509	9.27
1980-1984	76	0.06288	0.06097	0.5	48440	2953	46963	425653	8.79
1980-1984	77	0.06823	0.06598	0.5	45487	3001	43986	378690	8.33
1980-1984	78	0.07384	0.07121	0.5	42485	3025	40973	334704	7.88
1980-1984	79	0.08047	0.07736	0.5	39460	3053	37934	293732	7.44
1980-1984	80	0.08935	0.08553	0.5	36407	3114	34850	255798	7.03
1980-1984	81	0.09639	0.09196	0.5	33293	3062	31762	220948	6.64
1980-1984	82	0.10585	0.10053	0.5	30232	3039	28712	189185	6.26
1980-1984	83	0.11429	0.10811	0.5	27192	2940	25723	160473	5.90
1980-1984	84	0.12617	0.11868	0.5	24253	2878	22813	134751	5.56
1980-1984	85	0.13617	0.12749	0.5	21374	2725	20012	111937	5.24
1980-1984	86	0.14972	0.13929	0.5	18649	2598	17350	91926	4.93
1980-1984	87	0.16212	0.14996	0.5	16052	2407	14848	74575	4.65
1980-1984	88	0.17344	0.15960	0.5	13644	2178	12556	59727	4.38
1980-1984	89	0.19064	0.17405	0.5	11467	1996	10469	47172	4.11
1980-1984	90	0.20374	0.18490	0.5	9471	1751	8595	36703	3.88
1980-1984	91	0.22346	0.20101	0.5	7720	1552	6944	28107	3.64
1980-1984	92	0.24252	0.21629	0.5	6168	1334	5501	21163	3.43
1980-1984	93	0.25985	0.22997	0.5	4834	1112	4278	15662	3.24
1980-1984	94	0.28206	0.24720	0.5	3722	920	3262	11384	3.06
1980-1984	95	0.29920	0.26027	0.5	2802	729	2438	8122	2.90
1980-1984	96	0.32033	0.27611	0.5	2073	572	1787	5685	2.74
1980-1984	97	0.34223	0.29222	0.5	1501	438	1281	3898	2.60
1980-1984	98	0.36481	0.30853	0.5	1062	328	898	2617	2.46
1980-1984	99	0.38801	0.32497	0.5	734	239	615	1718	2.34
1980-1984	100	0.41173	0.34144	0.5	496	169	411	1103	2.23
1980-1984	101	0.43587	0.35787	0.5	326	117	268	692	2.12
1980-1984	102	0.46031	0.37419	0.5	210	78	170	424	2.02
1980-1984	103	0.48494	0.39031	0.5	131	51	106	254	1.93
1980-1984	104	0.50965	0.40615	0.5	80	32	64	148	1.85
1980-1984	105	0.53431	0.42166	0.5	47	20	37	85	1.78
1980-1984	106	0.55881	0.43677	0.5	27	12	21	47	1.71
1980-1984	107	0.58302	0.45143	0.5	15	7	12	26	1.65
1980-1984	108	0.60684	0.46558	0.5	8	4	7	14	1.60
1980-1984	109	0.63016	0.47918	0.5	5	2	3	7	1.56
1980-1984	110+	0.65289	1.00000	1.53	2	2	4	4	1.53
1985-1989	0	0.01062	0.01052	0.07	100000	1052	99026	7235073	72.35
1985-1989	1	0.00090	0.00090	0.5	98948	89	98904	7136047	72.12
1985-1989	2	0.00061	0.00061	0.5	98859	60	98829	7037143	71.18
1985-1989	3	0.00047	0.00047	0.5	98799	46	98776	6938314	70.23
1985-1989	4	0.00034	0.00034	0.5	98753	34	98736	6839538	69.26
1985-1989	5	0.00029	0.00029	0.5	98719	29	98704	6740802	68.28
1985-1989	6	0.00029	0.00029	0.5	98690	29	98675	6642098	67.30
1985-1989	7	0.00027	0.00027	0.5	98661	27	98647	6543423	66.32
1985-1989	8	0.00027	0.00027	0.5	98634	26	98621	6444776	65.34
1985-1989	9	0.00027	0.00027	0.5	98608	27	98595	6346155	64.36
1985-1989	10	0.00025	0.00025	0.5	98581	25	98569	6247560	63.37
1985-1989	11	0.00028	0.00028	0.5	98557	28	98543	6148991	62.39
1985-1989	12	0.00031	0.00031	0.5	98529	30	98514	6050448	61.41
1985-1989	13	0.00040	0.00040	0.5	98499	39	98479	5951934	60.43
1985-1989	14	0.00050	0.00050	0.5	98460	50	98435	5853455	59.45
1985-1989	15	0.00069	0.00069	0.5	98410	68	98376	5755020	58.48
1985-1989	16	0.00102	0.00102	0.5	98342	101	98292	5656643	57.52
1985-1989	17	0.00126	0.00126	0.5	98242	124	98180	5558351	56.58
1985-1989	18	0.00169	0.00168	0.5	98118	165	98036	5460172	55.65
1985-1989	19	0.00167	0.00167	0.5	97953	163	97871	5362136	54.74
1985-1989	20	0.00164	0.00164	0.5	97790	160	97710	5264265	53.83
1985-1989	21	0.00173	0.00173	0.5	97629	169	97545	5166555	52.92
1985-1989	22	0.00175	0.00174	0.5	97460	170	97375	5069010	52.01
1985-1989	23	0.00174	0.00173	0.5	97290	169	97206	4971635	51.10
1985-1989	24	0.00170	0.00170	0.5	97121	165	97039	4874429	50.19
1985-1989	25	0.00170	0.00170	0.5	96956	164	96874	4777390	49.27
1985-1989	26	0.00174	0.00174	0.5	96792	168	96708	4680516	48.36
1985-1989	27	0.00176	0.00176	0.5	96624	170	96539	4583808	47.44
1985-1989	28	0.00187	0.00187	0.5	96454	180	96364	4487269	46.52
1985-1989	29	0.00177	0.00177	0.5	96274	170	96189	4390906	45.61
1985-1989	30	0.00190	0.00190	0.5	96104	183	96012	4294717	44.69
1985-1989	31	0.00197	0.00197	0.5	95921	189	95826	4198705	43.77
1985-1989	32	0.00216	0.00216	0.5	95732	207	95628	4102878	42.86
1985-1989	33	0.00223	0.00223	0.5	95525	213	95419	4007250	41.95
1985-1989	34	0.00221	0.00221	0.5	95312	211	95207	3911831	41.04
1985-1989	35	0.00239	0.00238	0.5	95102	227	94988	3816624	40.13
1985-1989	36	0.00252	0.00252	0.5	94875	239	94755	3721636	39.23
1985-1989	37	0.00257	0.00257	0.5	94636	243	94514	3626880	38.32
1985-1989	38	0.00281	0.00280	0.5	94393	265	94261	3532366	37.42
1985-1989	39	0.00255	0.00255	0.5	94128	240	94008	3438105	36.53
1985-1989	40	0.00278	0.00277	0.5	93888	261	93758	3344097	35.62
1985-1989	41	0.00302	0.00302	0.5	93628	283	93487	3250338	34.72
1985-1989	42	0.00326	0.00325	0.5	93345	304	93194	3156852	33.82
1985-1989	43	0.00334	0.00333	0.5	93042	310	92887	3063658	32.93
1985-1989	44	0.00352	0.00351	0.5	92732	326	92569	2970771	32.04
1985-1989	45	0.00386	0.00386	0.5	92406	356	92228	2878202	31.15
1985-1989	46	0.00430	0.00429	0.5	92050	395	91852	2785975	30.27
1985-1989	47	0.00450	0.00449	0.5	91654	412	91448	2694123	29.39
1985-1989	48	0.00515	0.00514	0.5	91243	469	91008	2602674	28.52
1985-1989	49	0.00499	0.00497	0.5	90774	452	90548	2511666	27.67
1985-1989	50	0.00573	0.00571	0.5	90323	516	90065	2421118	26.81
1985-1989	51	0.00658	0.00656	0.5	89807	589	89512	2331053	25.96
1985-1989	52	0.00712	0.00709	0.5	89218	633	88901	2241541	25.12
1985-1989	53	0.00788	0.00785	0.5	88585	695	88237	2152640	24.30
1985-1989	54	0.00836	0.00832	0.5	87890	731	87524	2064403	23.49
1985-1989	55	0.00957	0.00953	0.5	87158	830	86743	1976879	22.68
1985-1989	56	0.01038	0.01032	0.5	86328	891	85882	1890136	21.89
1985-1989	57	0.01105	0.01098	0.5	85437	938	84967	1804254	21.12
1985-1989	58	0.01300	0.01291	0.5	84498	1091	83952	1719287	20.35
1985-1989	59	0.01332	0.01324	0.5	83407	1104	82855	1635334	19.61
1985-1989	60	0.01498	0.01487	0.5	82303	1224	81691	1552479	18.86
1985-1989	61	0.01637	0.01624	0.5	81079	1317	80421	1470788	18.14
1985-1989	62	0.01819	0.01803	0.5	79762	1438	79044	1390368	17.43
1985-1989	63	0.01935	0.01916	0.5	78325	1501	77574	1311324	16.74
1985-1989	64	0.02060	0.02039	0.5	76824	1566	76040	1233750	16.06
1985-1989	65	0.02245	0.02220	0.5	75257	1671	74422	1157709	15.38
1985-1989	66	0.02419	0.02390	0.5	73586	1759	72707	1083288	14.72
1985-1989	67	0.02620	0.02586	0.5	71828	1857	70899	1010580	14.07
1985-1989	68	0.02925	0.02883	0.5	69971	2017	68962	939681	13.43
1985-1989	69	0.03117	0.03069	0.5	67953	2085	66911	870719	12.81
1985-1989	70	0.03450	0.03392	0.5	65868	2234	64751	803809	12.20
1985-1989	71	0.03821	0.03749	0.5	63634	2386	62441	739058	11.61
1985-1989	72	0.04265	0.04176	0.5	61248	2558	59969	676616	11.05
1985-1989	73	0.04629	0.04524	0.5	58690	2655	57363	616647	10.51
1985-1989	74	0.04946	0.04827	0.5	56035	2705	54683	559284	9.98
1985-1989	75	0.05365	0.05225	0.5	53331	2787	51937	504601	9.46
1985-1989	76	0.05912	0.05742	0.5	50544	2902	49093	452664	8.96
1985-1989	77	0.06407	0.06208	0.5	47642	2958	46163	403571	8.47
1985-1989	78	0.07107	0.06863	0.5	44684	3067	43151	357409	8.00
1985-1989	79	0.07716	0.07430	0.5	41617	3092	40071	314258	7.55
1985-1989	80	0.08571	0.08218	0.5	38525	3166	36942	274187	7.12
1985-1989	81	0.09464	0.09036	0.5	35359	3195	33762	237244	6.71
1985-1989	82	0.10383	0.09871	0.5	32164	3175	30577	203483	6.33
1985-1989	83	0.11069	0.10488	0.5	28989	3040	27469	172906	5.96
1985-1989	84	0.12162	0.11465	0.5	25949	2975	24461	145437	5.60
1985-1989	85	0.13416	0.12572	0.5	22974	2888	21530	120976	5.27
1985-1989	86	0.14405	0.13437	0.5	20085	2699	18736	99447	4.95
1985-1989	87	0.15884	0.14715	0.5	17387	2559	16107	80711	4.64
1985-1989	88	0.17224	0.15859	0.5	14828	2352	13652	64603	4.36
1985-1989	89	0.18917	0.17283	0.5	12477	2156	11398	50951	4.08
1985-1989	90	0.20900	0.18922	0.5	10320	1953	9344	39553	3.83
1985-1989	91	0.22532	0.20251	0.5	8367	1694	7520	30209	3.61
1985-1989	92	0.24250	0.21627	0.5	6673	1443	5951	22689	3.40
1985-1989	93	0.26274	0.23223	0.5	5230	1215	4623	16737	3.20
1985-1989	94	0.28623	0.25039	0.5	4015	1005	3513	12115	3.02
1985-1989	95	0.30288	0.26304	0.5	3010	792	2614	8602	2.86
1985-1989	96	0.32501	0.27958	0.5	2218	620	1908	5988	2.70
1985-1989	97	0.34795	0.29639	0.5	1598	474	1361	4080	2.55
1985-1989	98	0.37162	0.31339	0.5	1124	352	948	2719	2.42
1985-1989	99	0.39592	0.33050	0.5	772	255	644	1771	2.29
1985-1989	100	0.42075	0.34762	0.5	517	180	427	1126	2.18
1985-1989	101	0.44598	0.36467	0.5	337	123	276	699	2.07
1985-1989	102	0.47150	0.38155	0.5	214	82	173	424	1.98
1985-1989	103	0.49716	0.39818	0.5	132	53	106	250	1.89
1985-1989	104	0.52284	0.41449	0.5	80	33	63	144	1.81
1985-1989	105	0.54840	0.43039	0.5	47	20	37	81	1.74
1985-1989	106	0.57371	0.44582	0.5	27	12	21	44	1.67
1985-1989	107	0.59864	0.46073	0.5	15	7	11	24	1.61
1985-1989	108	0.62306	0.47507	0.5	8	4	6	12	1.56
1985-1989	109	0.64688	0.48879	0.5	4	2	3	6	1.52
1985-1989	110+	0.66999	1.00000	1.49	2	2	3	3	1.49
1990-1994	0	0.00853	0.00847	0.07	100000	847	99211	7322290	73.22
1990-1994	1	0.00071	0.00071	0.5	99153	71	99118	7223079	72.85
1990-1994	2	0.00049	0.00049	0.5	99083	48	99059	7123961	71.90
1990-1994	3	0.00037	0.00037	0.5	99034	36	99016	7024903	70.93
1990-1994	4	0.00030	0.00030	0.5	98998	30	98983	6925887	69.96
1990-1994	5	0.00027	0.00027	0.5	98968	26	98955	6826904	68.98
1990-1994	6	0.00022	0.00022	0.5	98942	22	98931	6727949	68.00
1990-1994	7	0.00021	0.00021	0.5	98919	21	98909	6629019	67.01
1990-1994	8	0.00022	0.00022	0.5	98898	22	98887	6530110	66.03
1990-1994	9	0.00021	0.00021	0.5	98876	21	98866	6431222	65.04
1990-1994	10	0.00022	0.00022	0.5	98856	22	98845	6332356	64.06
1990-1994	11	0.00022	0.00022	0.5	98834	22	98824	6233511	63.07
1990-1994	12	0.00026	0.00026	0.5	98813	26	98800	6134687	62.08
1990-1994	13	0.00038	0.00038	0.5	98787	37	98768	6035888	61.10
1990-1994	14	0.00051	0.00051	0.5	98749	51	98724	5937120	60.12
1990-1994	15	0.00072	0.00072	0.5	98698	71	98663	5838396	59.15
1990-1994	16	0.00109	0.00109	0.5	98628	108	98574	5739733	58.20
1990-1994	17	0.00135	0.00135	0.5	98520	133	98453	5641159	57.26
1990-1994	18	0.00165	0.00165	0.5	98387	162	98306	5542706	56.34
1990-1994	19	0.00166	0.00166	0.5	98224	163	98143	5444401	55.43
1990-1994	20	0.00165	0.00165	0.5	98061	162	97980	5346258	54.52
1990-1994	21	0.00170	0.00169	0.5	97899	166	97816	5248277	53.61
1990-1994	22	0.00175	0.00174	0.5	97734	171	97648	5150461	52.70
1990-1994	23	0.00166	0.00165	0.5	97563	161	97482	5052813	51.79
1990-1994	24	0.00159	0.00159	0.5	97402	155	97324	4955330	50.88
1990-1994	25	0.00162	0.00162	0.5	97247	157	97168	4858006	49.96
1990-1994	26	0.00164	0.00164	0.5	97090	159	97010	4760838	49.04
1990-1994	27	0.00170	0.00170	0.5	96930	164	96848	4663828	48.12
1990-1994	28	0.00185	0.00185	0.5	96766	179	96676	4566980	47.20
1990-1994	29	0.00181	0.00181	0.5	96587	175	96499	4470304	46.28
1990-1994	30	0.00193	0.00193	0.5	96412	186	96319	4373804	45.37
1990-1994	31	0.00208	0.00207	0.5	96225	200	96126	4277486	44.45
1990-1994	32	0.00228	0.00227	0.5	96026	218	95917	4181360	43.54
1990-1994	33	0.00238	0.00238	0.5	95808	228	95694	4085443	42.64
1990-1994	34	0.00241	0.00241	0.5	95580	230	95465	3989750	41.74
1990-1994	35	0.00251	0.00250	0.5	95350	239	95231	3894285	40.84
1990-1994	36	0.00267	0.00267	0.5	95111	254	94984	3799054	39.94
1990-1994	37	0.00284	0.00283	0.5	94858	269	94723	3704070	39.05
1990-1994	38	0.00310	0.00310	0.5	94589	293	94442	3609347	38.16
1990-1994	39	0.00294	0.00294	0.5	94296	277	94157	3514905	37.28
1990-1994	40	0.00316	0.00315	0.5	94018	296	93870	3420748	36.38
1990-1994	41	0.00346	0.00345	0.5	93722	324	93560	3326877	35.50
1990-1994	42	0.00355	0.00354	0.5	93399	331	93233	3233317	34.62
1990-1994	43	0.00371	0.00371	0.5	93068	345	92895	3140084	33.74
1990-1994	44	0.00376	0.00376	0.5	92723	348	92549	3047188	32.86
1990-1994	45	0.00395	0.00394	0.5	92375	364	92192	2954640	31.99
1990-1994	46	0.00426	0.00425	0.5	92010	391	91815	2862447	31.11
1990-1994	47	0.00451	0.00450	0.5	91619	412	91413	2770632	30.24
1990-1994	48	0.00498	0.00497	0.5	91207	453	90980	2679219	29.38
1990-1994	49	0.00494	0.00493	0.5	90754	447	90530	2588239	28.52
1990-1994	50	0.00558	0.00556	0.5	90306	502	90055	2497709	27.66
1990-1994	51	0.00604	0.00602	0.5	89804	541	89534	2407654	26.81
1990-1994	52	0.00656	0.00654	0.5	89264	584	88972	2318120	25.97
1990-1994	53	0.00719	0.00716	0.5	88680	635	88363	2229148	25.14
1990-1994	54	0.00754	0.00752	0.5	88045	662	87714	2140786	24.31
1990-1994	55	0.00847	0.00844	0.5	87383	737	87015	2053071	23.49
1990-1994	56	0.00919	0.00915	0.5	86646	793	86250	1966057	22.69
1990-1994	57	0.01003	0.00998	0.5	85853	856	85425	1879807	21.90
1990-1994	58	0.01160	0.01153	0.5	84997	980	84507	1794382	21.11
1990-1994	59	0.01176	0.01169	0.5	84017	982	83525	1709875	20.35
1990-1994	60	0.01360	0.01351	0.5	83034	1122	82473	1626350	19.59
1990-1994	61	0.01496	0.01485	0.5	81912	1216	81304	1543876	18.85
1990-1994	62	0.01635	0.01621	0.5	80696	1308	80042	1462572	18.12
1990-1994	63	0.01760	0.01744	0.5	79388	1385	78695	1382530	17.41
1990-1994	64	0.01902	0.01884	0.5	78003	1470	77268	1303835	16.72
1990-1994	65	0.02076	0.02054	0.5	76533	1572	75747	1226567	16.03
1990-1994	66	0.02233	0.02208	0.5	74961	1655	74133	1150819	15.35
1990-1994	67	0.02440	0.02410	0.5	73306	1767	72422	1076686	14.69
1990-1994	68	0.02705	0.02669	0.5	71539	1909	70584	1004264	14.04
1990-1994	69	0.02866	0.02826	0.5	69630	1967	68646	933679	13.41
1990-1994	70	0.03178	0.03128	0.5	67662	2117	66604	865033	12.78
1990-1994	71	0.03407	0.03350	0.5	65546	2196	64448	798429	12.18
1990-1994	72	0.03717	0.03649	0.5	63350	2312	62194	733981	11.59
1990-1994	73	0.04153	0.04068	0.5	61038	2483	59797	671787	11.01
1990-1994	74	0.04427	0.04332	0.5	58555	2536	57287	611990	10.45
1990-1994	75	0.04832	0.04718	0.5	56019	2643	54697	554703	9.90
1990-1994	76	0.05366	0.05226	0.5	53376	2789	51981	500006	9.37
1990-1994	77	0.05805	0.05641	0.5	50586	2854	49159	448025	8.86
1990-1994	78	0.06265	0.06075	0.5	47733	2900	46283	398865	8.36
1990-1994	79	0.06867	0.06639	0.5	44833	2976	43345	352583	7.86
1990-1994	80	0.07925	0.07623	0.5	41857	3191	40261	309238	7.39
1990-1994	81	0.08732	0.08367	0.5	38666	3235	37049	268976	6.96
1990-1994	82	0.09567	0.09130	0.5	35431	3235	33813	231928	6.55
1990-1994	83	0.10551	0.10023	0.5	32196	3227	30582	198114	6.15
1990-1994	84	0.11599	0.10964	0.5	28969	3176	27381	167532	5.78
1990-1994	85	0.12592	0.11846	0.5	25793	3055	24265	140151	5.43
1990-1994	86	0.13880	0.12979	0.5	22738	2951	21262	115886	5.10
1990-1994	87	0.15048	0.13995	0.5	19786	2769	18402	94624	4.78
1990-1994	88	0.16541	0.15277	0.5	17017	2600	15717	76222	4.48
1990-1994	89	0.17998	0.16512	0.5	14417	2381	13227	60504	4.20
1990-1994	90	0.19722	0.17952	0.5	12037	2161	10956	47277	3.93
1990-1994	91	0.21443	0.19366	0.5	9876	1913	8920	36321	3.68
1990-1994	92	0.23744	0.21224	0.5	7963	1690	7118	27401	3.44
1990-1994	93	0.26280	0.23228	0.5	6273	1457	5545	20283	3.23
1990-1994	94	0.27802	0.24409	0.5	4816	1176	4228	14738	3.06
1990-1994	95	0.29752	0.25899	0.5	3641	943	3169	10510	2.89
1990-1994	96	0.32031	0.27609	0.5	2698	745	2325	7341	2.72
1990-1994	97	0.34399	0.29351	0.5	1953	573	1666	5015	2.57
1990-1994	98	0.36847	0.31115	0.5	1380	429	1165	3349	2.43
1990-1994	99	0.39365	0.32891	0.5	950	313	794	2184	2.30
1990-1994	100	0.41940	0.34670	0.5	638	221	527	1390	2.18
1990-1994	101	0.44560	0.36441	0.5	417	152	341	863	2.07
1990-1994	102	0.47211	0.38195	0.5	265	101	214	522	1.97
1990-1994	103	0.49877	0.39922	0.5	164	65	131	308	1.88
1990-1994	104	0.52545	0.41612	0.5	98	41	78	177	1.80
1990-1994	105	0.55198	0.43259	0.5	57	25	45	99	1.72
1990-1994	106	0.57821	0.44854	0.5	33	15	25	54	1.66
1990-1994	107	0.60401	0.46391	0.5	18	8	14	29	1.60
1990-1994	108	0.62925	0.47865	0.5	10	5	7	15	1.54
1990-1994	109	0.65380	0.49272	0.5	5	2	4	8	1.50
1990-1994	110+	0.67755	1.00000	1.48	3	3	4	4	1.48
1995-1999	0	0.00690	0.00686	0.06	100000	686	99358	7459502	74.60
1995-1999	1	0.00058	0.00058	0.5	99314	58	99285	7360144	74.11
1995-1999	2	0.00042	0.00042	0.5	99256	41	99236	7260859	73.15
1995-1999	3	0.00028	0.00028	0.5	99215	28	99201	7161624	72.18
1995-1999	4	0.00023	0.00023	0.5	99187	23	99176	7062422	71.20
1995-1999	5	0.00021	0.00021	0.5	99165	20	99155	6963246	70.22
1995-1999	6	0.00018	0.00018	0.5	99144	17	99136	6864092	69.23
1995-1999	7	0.00017	0.00017	0.5	99127	17	99118	6764956	68.25
1995-1999	8	0.00018	0.00018	0.5	99110	17	99101	6665838	67.26
1995-1999	9	0.00016	0.00016	0.5	99092	16	99084	6566737	66.27
1995-1999	10	0.00018	0.00018	0.5	99076	18	99067	6467653	65.28
1995-1999	11	0.00021	0.00021	0.5	99058	21	99048	6368585	64.29
1995-1999	12	0.00024	0.00024	0.5	99037	24	99026	6269537	63.30
1995-1999	13	0.00030	0.00030	0.5	99014	29	98999	6170512	62.32
1995-1999	14	0.00040	0.00040	0.5	98984	40	98965	6071513	61.34
1995-1999	15	0.00057	0.00057	0.5	98945	56	98917	5972548	60.36
1995-1999	16	0.00085	0.00084	0.5	98888	84	98847	5873632	59.40
1995-1999	17	0.00104	0.00104	0.5	98805	102	98754	5774785	58.45
1995-1999	18	0.00137	0.00136	0.5	98703	135	98635	5676031	57.51
1995-1999	19	0.00142	0.00142	0.5	98568	140	98498	5577396	56.58
1995-1999	20	0.00143	0.00143	0.5	98428	141	98358	5478898	55.66
1995-1999	21	0.00147	0.00147	0.5	98287	144	98215	5380541	54.74
1995-1999	22	0.00139	0.00139	0.5	98143	136	98075	5282326	53.82
1995-1999	23	0.00135	0.00135	0.5	98007	133	97940	5184251	52.90
1995-1999	24	0.00132	0.00132	0.5	97874	129	97809	5086310	51.97
1995-1999	25	0.00130	0.00130	0.5	97745	127	97681	4988501	51.04
1995-1999	26	0.00129	0.00129	0.5	97618	126	97555	4890820	50.10
1995-1999	27	0.00130	0.00130	0.5	97492	127	97428	4793265	49.17
1995-1999	28	0.00136	0.00136	0.5	97365	133	97299	4695837	48.23
1995-1999	29	0.00139	0.00139	0.5	97232	135	97165	4598538	47.29
1995-1999	30	0.00140	0.00140	0.5	97097	136	97029	4501373	46.36
1995-1999	31	0.00163	0.00163	0.5	96961	158	96882	4404344	45.42
1995-1999	32	0.00172	0.00172	0.5	96804	166	96720	4307462	44.50
1995-1999	33	0.00179	0.00178	0.5	96637	172	96551	4210741	43.57
1995-1999	34	0.00192	0.00192	0.5	96465	185	96372	4114190	42.65
1995-1999	35	0.00193	0.00193	0.5	96279	186	96187	4017818	41.73
1995-1999	36	0.00212	0.00212	0.5	96094	204	95992	3921631	40.81
1995-1999	37	0.00224	0.00224	0.5	95890	215	95782	3825640	39.90
1995-1999	38	0.00240	0.00240	0.5	95675	229	95560	3729857	38.98
1995-1999	39	0.00245	0.00245	0.5	95446	234	95329	3634297	38.08
1995-1999	40	0.00259	0.00259	0.5	95212	246	95088	3538969	37.17
1995-1999	41	0.00294	0.00293	0.5	94965	279	94826	3443880	36.26
1995-1999	42	0.00307	0.00306	0.5	94686	290	94542	3349055	35.37
1995-1999	43	0.00332	0.00331	0.5	94397	313	94240	3254513	34.48
1995-1999	44	0.00356	0.00356	0.5	94084	335	93917	3160273	33.59
1995-1999	45	0.00375	0.00375	0.5	93750	351	93574	3066356	32.71
1995-1999	46	0.00402	0.00401	0.5	93398	375	93211	2972782	31.83
1995-1999	47	0.00423	0.00422	0.5	93023	392	92827	2879571	30.96
1995-1999	48	0.00459	0.00458	0.5	92631	424	92419	2786744	30.08
1995-1999	49	0.00462	0.00461	0.5	92207	425	91994	2694325	29.22
1995-1999	50	0.00485	0.00484	0.5	91782	444	91560	2602331	28.35
1995-1999	51	0.00550	0.00549	0.5	91338	501	91087	2510771	27.49
1995-1999	52	0.00597	0.00595	0.5	90837	540	90567	2419684	26.64
1995-1999	53	0.00652	0.00650	0.5	90296	587	90003	2329117	25.79
1995-1999	54	0.00686	0.00684	0.5	89709	614	89403	2239115	24.96
1995-1999	55	0.00755	0.00752	0.5	89096	670	88761	2149712	24.13
1995-1999	56	0.00832	0.00829	0.5	88426	733	88060	2060951	23.31
1995-1999	57	0.00914	0.00910	0.5	87693	798	87294	1972891	22.50
1995-1999	58	0.01005	0.01000	0.5	86895	869	86461	1885597	21.70
1995-1999	59	0.01070	0.01064	0.5	86026	915	85569	1799136	20.91
1995-1999	60	0.01174	0.01167	0.5	85111	993	84614	1713568	20.13
1995-1999	61	0.01342	0.01333	0.5	84118	1121	83557	1628954	19.37
1995-1999	62	0.01484	0.01473	0.5	82996	1223	82385	1545397	18.62
1995-1999	63	0.01588	0.01576	0.5	81774	1289	81129	1463012	17.89
1995-1999	64	0.01728	0.01713	0.5	80485	1379	79795	1381883	17.17
1995-1999	65	0.01827	0.01810	0.5	79106	1432	78390	1302087	16.46
1995-1999	66	0.02013	0.01993	0.5	77674	1548	76900	1223697	15.75
1995-1999	67	0.02204	0.02180	0.5	76126	1660	75296	1146797	15.06
1995-1999	68	0.02432	0.02402	0.5	74466	1789	73572	1071501	14.39
1995-1999	69	0.02634	0.02599	0.5	72677	1889	71733	997930	13.73
1995-1999	70	0.02910	0.02869	0.5	70788	2031	69773	926197	13.08
1995-1999	71	0.03222	0.03171	0.5	68757	2180	67667	856425	12.46
1995-1999	72	0.03546	0.03484	0.5	66577	2320	65417	788757	11.85
1995-1999	73	0.03832	0.03760	0.5	64258	2416	63050	723340	11.26
1995-1999	74	0.04119	0.04036	0.5	61842	2496	60594	660290	10.68
1995-1999	75	0.04509	0.04409	0.5	59346	2617	58037	599697	10.11
1995-1999	76	0.04922	0.04804	0.5	56729	2725	55366	541659	9.55
1995-1999	77	0.05428	0.05284	0.5	54004	2854	52577	486293	9.00
1995-1999	78	0.05878	0.05710	0.5	51150	2921	49690	433716	8.48
1995-1999	79	0.06438	0.06238	0.5	48230	3008	46725	384026	7.96
1995-1999	80	0.07500	0.07229	0.5	45221	3269	43587	337301	7.46
1995-1999	81	0.08377	0.08040	0.5	41952	3373	40266	293714	7.00
1995-1999	82	0.09235	0.08828	0.5	38579	3406	36876	253448	6.57
1995-1999	83	0.10297	0.09793	0.5	35174	3445	33451	216572	6.16
1995-1999	84	0.11287	0.10684	0.5	31729	3390	30034	183120	5.77
1995-1999	85	0.12414	0.11688	0.5	28339	3312	26683	153087	5.40
1995-1999	86	0.13737	0.12854	0.5	25027	3217	23418	126404	5.05
1995-1999	87	0.15119	0.14056	0.5	21810	3066	20277	102986	4.72
1995-1999	88	0.16660	0.15379	0.5	18744	2883	17303	82709	4.41
1995-1999	89	0.18288	0.16756	0.5	15861	2658	14533	65406	4.12
1995-1999	90	0.20274	0.18408	0.5	13204	2430	11988	50873	3.85
1995-1999	91	0.21948	0.19777	0.5	10773	2131	9708	38885	3.61
1995-1999	92	0.23854	0.21312	0.5	8643	1842	7722	29177	3.38
1995-1999	93	0.26376	0.23303	0.5	6801	1585	6008	21456	3.15
1995-1999	94	0.28690	0.25091	0.5	5216	1309	4562	15447	2.96
1995-1999	95	0.30836	0.26717	0.5	3907	1044	3385	10886	2.79
1995-1999	96	0.33312	0.28556	0.5	2863	818	2455	7501	2.62
1995-1999	97	0.35885	0.30426	0.5	2046	622	1734	5046	2.47
1995-1999	98	0.38541	0.32314	0.5	1423	460	1193	3312	2.33
1995-1999	99	0.41267	0.34209	0.5	963	330	799	2118	2.20
1995-1999	100	0.44048	0.36098	0.5	634	229	519	1320	2.08
1995-1999	101	0.46867	0.37970	0.5	405	154	328	800	1.98
1995-1999	102	0.49706	0.39812	0.5	251	100	201	472	1.88
1995-1999	103	0.52547	0.41614	0.5	151	63	120	271	1.79
1995-1999	104	0.55372	0.43366	0.5	88	38	69	151	1.71
1995-1999	105	0.58162	0.45058	0.5	50	23	39	82	1.64
1995-1999	106	0.60901	0.46685	0.5	27	13	21	43	1.58
1995-1999	107	0.63573	0.48239	0.5	15	7	11	22	1.52
1995-1999	108	0.66164	0.49717	0.5	8	4	6	11	1.47
1995-1999	109	0.68661	0.51114	0.5	4	2	3	5	1.43
1995-1999	110+	0.71055	1.00000	1.41	2	2	3	3	1.41
2000-2004	0	0.00642	0.00638	0.06	100000	638	99401	7572384	75.72
2000-2004	1	0.00051	0.00051	0.5	99362	51	99336	7472982	75.21
2000-2004	2	0.00034	0.00034	0.5	99310	33	99294	7373646	74.25
2000-2004	3	0.00026	0.00026	0.5	99277	26	99264	7274353	73.27
2000-2004	4	0.00020	0.00020	0.5	99251	20	99241	7175088	72.29
2000-2004	5	0.00018	0.00018	0.5	99232	17	99223	7075847	71.31
2000-2004	6	0.00018	0.00018	0.5	99214	17	99206	6976624	70.32
2000-2004	7	0.00014	0.00014	0.5	99197	14	99190	6877419	69.33
2000-2004	8	0.00014	0.00014	0.5	99183	14	99176	6778229	68.34
2000-2004	9	0.00015	0.00015	0.5	99169	15	99161	6679053	67.35
2000-2004	10	0.00017	0.00017	0.5	99154	17	99145	6579892	66.36
2000-2004	11	0.00017	0.00017	0.5	99137	16	99129	6480747	65.37
2000-2004	12	0.00020	0.00020	0.5	99121	20	99111	6381618	64.38
2000-2004	13	0.00024	0.00024	0.5	99100	24	99089	6282507	63.40
2000-2004	14	0.00033	0.00033	0.5	99077	33	99060	6183419	62.41
2000-2004	15	0.00044	0.00044	0.5	99044	44	99022	6084358	61.43
2000-2004	16	0.00065	0.00065	0.5	99000	65	98968	5985336	60.46
2000-2004	17	0.00084	0.00084	0.5	98935	83	98894	5886368	59.50
2000-2004	18	0.00121	0.00121	0.5	98852	119	98792	5787475	58.55
2000-2004	19	0.00130	0.00130	0.5	98733	128	98668	5688683	57.62
2000-2004	20	0.00129	0.00129	0.5	98604	127	98541	5590014	56.69
2000-2004	21	0.00135	0.00134	0.5	98477	132	98411	5491473	55.76
2000-2004	22	0.00131	0.00130	0.5	98345	128	98281	5393062	54.84
2000-2004	23	0.00121	0.00121	0.5	98217	119	98157	5294781	53.91
2000-2004	24	0.00119	0.00119	0.5	98098	117	98040	5196624	52.97
2000-2004	25	0.00118	0.00118	0.5	97982	115	97924	5098584	52.04
2000-2004	26	0.00125	0.00125	0.5	97866	122	97805	5000660	51.10
2000-2004	27	0.00121	0.00121	0.5	97744	118	97685	4902855	50.16
2000-2004	28	0.00115	0.00115	0.5	97626	113	97570	4805170	49.22
2000-2004	29	0.00114	0.00114	0.5	97514	111	97458	4707600	48.28
2000-2004	30	0.00120	0.00120	0.5	97402	117	97344	4610142	47.33
2000-2004	31	0.00127	0.00127	0.5	97285	123	97224	4512798	46.39
2000-2004	32	0.00134	0.00134	0.5	97162	130	97097	4415574	45.45
2000-2004	33	0.00143	0.00143	0.5	97032	138	96963	4318477	44.51
2000-2004	34	0.00150	0.00149	0.5	96894	145	96821	4221514	43.57
2000-2004	35	0.00161	0.00161	0.5	96749	155	96671	4124693	42.63
2000-2004	36	0.00172	0.00172	0.5	96594	166	96511	4028021	41.70
2000-2004	37	0.00181	0.00181	0.5	96428	175	96340	3931511	40.77
2000-2004	38	0.00202	0.00201	0.5	96253	194	96156	3835171	39.84
2000-2004	39	0.00214	0.00214	0.5	96059	205	95956	3739015	38.92
2000-2004	40	0.00232	0.00232	0.5	95854	222	95743	3643058	38.01
2000-2004	41	0.00253	0.00253	0.5	95632	242	95511	3547316	37.09
2000-2004	42	0.00271	0.00271	0.5	95390	258	95261	3451805	36.19
2000-2004	43	0.00291	0.00291	0.5	95132	277	94993	3356544	35.28
2000-2004	44	0.00319	0.00318	0.5	94855	302	94704	3261551	34.38
2000-2004	45	0.00343	0.00343	0.5	94553	324	94391	3166847	33.49
2000-2004	46	0.00382	0.00381	0.5	94229	359	94050	3072456	32.61
2000-2004	47	0.00411	0.00410	0.5	93870	385	93678	2978406	31.73
2000-2004	48	0.00453	0.00452	0.5	93485	423	93274	2884729	30.86
2000-2004	49	0.00473	0.00472	0.5	93062	439	92843	2791455	30.00
2000-2004	50	0.00508	0.00507	0.5	92623	470	92389	2698612	29.14
2000-2004	51	0.00541	0.00539	0.5	92154	497	91905	2606223	28.28
2000-2004	52	0.00578	0.00576	0.5	91657	528	91393	2514318	27.43
2000-2004	53	0.00629	0.00627	0.5	91129	572	90843	2422925	26.59
2000-2004	54	0.00663	0.00661	0.5	90557	599	90258	2332082	25.75
2000-2004	55	0.00718	0.00715	0.5	89959	644	89637	2241824	24.92
2000-2004	56	0.00770	0.00767	0.5	89315	685	88973	2152187	24.10
2000-2004	57	0.00832	0.00829	0.5	88630	735	88263	2063214	23.28
2000-2004	58	0.00903	0.00899	0.5	87895	790	87500	1974952	22.47
2000-2004	59	0.01011	0.01006	0.5	87105	876	86667	1887451	21.67
2000-2004	60	0.01102	0.01096	0.5	86229	945	85756	1800784	20.88
2000-2004	61	0.01188	0.01181	0.5	85284	1007	84780	1715028	20.11
2000-2004	62	0.01302	0.01293	0.5	84277	1090	83732	1630247	19.34
2000-2004	63	0.01408	0.01398	0.5	83187	1163	82605	1546516	18.59
2000-2004	64	0.01530	0.01518	0.5	82024	1245	81401	1463910	17.85
2000-2004	65	0.01649	0.01635	0.5	80779	1321	80118	1382509	17.11
2000-2004	66	0.01806	0.01790	0.5	79458	1423	78747	1302391	16.39
2000-2004	67	0.01954	0.01935	0.5	78035	1510	77280	1223644	15.68
2000-2004	68	0.02150	0.02127	0.5	76526	1628	75711	1146364	14.98
2000-2004	69	0.02345	0.02318	0.5	74897	1736	74029	1070652	14.29
2000-2004	70	0.02586	0.02553	0.5	73161	1867	72228	996623	13.62
2000-2004	71	0.02797	0.02759	0.5	71294	1967	70310	924395	12.97
2000-2004	72	0.03082	0.03036	0.5	69327	2105	68275	854085	12.32
2000-2004	73	0.03426	0.03368	0.5	67223	2264	66091	785810	11.69
2000-2004	74	0.03692	0.03625	0.5	64959	2355	63781	719719	11.08
2000-2004	75	0.04112	0.04029	0.5	62604	2522	61343	655938	10.48
2000-2004	76	0.04492	0.04393	0.5	60081	2640	58762	594596	9.90
2000-2004	77	0.04896	0.04779	0.5	57442	2745	56069	535834	9.33
2000-2004	78	0.05418	0.05275	0.5	54697	2885	53254	479765	8.77
2000-2004	79	0.05945	0.05773	0.5	51811	2991	50316	426511	8.23
2000-2004	80	0.06926	0.06694	0.5	48820	3268	47186	376195	7.71
2000-2004	81	0.07618	0.07338	0.5	45552	3343	43881	329009	7.22
2000-2004	82	0.08501	0.08154	0.5	42209	3442	40488	285128	6.76
2000-2004	83	0.09495	0.09065	0.5	38767	3514	37010	244639	6.31
2000-2004	84	0.10580	0.10049	0.5	35253	3543	33482	207629	5.89
2000-2004	85	0.11629	0.10990	0.5	31711	3485	29968	174147	5.49
2000-2004	86	0.13171	0.12358	0.5	28226	3488	26482	144179	5.11
2000-2004	87	0.14586	0.13595	0.5	24738	3363	23056	117697	4.76
2000-2004	88	0.16220	0.15003	0.5	21375	3207	19771	94641	4.43
2000-2004	89	0.18138	0.16629	0.5	18168	3021	16657	74870	4.12
2000-2004	90	0.19883	0.18085	0.5	15147	2739	13777	58212	3.84
2000-2004	91	0.21582	0.19480	0.5	12407	2417	11199	44435	3.58
2000-2004	92	0.24013	0.21439	0.5	9990	2142	8919	33236	3.33
2000-2004	93	0.26659	0.23523	0.5	7849	1846	6925	24317	3.10
2000-2004	94	0.29293	0.25551	0.5	6002	1534	5235	17392	2.90
2000-2004	95	0.31439	0.27168	0.5	4469	1214	3862	12156	2.72
2000-2004	96	0.34141	0.29163	0.5	3255	949	2780	8295	2.55
2000-2004	97	0.36951	0.31189	0.5	2305	719	1946	5514	2.39
2000-2004	98	0.39851	0.33230	0.5	1586	527	1323	3569	2.25
2000-2004	99	0.42825	0.35272	0.5	1059	374	872	2246	2.12
2000-2004	100	0.45852	0.37300	0.5	686	256	558	1373	2.00
2000-2004	101	0.48909	0.39299	0.5	430	169	345	816	1.90
2000-2004	102	0.51975	0.41254	0.5	261	108	207	470	1.80
2000-2004	103	0.55026	0.43153	0.5	153	66	120	263	1.72
2000-2004	104	0.58039	0.44985	0.5	87	39	68	143	1.64
2000-2004	105	0.60994	0.46740	0.5	48	22	37	75	1.57
2000-2004	106	0.63870	0.48410	0.5	26	12	19	39	1.51
2000-2004	107	0.66650	0.49991	0.5	13	7	10	19	1.45
2000-2004	108	0.69319	0.51477	0.5	7	3	5	9	1.41
2000-2004	109	0.71864	0.52868	0.5	3	2	2	4	1.37
2000-2004	110+	0.74277	1.00000	1.35	2	2	2	2	1.35
2005-2009	0	0.00624	0.00621	0.06	100000	621	99418	7675818	76.76
2005-2009	1	0.00047	0.00047	0.5	99379	47	99356	7576400	76.24
2005-2009	2	0.00030	0.00030	0.5	99332	30	99317	7477045	75.27
2005-2009	3	0.00022	0.00022	0.5	99302	22	99291	7377727	74.30
2005-2009	4	0.00019	0.00019	0.5	99281	19	99271	7278436	73.31
2005-2009	5	0.00016	0.00016	0.5	99262	16	99254	7179165	72.33
2005-2009	6	0.00013	0.00013	0.5	99246	13	99240	7079911	71.34
2005-2009	7	0.00013	0.00013	0.5	99233	12	99227	6980672	70.35
2005-2009	8	0.00013	0.00013	0.5	99220	13	99214	6881445	69.36
2005-2009	9	0.00013	0.00013	0.5	99207	13	99201	6782231	68.36
2005-2009	10	0.00013	0.00013	0.5	99194	13	99188	6683030	67.37
2005-2009	11	0.00014	0.00014	0.5	99181	14	99174	6583842	66.38
2005-2009	12	0.00016	0.00016	0.5	99167	16	99159	6484668	65.39
2005-2009	13	0.00019	0.00019	0.5	99152	19	99142	6385509	64.40
2005-2009	14	0.00028	0.00028	0.5	99132	28	99119	6286367	63.41
2005-2009	15	0.00039	0.00039	0.5	99105	39	99085	6187248	62.43
2005-2009	16	0.00055	0.00055	0.5	99066	54	99039	6088163	61.46
2005-2009	17	0.00077	0.00077	0.5	99011	76	98973	5989124	60.49
2005-2009	18	0.00107	0.00107	0.5	98935	105	98882	5890151	59.54
2005-2009	19	0.00123	0.00123	0.5	98830	122	98769	5791268	58.60
2005-2009	20	0.00128	0.00128	0.5	98708	127	98645	5692499	57.67
2005-2009	21	0.00132	0.00132	0.5	98581	130	98516	5593855	56.74
2005-2009	22	0.00133	0.00133	0.5	98451	131	98386	5495338	55.82
2005-2009	23	0.00130	0.00130	0.5	98320	127	98257	5396952	54.89
2005-2009	24	0.00131	0.00131	0.5	98193	129	98129	5298696	53.96
2005-2009	25	0.00124	0.00124	0.5	98064	122	98003	5200567	53.03
2005-2009	26	0.00124	0.00124	0.5	97943	122	97882	5102563	52.10
2005-2009	27	0.00125	0.00125	0.5	97821	122	97760	5004682	51.16
2005-2009	28	0.00122	0.00122	0.5	97698	120	97639	4906922	50.23
2005-2009	29	0.00128	0.00128	0.5	97579	125	97516	4809284	49.29
2005-2009	30	0.00122	0.00122	0.5	97454	119	97394	4711767	48.35
2005-2009	31	0.00133	0.00133	0.5	97335	130	97270	4614373	47.41
2005-2009	32	0.00129	0.00129	0.5	97205	126	97143	4517103	46.47
2005-2009	33	0.00133	0.00133	0.5	97080	129	97015	4419960	45.53
2005-2009	34	0.00144	0.00144	0.5	96951	139	96881	4322945	44.59
2005-2009	35	0.00149	0.00149	0.5	96811	144	96739	4226065	43.65
2005-2009	36	0.00155	0.00155	0.5	96667	150	96592	4129326	42.72
2005-2009	37	0.00163	0.00163	0.5	96517	157	96438	4032734	41.78
2005-2009	38	0.00181	0.00181	0.5	96360	175	96272	3936295	40.85
2005-2009	39	0.00193	0.00193	0.5	96185	186	96092	3840023	39.92
2005-2009	40	0.00209	0.00209	0.5	95999	201	95899	3743931	39.00
2005-2009	41	0.00230	0.00229	0.5	95798	220	95689	3648032	38.08
2005-2009	42	0.00254	0.00254	0.5	95579	243	95457	3552343	37.17
2005-2009	43	0.00272	0.00271	0.5	95336	259	95206	3456886	36.26
2005-2009	44	0.00289	0.00289	0.5	95077	275	94940	3361680	35.36
2005-2009	45	0.00322	0.00321	0.5	94803	305	94650	3266740	34.46
2005-2009	46	0.00353	0.00352	0.5	94498	333	94332	3172089	33.57
2005-2009	47	0.00381	0.00381	0.5	94165	358	93986	3077758	32.68
2005-2009	48	0.00421	0.00421	0.5	93807	395	93609	2983772	31.81
2005-2009	49	0.00456	0.00455	0.5	93412	425	93199	2890163	30.94
2005-2009	50	0.00499	0.00498	0.5	92987	463	92755	2796964	30.08
2005-2009	51	0.00530	0.00529	0.5	92524	489	92279	2704208	29.23
2005-2009	52	0.00588	0.00587	0.5	92034	540	91764	2611929	28.38
2005-2009	53	0.00632	0.00630	0.5	91494	576	91206	2520165	27.54
2005-2009	54	0.00670	0.00667	0.5	90918	607	90615	2428959	26.72
2005-2009	55	0.00727	0.00724	0.5	90311	654	89984	2338344	25.89
2005-2009	56	0.00759	0.00756	0.5	89657	678	89318	2248360	25.08
2005-2009	57	0.00804	0.00801	0.5	88979	713	88623	2159041	24.26
2005-2009	58	0.00860	0.00856	0.5	88266	756	87889	2070419	23.46
2005-2009	59	0.00931	0.00926	0.5	87511	811	87106	1982530	22.65
2005-2009	60	0.01019	0.01014	0.5	86700	879	86261	1895424	21.86
2005-2009	61	0.01067	0.01061	0.5	85821	910	85366	1809164	21.08
2005-2009	62	0.01167	0.01160	0.5	84911	985	84418	1723798	20.30
2005-2009	63	0.01255	0.01247	0.5	83926	1047	83403	1639379	19.53
2005-2009	64	0.01386	0.01377	0.5	82879	1141	82309	1555977	18.77
2005-2009	65	0.01496	0.01485	0.5	81738	1214	81131	1473668	18.03
2005-2009	66	0.01604	0.01591	0.5	80524	1281	79884	1392537	17.29
2005-2009	67	0.01727	0.01713	0.5	79243	1357	78564	1312653	16.56
2005-2009	68	0.01876	0.01859	0.5	77886	1448	77162	1234089	15.84
2005-2009	69	0.02047	0.02026	0.5	76438	1549	75664	1156927	15.14
2005-2009	70	0.02228	0.02203	0.5	74889	1650	74064	1081263	14.44
2005-2009	71	0.02400	0.02372	0.5	73239	1737	72371	1007199	13.75
2005-2009	72	0.02664	0.02629	0.5	71502	1880	70562	934828	13.07
2005-2009	73	0.02933	0.02890	0.5	69622	2012	68616	864266	12.41
2005-2009	74	0.03226	0.03175	0.5	67610	2146	66537	795650	11.77
2005-2009	75	0.03597	0.03534	0.5	65463	2313	64307	729113	11.14
2005-2009	76	0.03867	0.03794	0.5	63150	2396	61952	664806	10.53
2005-2009	77	0.04305	0.04214	0.5	60754	2560	59474	602854	9.92
2005-2009	78	0.04720	0.04611	0.5	58194	2683	56852	543380	9.34
2005-2009	79	0.05224	0.05091	0.5	55511	2826	54098	486528	8.76
2005-2009	80	0.06088	0.05908	0.5	52685	3113	51128	432430	8.21
2005-2009	81	0.06868	0.06640	0.5	49572	3291	47926	381302	7.69
2005-2009	82	0.07642	0.07361	0.5	46281	3407	44577	333375	7.20
2005-2009	83	0.08440	0.08099	0.5	42874	3472	41138	288798	6.74
2005-2009	84	0.09474	0.09046	0.5	39402	3564	37620	247660	6.29
2005-2009	85	0.10456	0.09936	0.5	35838	3561	34057	210040	5.86
2005-2009	86	0.11708	0.11060	0.5	32277	3570	30492	175983	5.45
2005-2009	87	0.13083	0.12280	0.5	28707	3525	26944	145491	5.07
2005-2009	88	0.14566	0.13577	0.5	25182	3419	23472	118547	4.71
2005-2009	89	0.16246	0.15026	0.5	21763	3270	20128	95075	4.37
2005-2009	90	0.18100	0.16598	0.5	18493	3069	16958	74947	4.05
2005-2009	91	0.20403	0.18514	0.5	15423	2856	13996	57989	3.76
2005-2009	92	0.22260	0.20031	0.5	12568	2517	11309	43993	3.50
2005-2009	93	0.24904	0.22146	0.5	10050	2226	8938	32684	3.25
2005-2009	94	0.27539	0.24206	0.5	7825	1894	6878	23747	3.03
2005-2009	95	0.29571	0.25762	0.5	5931	1528	5167	16869	2.84
2005-2009	96	0.32259	0.27778	0.5	4403	1223	3791	11703	2.66
2005-2009	97	0.35070	0.29838	0.5	3180	949	2705	7911	2.49
2005-2009	98	0.37988	0.31924	0.5	2231	712	1875	5206	2.33
2005-2009	99	0.40996	0.34022	0.5	1519	517	1260	3331	2.19
2005-2009	100	0.44072	0.36114	0.5	1002	362	821	2071	2.07
2005-2009	101	0.47195	0.38185	0.5	640	244	518	1250	1.95
2005-2009	102	0.50340	0.40217	0.5	396	159	316	732	1.85
2005-2009	103	0.53483	0.42198	0.5	237	100	187	415	1.76
2005-2009	104	0.56598	0.44114	0.5	137	60	107	229	1.67
2005-2009	105	0.59661	0.45953	0.5	76	35	59	122	1.60
2005-2009	106	0.62651	0.47707	0.5	41	20	31	63	1.53
2005-2009	107	0.65548	0.49368	0.5	22	11	16	32	1.47
2005-2009	108	0.68333	0.50932	0.5	11	6	8	16	1.43
2005-2009	109	0.70993	0.52395	0.5	5	3	4	7	1.39
2005-2009	110+	0.73516	1.00000	1.36	3	3	3	3	1.36
2010-2014	0	0.00537	0.00534	0.06	100000	534	99498	7779860	77.80
2010-2014	1	0.00041	0.00041	0.5	99466	41	99446	7680362	77.22
2010-2014	2	0.00027	0.00027	0.5	99425	26	99412	7580916	76.25
2010-2014	3	0.00020	0.00020	0.5	99399	20	99389	7481504	75.27
2010-2014	4	0.00016	0.00016	0.5	99379	16	99371	7382115	74.28
2010-2014	5	0.00013	0.00013	0.5	99363	12	99357	7282744	73.29
2010-2014	6	0.00011	0.00011	0.5	99351	11	99345	7183387	72.30
2010-2014	7	0.00011	0.00011	0.5	99340	11	99334	7084042	71.31
2010-2014	8	0.00010	0.00010	0.5	99329	10	99324	6984707	70.32
2010-2014	9	0.00010	0.00010	0.5	99319	10	99314	6885383	69.33
2010-2014	10	0.00011	0.00011	0.5	99309	11	99304	6786069	68.33
2010-2014	11	0.00012	0.00012	0.5	99298	12	99292	6686766	67.34
2010-2014	12	0.00014	0.00014	0.5	99286	14	99279	6587474	66.35
2010-2014	13	0.00016	0.00016	0.5	99272	16	99264	6488194	65.36
2010-2014	14	0.00023	0.00023	0.5	99256	23	99244	6388930	64.37
2010-2014	15	0.00031	0.00031	0.5	99233	31	99217	6289686	63.38
2010-2014	16	0.00042	0.00042	0.5	99202	41	99181	6190469	62.40
2010-2014	17	0.00054	0.00054	0.5	99160	53	99134	6091288	61.43
2010-2014	18	0.00084	0.00084	0.5	99107	83	99066	5992154	60.46
2010-2014	19	0.00094	0.00094	0.5	99024	93	98978	5893089	59.51
2010-2014	20	0.00103	0.00102	0.5	98931	101	98880	5794111	58.57
2010-2014	21	0.00107	0.00107	0.5	98830	106	98776	5695231	57.63
2010-2014	22	0.00116	0.00116	0.5	98723	114	98666	5596454	56.69
2010-2014	23	0.00115	0.00114	0.5	98609	113	98553	5497788	55.75
2010-2014	24	0.00114	0.00114	0.5	98496	112	98440	5399235	54.82
2010-2014	25	0.00117	0.00117	0.5	98384	115	98327	5300795	53.88
2010-2014	26	0.00117	0.00117	0.5	98269	115	98212	5202468	52.94
2010-2014	27	0.00115	0.00115	0.5	98154	113	98098	5104257	52.00
2010-2014	28	0.00120	0.00120	0.5	98041	117	97982	5006159	51.06
2010-2014	29	0.00122	0.00122	0.5	97924	119	97864	4908177	50.12
2010-2014	30	0.00125	0.00125	0.5	97804	122	97743	4810313	49.18
2010-2014	31	0.00128	0.00128	0.5	97682	125	97620	4712570	48.24
2010-2014	32	0.00128	0.00128	0.5	97557	125	97495	4614950	47.31
2010-2014	33	0.00132	0.00132	0.5	97433	128	97369	4517455	46.36
2010-2014	34	0.00138	0.00138	0.5	97304	134	97237	4420087	45.43
2010-2014	35	0.00141	0.00141	0.5	97170	137	97101	4322850	44.49
2010-2014	36	0.00146	0.00146	0.5	97033	142	96962	4225748	43.55
2010-2014	37	0.00154	0.00153	0.5	96891	149	96816	4128787	42.61
2010-2014	38	0.00162	0.00162	0.5	96742	157	96664	4031970	41.68
2010-2014	39	0.00169	0.00168	0.5	96585	163	96504	3935307	40.74
2010-2014	40	0.00183	0.00182	0.5	96423	176	96335	3838803	39.81
2010-2014	41	0.00201	0.00201	0.5	96247	193	96150	3742468	38.88
2010-2014	42	0.00219	0.00218	0.5	96053	210	95948	3646318	37.96
2010-2014	43	0.00235	0.00234	0.5	95844	225	95731	3550370	37.04
2010-2014	44	0.00251	0.00250	0.5	95619	239	95499	3454638	36.13
2010-2014	45	0.00274	0.00273	0.5	95380	261	95249	3359139	35.22
2010-2014	46	0.00305	0.00305	0.5	95119	290	94974	3263890	34.31
2010-2014	47	0.00341	0.00341	0.5	94829	323	94668	3168916	33.42
2010-2014	48	0.00376	0.00375	0.5	94506	355	94329	3074248	32.53
2010-2014	49	0.00420	0.00419	0.5	94152	395	93954	2979919	31.65
2010-2014	50	0.00445	0.00444	0.5	93757	416	93549	2885965	30.78
2010-2014	51	0.00486	0.00485	0.5	93341	452	93114	2792416	29.92
2010-2014	52	0.00534	0.00533	0.5	92888	495	92641	2699302	29.06
2010-2014	53	0.00572	0.00570	0.5	92393	527	92130	2606661	28.21
2010-2014	54	0.00626	0.00624	0.5	91866	574	91579	2514531	27.37
2010-2014	55	0.00693	0.00691	0.5	91293	631	90977	2422952	26.54
2010-2014	56	0.00735	0.00733	0.5	90662	664	90330	2331975	25.72
2010-2014	57	0.00803	0.00800	0.5	89998	720	89638	2241645	24.91
2010-2014	58	0.00864	0.00860	0.5	89278	768	88894	2152007	24.10
2010-2014	59	0.00945	0.00940	0.5	88510	832	88094	2063113	23.31
2010-2014	60	0.00997	0.00992	0.5	87678	870	87243	1975020	22.53
2010-2014	61	0.01066	0.01060	0.5	86808	920	86347	1887777	21.75
2010-2014	62	0.01128	0.01121	0.5	85887	963	85406	1801430	20.97
2010-2014	63	0.01228	0.01220	0.5	84924	1036	84406	1716024	20.21
2010-2014	64	0.01292	0.01283	0.5	83888	1077	83350	1631617	19.45
2010-2014	65	0.01342	0.01333	0.5	82811	1104	82259	1548268	18.70
2010-2014	66	0.01483	0.01472	0.5	81707	1202	81106	1466009	17.94
2010-2014	67	0.01595	0.01582	0.5	80505	1274	79868	1384903	17.20
2010-2014	68	0.01719	0.01704	0.5	79231	1350	78556	1305035	16.47
2010-2014	69	0.01860	0.01843	0.5	77881	1435	77163	1226479	15.75
2010-2014	70	0.02046	0.02025	0.5	76446	1548	75671	1149316	15.03
2010-2014	71	0.02199	0.02175	0.5	74897	1629	74083	1073645	14.33
2010-2014	72	0.02436	0.02407	0.5	73268	1763	72387	999562	13.64
2010-2014	73	0.02638	0.02604	0.5	71505	1862	70574	927175	12.97
2010-2014	74	0.02872	0.02831	0.5	69643	1972	68657	856601	12.30
2010-2014	75	0.03184	0.03134	0.5	67671	2121	66611	787944	11.64
2010-2014	76	0.03534	0.03473	0.5	65550	2276	64412	721333	11.00
2010-2014	77	0.03891	0.03817	0.5	63274	2415	62066	656921	10.38
2010-2014	78	0.04223	0.04136	0.5	60859	2517	59600	594855	9.77
2010-2014	79	0.04703	0.04595	0.5	58342	2681	57001	535255	9.17
2010-2014	80	0.05530	0.05382	0.5	55661	2995	54163	478253	8.59
2010-2014	81	0.06172	0.05987	0.5	52666	3153	51089	424090	8.05
2010-2014	82	0.06897	0.06667	0.5	49512	3301	47862	373001	7.53
2010-2014	83	0.07637	0.07356	0.5	46211	3399	44512	325139	7.04
2010-2014	84	0.08700	0.08337	0.5	42812	3569	41027	280628	6.55
2010-2014	85	0.09733	0.09281	0.5	39243	3642	37422	239600	6.11
2010-2014	86	0.10777	0.10226	0.5	35601	3641	33780	202178	5.68
2010-2014	87	0.12132	0.11438	0.5	31960	3656	30132	168398	5.27
2010-2014	88	0.13772	0.12884	0.5	28304	3647	26481	138266	4.88
2010-2014	89	0.15246	0.14166	0.5	24658	3493	22911	111785	4.53
2010-2014	90	0.16952	0.15627	0.5	21165	3307	19511	88874	4.20
2010-2014	91	0.19023	0.17371	0.5	17857	3102	16306	69363	3.88
2010-2014	92	0.21445	0.19368	0.5	14755	2858	13326	53057	3.60
2010-2014	93	0.23881	0.21334	0.5	11897	2538	10628	39731	3.34
2010-2014	94	0.26755	0.23598	0.5	9359	2209	8255	29102	3.11
2010-2014	95	0.28488	0.24936	0.5	7151	1783	6259	20847	2.92
2010-2014	96	0.31207	0.26995	0.5	5368	1449	4643	14588	2.72
2010-2014	97	0.34061	0.29105	0.5	3919	1140	3348	9945	2.54
2010-2014	98	0.37037	0.31250	0.5	2778	868	2344	6597	2.37
2010-2014	99	0.40114	0.33412	0.5	1910	638	1591	4253	2.23
2010-2014	100	0.43271	0.35574	0.5	1272	452	1046	2662	2.09
2010-2014	101	0.46484	0.37718	0.5	819	309	665	1616	1.97
2010-2014	102	0.49726	0.39824	0.5	510	203	409	951	1.86
2010-2014	103	0.52971	0.41879	0.5	307	129	243	543	1.77
2010-2014	104	0.56190	0.43866	0.5	178	78	139	300	1.68
2010-2014	105	0.59358	0.45773	0.5	100	46	77	161	1.60
2010-2014	106	0.62451	0.47590	0.5	54	26	41	83	1.54
2010-2014	107	0.65445	0.49309	0.5	28	14	21	42	1.48
2010-2014	108	0.68321	0.50925	0.5	14	7	11	21	1.42
2010-2014	109	0.71064	0.52433	0.5	7	4	5	10	1.38
2010-2014	110+	0.73661	1.00000	1.36	3	3	5	5	1.36
2015-2019	0	0.00501	0.00498	0.06	100000	498	99531	7782361	77.82
2015-2019	1	0.00038	0.00038	0.5	99502	38	99482	7682831	77.21
2015-2019	2	0.00023	0.00023	0.5	99463	22	99452	7583348	76.24
2015-2019	3	0.00018	0.00018	0.5	99441	18	99432	7483896	75.26
2015-2019	4	0.00013	0.00013	0.5	99423	13	99417	7384464	74.27
2015-2019	5	0.00012	0.00012	0.5	99411	12	99405	7285047	73.28
2015-2019	6	0.00011	0.00011	0.5	99399	11	99394	7185642	72.29
2015-2019	7	0.00010	0.00010	0.5	99388	10	99383	7086249	71.30
2015-2019	8	0.00011	0.00011	0.5	99378	11	99372	6986866	70.31
2015-2019	9	0.00011	0.00011	0.5	99367	11	99362	6887493	69.31
2015-2019	10	0.00011	0.00011	0.5	99356	11	99351	6788132	68.32
2015-2019	11	0.00012	0.00012	0.5	99345	12	99339	6688781	67.33
2015-2019	12	0.00015	0.00015	0.5	99333	15	99326	6589442	66.34
2015-2019	13	0.00017	0.00017	0.5	99319	17	99310	6490116	65.35
2015-2019	14	0.00024	0.00024	0.5	99301	23	99290	6390806	64.36
2015-2019	15	0.00035	0.00035	0.5	99278	34	99261	6291516	63.37
2015-2019	16	0.00047	0.00047	0.5	99244	47	99220	6192256	62.39
2015-2019	17	0.00061	0.00061	0.5	99197	61	99167	6093035	61.42
2015-2019	18	0.00084	0.00084	0.5	99136	84	99094	5993869	60.46
2015-2019	19	0.00099	0.00099	0.5	99052	98	99003	5894774	59.51
2015-2019	20	0.00111	0.00111	0.5	98954	110	98899	5795771	58.57
2015-2019	21	0.00124	0.00124	0.5	98845	123	98783	5696872	57.63
2015-2019	22	0.00123	0.00123	0.5	98722	121	98661	5598088	56.71
2015-2019	23	0.00119	0.00119	0.5	98601	117	98542	5499427	55.77
2015-2019	24	0.00124	0.00124	0.5	98484	122	98422	5400885	54.84
2015-2019	25	0.00126	0.00126	0.5	98361	124	98300	5302462	53.91
2015-2019	26	0.00129	0.00129	0.5	98238	127	98174	5204163	52.98
2015-2019	27	0.00139	0.00139	0.5	98111	136	98043	5105988	52.04
2015-2019	28	0.00135	0.00135	0.5	97975	132	97908	5007946	51.11
2015-2019	29	0.00142	0.00142	0.5	97842	139	97773	4910037	50.18
2015-2019	30	0.00142	0.00142	0.5	97703	139	97634	4812265	49.25
2015-2019	31	0.00148	0.00148	0.5	97564	144	97492	4714631	48.32
2015-2019	32	0.00150	0.00150	0.5	97420	146	97347	4617139	47.39
2015-2019	33	0.00156	0.00155	0.5	97274	151	97198	4519792	46.46
2015-2019	34	0.00161	0.00161	0.5	97122	156	97044	4422594	45.54
2015-2019	35	0.00170	0.00170	0.5	96966	165	96884	4325550	44.61
2015-2019	36	0.00178	0.00178	0.5	96801	172	96715	4228666	43.68
2015-2019	37	0.00181	0.00181	0.5	96629	175	96542	4131951	42.76
2015-2019	38	0.00185	0.00185	0.5	96454	178	96365	4035410	41.84
2015-2019	39	0.00198	0.00198	0.5	96276	190	96181	3939044	40.91
2015-2019	40	0.00205	0.00204	0.5	96086	196	95988	3842863	39.99
2015-2019	41	0.00210	0.00209	0.5	95889	201	95789	3746876	39.07
2015-2019	42	0.00227	0.00227	0.5	95689	217	95580	3651087	38.16
2015-2019	43	0.00233	0.00233	0.5	95472	222	95361	3555507	37.24
2015-2019	44	0.00257	0.00257	0.5	95249	245	95127	3460146	36.33
2015-2019	45	0.00279	0.00278	0.5	95005	264	94873	3365019	35.42
2015-2019	46	0.00301	0.00301	0.5	94741	285	94598	3270146	34.52
2015-2019	47	0.00327	0.00326	0.5	94456	308	94301	3175548	33.62
2015-2019	48	0.00358	0.00358	0.5	94147	337	93979	3081247	32.73
2015-2019	49	0.00394	0.00393	0.5	93811	369	93626	2987268	31.84
2015-2019	50	0.00428	0.00428	0.5	93442	400	93242	2893641	30.97
2015-2019	51	0.00470	0.00468	0.5	93043	436	92825	2800399	30.10
2015-2019	52	0.00514	0.00513	0.5	92607	475	92369	2707575	29.24
2015-2019	53	0.00560	0.00558	0.5	92132	514	91875	2615205	28.39
2015-2019	54	0.00622	0.00620	0.5	91618	568	91334	2523330	27.54
2015-2019	55	0.00677	0.00675	0.5	91050	615	90742	2431997	26.71
2015-2019	56	0.00734	0.00731	0.5	90435	662	90104	2341254	25.89
2015-2019	57	0.00795	0.00792	0.5	89774	711	89418	2251150	25.08
2015-2019	58	0.00848	0.00845	0.5	89063	752	88687	2161731	24.27
2015-2019	59	0.00926	0.00922	0.5	88311	814	87904	2073044	23.47
2015-2019	60	0.00995	0.00990	0.5	87497	866	87064	1985141	22.69
2015-2019	61	0.01094	0.01088	0.5	86631	943	86159	1898077	21.91
2015-2019	62	0.01163	0.01156	0.5	85688	991	85192	1811918	21.15
2015-2019	63	0.01258	0.01251	0.5	84697	1059	84167	1726725	20.39
2015-2019	64	0.01333	0.01324	0.5	83638	1107	83084	1642558	19.64
2015-2019	65	0.01428	0.01418	0.5	82530	1170	81945	1559474	18.90
2015-2019	66	0.01516	0.01505	0.5	81360	1224	80748	1477529	18.16
2015-2019	67	0.01596	0.01583	0.5	80136	1269	79501	1396781	17.43
2015-2019	68	0.01714	0.01699	0.5	78867	1340	78197	1317279	16.70
2015-2019	69	0.01831	0.01814	0.5	77527	1407	76824	1239082	15.98
2015-2019	70	0.01986	0.01967	0.5	76120	1497	75372	1162259	15.27
2015-2019	71	0.02165	0.02142	0.5	74623	1598	73824	1086887	14.56
2015-2019	72	0.02353	0.02326	0.5	73025	1699	72176	1013063	13.87
2015-2019	73	0.02543	0.02511	0.5	71326	1791	70431	940887	13.19
2015-2019	74	0.02826	0.02787	0.5	69535	1938	68567	870457	12.52
2015-2019	75	0.03127	0.03079	0.5	67598	2081	66557	801890	11.86
2015-2019	76	0.03397	0.03340	0.5	65516	2189	64422	735333	11.22
2015-2019	77	0.03744	0.03675	0.5	63328	2327	62164	670911	10.59
2015-2019	78	0.04085	0.04003	0.5	61000	2442	59779	608747	9.98
2015-2019	79	0.04561	0.04459	0.5	58558	2611	57253	548968	9.37
2015-2019	80	0.05228	0.05095	0.5	55947	2850	54522	491715	8.79
2015-2019	81	0.05846	0.05680	0.5	53097	3016	51589	437193	8.23
2015-2019	82	0.06555	0.06347	0.5	50081	3179	48492	385604	7.70
2015-2019	83	0.07349	0.07089	0.5	46902	3325	45240	337113	7.19
2015-2019	84	0.08313	0.07982	0.5	43577	3478	41838	291873	6.70
2015-2019	85	0.09248	0.08839	0.5	40099	3544	38327	250035	6.24
2015-2019	86	0.10389	0.09876	0.5	36555	3610	34750	211708	5.79
2015-2019	87	0.11670	0.11027	0.5	32945	3633	31128	176958	5.37
2015-2019	88	0.13144	0.12333	0.5	29312	3615	27504	145829	4.98
2015-2019	89	0.14848	0.13822	0.5	25697	3552	23921	118325	4.60
2015-2019	90	0.16687	0.15402	0.5	22145	3411	20440	94404	4.26
2015-2019	91	0.18646	0.17056	0.5	18734	3195	17137	73965	3.95
2015-2019	92	0.20800	0.18840	0.5	15539	2928	14075	56828	3.66
2015-2019	93	0.23433	0.20975	0.5	12611	2645	11289	42753	3.39
2015-2019	94	0.25682	0.22759	0.5	9966	2268	8832	31464	3.16
2015-2019	95	0.28075	0.24619	0.5	7698	1895	6750	22632	2.94
2015-2019	96	0.30828	0.26711	0.5	5803	1550	5028	15882	2.74
2015-2019	97	0.33724	0.28858	0.5	4253	1227	3639	10855	2.55
2015-2019	98	0.36747	0.31043	0.5	3025	939	2556	7215	2.38
2015-2019	99	0.39878	0.33249	0.5	2086	694	1739	4660	2.23
2015-2019	100	0.43095	0.35455	0.5	1393	494	1146	2920	2.10
2015-2019	101	0.46370	0.37643	0.5	899	338	730	1774	1.97
2015-2019	102	0.49678	0.39793	0.5	561	223	449	1045	1.86
2015-2019	103	0.52988	0.41890	0.5	337	141	267	596	1.77
2015-2019	104	0.56272	0.43916	0.5	196	86	153	329	1.68
2015-2019	105	0.59502	0.45858	0.5	110	50	85	176	1.60
2015-2019	106	0.62651	0.47707	0.5	60	28	45	91	1.53
2015-2019	107	0.65697	0.49453	0.5	31	15	23	46	1.47
2015-2019	108	0.68619	0.51090	0.5	16	8	12	22	1.42
2015-2019	109	0.71401	0.52617	0.5	8	4	6	11	1.38
2015-2019	110+	0.74029	1.00000	1.35	4	4	5	5	1.35
2020-2022	0	0.00477	0.00475	0.06	100000	475	99552	7567755	75.68
2020-2022	1	0.00039	0.00039	0.5	99525	38	99505	7468202	75.04
2020-2022	2	0.00022	0.00022	0.5	99486	21	99476	7368697	74.07
2020-2022	3	0.00020	0.00020	0.5	99465	19	99455	7269221	73.08
2020-2022	4	0.00012	0.00012	0.5	99445	12	99439	7169766	72.10
2020-2022	5	0.00013	0.00013	0.5	99433	13	99427	7070327	71.11
2020-2022	6	0.00011	0.00011	0.5	99420	11	99415	6970900	70.12
2020-2022	7	0.00011	0.00011	0.5	99409	11	99404	6871485	69.12
2020-2022	8	0.00010	0.00010	0.5	99398	10	99393	6772082	68.13
2020-2022	9	0.00010	0.00010	0.5	99388	10	99383	6672688	67.14
2020-2022	10	0.00011	0.00011	0.5	99378	11	99373	6573305	66.14
2020-2022	11	0.00012	0.00012	0.5	99367	12	99361	6473932	65.15
2020-2022	12	0.00015	0.00015	0.5	99355	14	99347	6374572	64.16
2020-2022	13	0.00020	0.00020	0.5	99340	20	99330	6275224	63.17
2020-2022	14	0.00028	0.00028	0.5	99320	28	99306	6175894	62.18
2020-2022	15	0.00042	0.00042	0.5	99292	42	99271	6076588	61.20
2020-2022	16	0.00057	0.00057	0.5	99251	57	99222	5977316	60.22
2020-2022	17	0.00074	0.00074	0.5	99194	74	99157	5878094	59.26
2020-2022	18	0.00105	0.00105	0.5	99120	104	99068	5778937	58.30
2020-2022	19	0.00127	0.00127	0.5	99017	126	98954	5679869	57.36
2020-2022	20	0.00134	0.00134	0.5	98891	133	98824	5580915	56.44
2020-2022	21	0.00143	0.00142	0.5	98758	141	98688	5482091	55.51
2020-2022	22	0.00154	0.00153	0.5	98617	151	98542	5383403	54.59
2020-2022	23	0.00162	0.00162	0.5	98466	160	98386	5284861	53.67
2020-2022	24	0.00167	0.00167	0.5	98306	164	98224	5186475	52.76
2020-2022	25	0.00172	0.00172	0.5	98142	169	98058	5088251	51.85
2020-2022	26	0.00179	0.00179	0.5	97973	175	97886	4990193	50.93
2020-2022	27	0.00188	0.00187	0.5	97798	183	97706	4892308	50.02
2020-2022	28	0.00198	0.00198	0.5	97615	193	97518	4794602	49.12
2020-2022	29	0.00215	0.00215	0.5	97422	209	97317	4697083	48.21
2020-2022	30	0.00224	0.00224	0.5	97212	218	97104	4599766	47.32
2020-2022	31	0.00224	0.00223	0.5	96995	217	96886	4502663	46.42
2020-2022	32	0.00233	0.00232	0.5	96778	225	96666	4405776	45.52
2020-2022	33	0.00242	0.00242	0.5	96553	234	96436	4309111	44.63
2020-2022	34	0.00245	0.00245	0.5	96319	236	96201	4212674	43.74
2020-2022	35	0.00251	0.00251	0.5	96083	241	95963	4116473	42.84
2020-2022	36	0.00271	0.00270	0.5	95842	259	95713	4020510	41.95
2020-2022	37	0.00273	0.00273	0.5	95583	261	95453	3924798	41.06
2020-2022	38	0.00274	0.00273	0.5	95323	260	95192	3829345	40.17
2020-2022	39	0.00299	0.00299	0.5	95062	284	94920	3734152	39.28
2020-2022	40	0.00313	0.00313	0.5	94778	296	94630	3639232	38.40
2020-2022	41	0.00322	0.00322	0.5	94482	304	94330	3544603	37.52
2020-2022	42	0.00327	0.00327	0.5	94178	308	94024	3450273	36.64
2020-2022	43	0.00348	0.00348	0.5	93870	326	93707	3356249	35.75
2020-2022	44	0.00372	0.00371	0.5	93543	347	93370	3262543	34.88
2020-2022	45	0.00381	0.00381	0.5	93196	355	93019	3169173	34.01
2020-2022	46	0.00407	0.00406	0.5	92842	377	92653	3076154	33.13
2020-2022	47	0.00442	0.00441	0.5	92465	408	92261	2983500	32.27
2020-2022	48	0.00470	0.00469	0.5	92057	432	91841	2891240	31.41
2020-2022	49	0.00507	0.00506	0.5	91625	463	91393	2799399	30.55
2020-2022	50	0.00546	0.00545	0.5	91162	497	90913	2708005	29.71
2020-2022	51	0.00583	0.00581	0.5	90665	527	90402	2617092	28.87
2020-2022	52	0.00637	0.00635	0.5	90138	572	89852	2526690	28.03
2020-2022	53	0.00676	0.00674	0.5	89566	604	89264	2436838	27.21
2020-2022	54	0.00749	0.00746	0.5	88962	664	88630	2347573	26.39
2020-2022	55	0.00808	0.00805	0.5	88298	711	87943	2258943	25.58
2020-2022	56	0.00886	0.00882	0.5	87588	772	87202	2171000	24.79
2020-2022	57	0.00946	0.00941	0.5	86816	817	86407	2083798	24.00
2020-2022	58	0.01026	0.01021	0.5	85998	878	85559	1997391	23.23
2020-2022	59	0.01112	0.01106	0.5	85120	941	84650	1911832	22.46
2020-2022	60	0.01196	0.01189	0.5	84179	1001	83679	1827182	21.71
2020-2022	61	0.01294	0.01286	0.5	83178	1070	82643	1743504	20.96
2020-2022	62	0.01376	0.01366	0.5	82109	1122	81548	1660860	20.23
2020-2022	63	0.01477	0.01466	0.5	80987	1187	80393	1579313	19.50
2020-2022	64	0.01584	0.01571	0.5	79799	1254	79172	1498920	18.78
2020-2022	65	0.01689	0.01675	0.5	78546	1315	77888	1419747	18.08
2020-2022	66	0.01773	0.01758	0.5	77230	1358	76551	1341859	17.37
2020-2022	67	0.01916	0.01898	0.5	75873	1440	75153	1265308	16.68
2020-2022	68	0.02022	0.02002	0.5	74432	1490	73688	1190155	15.99
2020-2022	69	0.02164	0.02141	0.5	72943	1562	72162	1116468	15.31
2020-2022	70	0.02343	0.02316	0.5	71381	1653	70554	1044306	14.63
2020-2022	71	0.02460	0.02430	0.5	69728	1694	68881	973752	13.97
2020-2022	72	0.02659	0.02624	0.5	68033	1785	67141	904872	13.30
2020-2022	73	0.02921	0.02879	0.5	66248	1907	65294	837731	12.65
2020-2022	74	0.03141	0.03092	0.5	64341	1990	63346	772436	12.01
2020-2022	75	0.03519	0.03458	0.5	62351	2156	61273	709091	11.37
2020-2022	76	0.03776	0.03706	0.5	60195	2231	59079	647818	10.76
2020-2022	77	0.04280	0.04190	0.5	57964	2429	56750	588739	10.16
2020-2022	78	0.04721	0.04612	0.5	55535	2561	54255	531989	9.58
2020-2022	79	0.05228	0.05095	0.5	52974	2699	51625	477734	9.02
2020-2022	80	0.05716	0.05557	0.5	50275	2794	48878	426110	8.48
2020-2022	81	0.06345	0.06150	0.5	47481	2920	46021	377232	7.94
2020-2022	82	0.07054	0.06814	0.5	44561	3036	43043	331211	7.43
2020-2022	83	0.07939	0.07636	0.5	41525	3171	39939	288168	6.94
2020-2022	84	0.08805	0.08433	0.5	38354	3234	36737	248228	6.47
2020-2022	85	0.09861	0.09398	0.5	35119	3300	33469	211492	6.02
2020-2022	86	0.11029	0.10452	0.5	31819	3326	30156	178022	5.59
2020-2022	87	0.12371	0.11651	0.5	28493	3320	26833	147866	5.19
2020-2022	88	0.13967	0.13055	0.5	25174	3286	23530	121033	4.81
2020-2022	89	0.15504	0.14389	0.5	21887	3149	20312	97503	4.45
2020-2022	90	0.17639	0.16210	0.5	18738	3037	17219	77190	4.12
2020-2022	91	0.19740	0.17967	0.5	15700	2821	14290	59971	3.82
2020-2022	92	0.21684	0.19563	0.5	12880	2520	11620	45681	3.55
2020-2022	93	0.24348	0.21706	0.5	10360	2249	9236	34061	3.29
2020-2022	94	0.26783	0.23620	0.5	8111	1916	7153	24825	3.06
2020-2022	95	0.29274	0.25536	0.5	6195	1582	5404	17672	2.85
2020-2022	96	0.32057	0.27628	0.5	4613	1275	3976	12268	2.66
2020-2022	97	0.34973	0.29768	0.5	3339	994	2842	8292	2.48
2020-2022	98	0.38006	0.31937	0.5	2345	749	1970	5450	2.32
2020-2022	99	0.41136	0.34118	0.5	1596	545	1324	3479	2.18
2020-2022	100	0.44339	0.36293	0.5	1051	382	861	2156	2.05
2020-2022	101	0.47590	0.38442	0.5	670	258	541	1295	1.93
2020-2022	102	0.50861	0.40549	0.5	412	167	329	754	1.83
2020-2022	103	0.54125	0.42597	0.5	245	104	193	425	1.73
2020-2022	104	0.57354	0.44572	0.5	141	63	109	232	1.65
2020-2022	105	0.60522	0.46462	0.5	78	36	60	123	1.58
2020-2022	106	0.63604	0.48257	0.5	42	20	32	63	1.51
2020-2022	107	0.66578	0.49950	0.5	22	11	16	31	1.45
2020-2022	108	0.69425	0.51536	0.5	11	6	8	15	1.40
2020-2022	109	0.72132	0.53012	0.5	5	3	4	7	1.36
2020-2022	110+	0.74686	1.00000	1.34	2	2	3	3	1.34
