Reg4: Reg4, Lifetables (period 1x10), Males Last modified: February 4 2025, MPv5 (May07) 

Year     	Age	mx	qx	ax	lx	dx	Lx	Tx	ex
1960-1969	0	0.02586	0.02528	0.11	100000	2528	97761	6764322	67.64
1960-1969	1	0.00168	0.00168	0.5	97472	164	97390	6666562	68.39
1960-1969	2	0.00112	0.00112	0.5	97308	109	97254	6569172	67.51
1960-1969	3	0.00085	0.00085	0.5	97199	82	97158	6471918	66.58
1960-1969	4	0.00068	0.00068	0.5	97117	66	97084	6374760	65.64
1960-1969	5	0.00059	0.00059	0.5	97051	57	97022	6277676	64.68
1960-1969	6	0.00054	0.00054	0.5	96993	52	96967	6180654	63.72
1960-1969	7	0.00049	0.00049	0.5	96941	47	96917	6083687	62.76
1960-1969	8	0.00045	0.00045	0.5	96894	43	96872	5986770	61.79
1960-1969	9	0.00042	0.00042	0.5	96850	41	96830	5889897	60.81
1960-1969	10	0.00040	0.00040	0.5	96810	38	96790	5793067	59.84
1960-1969	11	0.00041	0.00041	0.5	96771	40	96751	5696277	58.86
1960-1969	12	0.00046	0.00046	0.5	96731	45	96709	5599526	57.89
1960-1969	13	0.00055	0.00055	0.5	96686	53	96660	5502817	56.91
1960-1969	14	0.00066	0.00066	0.5	96633	64	96601	5406157	55.95
1960-1969	15	0.00086	0.00086	0.5	96570	83	96528	5309556	54.98
1960-1969	16	0.00120	0.00120	0.5	96486	116	96428	5213028	54.03
1960-1969	17	0.00144	0.00144	0.5	96370	139	96301	5116599	53.09
1960-1969	18	0.00175	0.00175	0.5	96232	168	96148	5020298	52.17
1960-1969	19	0.00187	0.00187	0.5	96064	179	95974	4924151	51.26
1960-1969	20	0.00193	0.00193	0.5	95884	185	95792	4828177	50.35
1960-1969	21	0.00205	0.00205	0.5	95700	196	95602	4732385	49.45
1960-1969	22	0.00202	0.00202	0.5	95504	193	95407	4636783	48.55
1960-1969	23	0.00199	0.00199	0.5	95311	189	95216	4541376	47.65
1960-1969	24	0.00183	0.00182	0.5	95121	173	95035	4446160	46.74
1960-1969	25	0.00187	0.00187	0.5	94948	177	94859	4351125	45.83
1960-1969	26	0.00180	0.00180	0.5	94771	170	94685	4256266	44.91
1960-1969	27	0.00181	0.00181	0.5	94600	171	94515	4161581	43.99
1960-1969	28	0.00188	0.00187	0.5	94430	177	94341	4067066	43.07
1960-1969	29	0.00187	0.00187	0.5	94253	176	94164	3972724	42.15
1960-1969	30	0.00188	0.00188	0.5	94076	177	93988	3878560	41.23
1960-1969	31	0.00194	0.00193	0.5	93900	182	93809	3784572	40.30
1960-1969	32	0.00204	0.00203	0.5	93718	191	93623	3690763	39.38
1960-1969	33	0.00220	0.00220	0.5	93527	205	93425	3597141	38.46
1960-1969	34	0.00222	0.00222	0.5	93322	207	93218	3503716	37.54
1960-1969	35	0.00237	0.00236	0.5	93115	220	93005	3410498	36.63
1960-1969	36	0.00259	0.00259	0.5	92895	240	92774	3317493	35.71
1960-1969	37	0.00274	0.00273	0.5	92654	253	92528	3224719	34.80
1960-1969	38	0.00303	0.00302	0.5	92401	279	92261	3132191	33.90
1960-1969	39	0.00330	0.00329	0.5	92122	303	91970	3039930	33.00
1960-1969	40	0.00357	0.00356	0.5	91819	327	91655	2947959	32.11
1960-1969	41	0.00385	0.00384	0.5	91492	352	91316	2856304	31.22
1960-1969	42	0.00436	0.00435	0.5	91140	396	90942	2764989	30.34
1960-1969	43	0.00470	0.00469	0.5	90744	425	90531	2674047	29.47
1960-1969	44	0.00529	0.00528	0.5	90318	476	90080	2583516	28.60
1960-1969	45	0.00567	0.00566	0.5	89842	508	89588	2493436	27.75
1960-1969	46	0.00616	0.00614	0.5	89334	549	89059	2403848	26.91
1960-1969	47	0.00689	0.00686	0.5	88785	609	88480	2314789	26.07
1960-1969	48	0.00746	0.00743	0.5	88176	655	87848	2226309	25.25
1960-1969	49	0.00839	0.00835	0.5	87521	731	87155	2138461	24.43
1960-1969	50	0.00917	0.00913	0.5	86790	792	86394	2051306	23.64
1960-1969	51	0.01018	0.01013	0.5	85997	871	85562	1964912	22.85
1960-1969	52	0.01111	0.01105	0.5	85126	941	84656	1879350	22.08
1960-1969	53	0.01224	0.01216	0.5	84186	1024	83674	1794694	21.32
1960-1969	54	0.01333	0.01324	0.5	83162	1101	82611	1711020	20.57
1960-1969	55	0.01458	0.01448	0.5	82060	1188	81466	1628409	19.84
1960-1969	56	0.01585	0.01572	0.5	80872	1272	80237	1546943	19.13
1960-1969	57	0.01734	0.01719	0.5	79601	1369	78916	1466706	18.43
1960-1969	58	0.01898	0.01880	0.5	78232	1471	77497	1387790	17.74
1960-1969	59	0.02047	0.02026	0.5	76761	1556	75984	1310293	17.07
1960-1969	60	0.02218	0.02194	0.5	75206	1650	74381	1234309	16.41
1960-1969	61	0.02389	0.02360	0.5	73556	1736	72688	1159928	15.77
1960-1969	62	0.02653	0.02618	0.5	71820	1880	70880	1087240	15.14
1960-1969	63	0.02825	0.02786	0.5	69940	1948	68966	1016360	14.53
1960-1969	64	0.03071	0.03025	0.5	67992	2057	66963	947394	13.93
1960-1969	65	0.03388	0.03332	0.5	65935	2197	64837	880431	13.35
1960-1969	66	0.03570	0.03507	0.5	63738	2235	62621	815594	12.80
1960-1969	67	0.03885	0.03811	0.5	61503	2344	60331	752973	12.24
1960-1969	68	0.04169	0.04084	0.5	59159	2416	57951	692642	11.71
1960-1969	69	0.04453	0.04356	0.5	56743	2471	55507	634691	11.19
1960-1969	70	0.04868	0.04753	0.5	54272	2579	52982	579184	10.67
1960-1969	71	0.05150	0.05020	0.5	51692	2595	50395	526202	10.18
1960-1969	72	0.05692	0.05534	0.5	49097	2717	47739	475807	9.69
1960-1969	73	0.06050	0.05872	0.5	46380	2724	45018	428068	9.23
1960-1969	74	0.06606	0.06395	0.5	43656	2792	42260	383050	8.77
1960-1969	75	0.07107	0.06863	0.5	40864	2805	39462	340790	8.34
1960-1969	76	0.07553	0.07278	0.5	38060	2770	36675	301328	7.92
1960-1969	77	0.08169	0.07848	0.5	35290	2770	33905	264653	7.50
1960-1969	78	0.08674	0.08314	0.5	32520	2704	31169	230748	7.10
1960-1969	79	0.09518	0.09086	0.5	29817	2709	28462	199579	6.69
1960-1969	80	0.10533	0.10006	0.5	27108	2712	25752	171117	6.31
1960-1969	81	0.11074	0.10493	0.5	24395	2560	23116	145365	5.96
1960-1969	82	0.12378	0.11656	0.5	21836	2545	20563	122250	5.60
1960-1969	83	0.13617	0.12749	0.5	19290	2459	18061	101687	5.27
1960-1969	84	0.14773	0.13757	0.5	16831	2315	15673	83626	4.97
1960-1969	85	0.15975	0.14793	0.5	14516	2147	13442	67953	4.68
1960-1969	86	0.17347	0.15963	0.5	12368	1974	11381	54511	4.41
1960-1969	87	0.19124	0.17455	0.5	10394	1814	9487	43130	4.15
1960-1969	88	0.20225	0.18368	0.5	8580	1576	7792	33643	3.92
1960-1969	89	0.22152	0.19943	0.5	7004	1397	6305	25851	3.69
1960-1969	90	0.24263	0.21638	0.5	5607	1213	5000	19545	3.49
1960-1969	91	0.24996	0.22219	0.5	4394	976	3906	14545	3.31
1960-1969	92	0.27594	0.24248	0.5	3418	829	3003	10639	3.11
1960-1969	93	0.29696	0.25857	0.5	2589	669	2254	7636	2.95
1960-1969	94	0.31239	0.27019	0.5	1919	519	1660	5382	2.80
1960-1969	95	0.33368	0.28597	0.5	1401	401	1201	3722	2.66
1960-1969	96	0.35558	0.30191	0.5	1000	302	849	2521	2.52
1960-1969	97	0.37811	0.31799	0.5	698	222	587	1672	2.39
1960-1969	98	0.40117	0.33415	0.5	476	159	397	1085	2.28
1960-1969	99	0.42468	0.35030	0.5	317	111	262	688	2.17
1960-1969	100	0.44854	0.36637	0.5	206	75	168	427	2.07
1960-1969	101	0.47264	0.38229	0.5	131	50	106	258	1.98
1960-1969	102	0.49686	0.39799	0.5	81	32	65	153	1.90
1960-1969	103	0.52110	0.41339	0.5	49	20	39	88	1.82
1960-1969	104	0.54524	0.42844	0.5	28	12	22	50	1.75
1960-1969	105	0.56917	0.44308	0.5	16	7	13	27	1.68
1960-1969	106	0.59278	0.45726	0.5	9	4	7	15	1.62
1960-1969	107	0.61597	0.47093	0.5	5	2	4	8	1.57
1960-1969	108	0.63865	0.48407	0.5	3	1	2	4	1.53
1960-1969	109	0.66072	0.49665	0.5	1	1	1	2	1.49
1960-1969	110+	0.68211	1.00000	1.47	1	1	1	1	1.47
1970-1979	0	0.01675	0.01650	0.09	100000	1650	98498	6962394	69.62
1970-1979	1	0.00126	0.00126	0.5	98350	124	98288	6863895	69.79
1970-1979	2	0.00091	0.00091	0.5	98226	90	98181	6765608	68.88
1970-1979	3	0.00074	0.00074	0.5	98136	73	98100	6667427	67.94
1970-1979	4	0.00058	0.00058	0.5	98063	57	98035	6569327	66.99
1970-1979	5	0.00051	0.00051	0.5	98007	50	97982	6471292	66.03
1970-1979	6	0.00047	0.00047	0.5	97957	46	97934	6373310	65.06
1970-1979	7	0.00042	0.00042	0.5	97911	41	97890	6275376	64.09
1970-1979	8	0.00038	0.00038	0.5	97870	37	97852	6177486	63.12
1970-1979	9	0.00036	0.00036	0.5	97833	35	97815	6079634	62.14
1970-1979	10	0.00037	0.00037	0.5	97798	36	97780	5981819	61.17
1970-1979	11	0.00037	0.00037	0.5	97762	36	97744	5884039	60.19
1970-1979	12	0.00040	0.00040	0.5	97726	39	97706	5786295	59.21
1970-1979	13	0.00049	0.00049	0.5	97687	48	97663	5688589	58.23
1970-1979	14	0.00062	0.00062	0.5	97639	61	97609	5590926	57.26
1970-1979	15	0.00087	0.00087	0.5	97578	85	97535	5493317	56.30
1970-1979	16	0.00126	0.00126	0.5	97493	122	97432	5395782	55.35
1970-1979	17	0.00162	0.00161	0.5	97370	157	97292	5298350	54.41
1970-1979	18	0.00196	0.00196	0.5	97213	190	97118	5201058	53.50
1970-1979	19	0.00221	0.00220	0.5	97023	214	96916	5103940	52.61
1970-1979	20	0.00217	0.00217	0.5	96809	210	96704	5007025	51.72
1970-1979	21	0.00222	0.00222	0.5	96599	214	96492	4910321	50.83
1970-1979	22	0.00225	0.00225	0.5	96385	217	96276	4813829	49.94
1970-1979	23	0.00216	0.00216	0.5	96168	208	96064	4717553	49.06
1970-1979	24	0.00209	0.00208	0.5	95960	200	95860	4621489	48.16
1970-1979	25	0.00207	0.00207	0.5	95760	198	95661	4525628	47.26
1970-1979	26	0.00198	0.00198	0.5	95562	189	95468	4429967	46.36
1970-1979	27	0.00196	0.00196	0.5	95373	187	95279	4334499	45.45
1970-1979	28	0.00199	0.00199	0.5	95186	189	95091	4239220	44.54
1970-1979	29	0.00197	0.00197	0.5	94997	187	94903	4144129	43.62
1970-1979	30	0.00194	0.00194	0.5	94810	184	94718	4049226	42.71
1970-1979	31	0.00193	0.00193	0.5	94626	182	94535	3954508	41.79
1970-1979	32	0.00196	0.00196	0.5	94444	185	94351	3859973	40.87
1970-1979	33	0.00202	0.00202	0.5	94258	190	94163	3765622	39.95
1970-1979	34	0.00210	0.00210	0.5	94068	198	93969	3671459	39.03
1970-1979	35	0.00224	0.00224	0.5	93870	210	93765	3577490	38.11
1970-1979	36	0.00243	0.00243	0.5	93660	227	93547	3483724	37.20
1970-1979	37	0.00253	0.00252	0.5	93433	236	93315	3390178	36.28
1970-1979	38	0.00269	0.00269	0.5	93197	250	93072	3296862	35.38
1970-1979	39	0.00294	0.00293	0.5	92947	273	92811	3203790	34.47
1970-1979	40	0.00316	0.00316	0.5	92674	293	92528	3110979	33.57
1970-1979	41	0.00336	0.00336	0.5	92382	310	92227	3018451	32.67
1970-1979	42	0.00384	0.00383	0.5	92072	353	91895	2926224	31.78
1970-1979	43	0.00410	0.00409	0.5	91719	375	91531	2834329	30.90
1970-1979	44	0.00440	0.00439	0.5	91344	401	91144	2742798	30.03
1970-1979	45	0.00491	0.00490	0.5	90943	446	90720	2651654	29.16
1970-1979	46	0.00541	0.00540	0.5	90498	489	90253	2560934	28.30
1970-1979	47	0.00586	0.00584	0.5	90009	526	89746	2470681	27.45
1970-1979	48	0.00656	0.00654	0.5	89483	585	89190	2380935	26.61
1970-1979	49	0.00710	0.00707	0.5	88897	629	88583	2291745	25.78
1970-1979	50	0.00779	0.00776	0.5	88269	685	87926	2203162	24.96
1970-1979	51	0.00860	0.00856	0.5	87584	750	87209	2115235	24.15
1970-1979	52	0.00912	0.00908	0.5	86834	789	86440	2028026	23.36
1970-1979	53	0.01003	0.00998	0.5	86045	859	85616	1941587	22.56
1970-1979	54	0.01113	0.01107	0.5	85187	943	84716	1855970	21.79
1970-1979	55	0.01221	0.01213	0.5	84244	1022	83733	1771255	21.03
1970-1979	56	0.01314	0.01305	0.5	83222	1086	82679	1687522	20.28
1970-1979	57	0.01455	0.01444	0.5	82136	1186	81542	1604843	19.54
1970-1979	58	0.01584	0.01572	0.5	80949	1272	80313	1523300	18.82
1970-1979	59	0.01705	0.01690	0.5	79677	1347	79004	1442987	18.11
1970-1979	60	0.01902	0.01885	0.5	78330	1476	77592	1363984	17.41
1970-1979	61	0.02059	0.02038	0.5	76854	1566	76071	1286392	16.74
1970-1979	62	0.02260	0.02235	0.5	75288	1683	74446	1210321	16.08
1970-1979	63	0.02480	0.02449	0.5	73605	1803	72704	1135875	15.43
1970-1979	64	0.02665	0.02630	0.5	71802	1888	70858	1063171	14.81
1970-1979	65	0.02876	0.02835	0.5	69914	1982	68923	992313	14.19
1970-1979	66	0.03064	0.03018	0.5	67932	2050	66907	923390	13.59
1970-1979	67	0.03385	0.03328	0.5	65882	2193	64785	856483	13.00
1970-1979	68	0.03584	0.03521	0.5	63689	2243	62568	791698	12.43
1970-1979	69	0.03951	0.03874	0.5	61446	2381	60256	729130	11.87
1970-1979	70	0.04263	0.04174	0.5	59066	2466	57833	668874	11.32
1970-1979	71	0.04625	0.04521	0.5	56600	2559	55321	611041	10.80
1970-1979	72	0.05034	0.04910	0.5	54041	2653	52715	555720	10.28
1970-1979	73	0.05414	0.05272	0.5	51388	2709	50033	503006	9.79
1970-1979	74	0.05869	0.05701	0.5	48679	2775	47291	452973	9.31
1970-1979	75	0.06531	0.06324	0.5	45903	2903	44452	405681	8.84
1970-1979	76	0.06976	0.06741	0.5	43001	2898	41551	361229	8.40
1970-1979	77	0.07589	0.07312	0.5	40102	2932	38636	319678	7.97
1970-1979	78	0.08214	0.07890	0.5	37170	2933	35704	281042	7.56
1970-1979	79	0.08861	0.08485	0.5	34237	2905	32785	245339	7.17
1970-1979	80	0.09486	0.09057	0.5	31332	2838	29913	212554	6.78
1970-1979	81	0.10225	0.09728	0.5	28495	2772	27109	182640	6.41
1970-1979	82	0.11158	0.10569	0.5	25723	2719	24364	155532	6.05
1970-1979	83	0.12234	0.11529	0.5	23004	2652	21678	131168	5.70
1970-1979	84	0.13240	0.12418	0.5	20352	2527	19089	109490	5.38
1970-1979	85	0.14346	0.13386	0.5	17825	2386	16632	90401	5.07
1970-1979	86	0.15752	0.14602	0.5	15439	2254	14312	73769	4.78
1970-1979	87	0.16933	0.15612	0.5	13184	2058	12155	59458	4.51
1970-1979	88	0.18206	0.16687	0.5	11126	1857	10198	47302	4.25
1970-1979	89	0.19875	0.18078	0.5	9270	1676	8432	37105	4.00
1970-1979	90	0.21362	0.19300	0.5	7594	1466	6861	28673	3.78
1970-1979	91	0.22955	0.20591	0.5	6128	1262	5497	21812	3.56
1970-1979	92	0.25251	0.22421	0.5	4866	1091	4321	16315	3.35
1970-1979	93	0.26920	0.23727	0.5	3775	896	3327	11994	3.18
1970-1979	94	0.29122	0.25421	0.5	2879	732	2513	8667	3.01
1970-1979	95	0.30477	0.26447	0.5	2148	568	1864	6153	2.87
1970-1979	96	0.32542	0.27988	0.5	1580	442	1359	4290	2.72
1970-1979	97	0.34677	0.29553	0.5	1137	336	969	2931	2.58
1970-1979	98	0.36876	0.31135	0.5	801	249	677	1962	2.45
1970-1979	99	0.39131	0.32728	0.5	552	181	462	1285	2.33
1970-1979	100	0.41433	0.34323	0.5	371	127	308	824	2.22
1970-1979	101	0.43774	0.35913	0.5	244	88	200	516	2.12
1970-1979	102	0.46142	0.37492	0.5	156	59	127	316	2.02
1970-1979	103	0.48528	0.39052	0.5	98	38	79	189	1.94
1970-1979	104	0.50920	0.40587	0.5	60	24	47	111	1.86
1970-1979	105	0.53309	0.42090	0.5	35	15	28	63	1.79
1970-1979	106	0.55682	0.43556	0.5	20	9	16	35	1.72
1970-1979	107	0.58030	0.44979	0.5	12	5	9	19	1.66
1970-1979	108	0.60341	0.46356	0.5	6	3	5	10	1.61
1970-1979	109	0.62608	0.47682	0.5	3	2	3	5	1.57
1970-1979	110+	0.64821	1.00000	1.54	2	2	3	3	1.54
1980-1989	0	0.01106	0.01095	0.07	100000	1095	98987	7206270	72.06
1980-1989	1	0.00095	0.00095	0.5	98905	94	98858	7107283	71.86
1980-1989	2	0.00066	0.00066	0.5	98811	65	98778	7008425	70.93
1980-1989	3	0.00049	0.00049	0.5	98746	49	98721	6909647	69.97
1980-1989	4	0.00038	0.00038	0.5	98697	38	98678	6810925	69.01
1980-1989	5	0.00034	0.00034	0.5	98659	33	98643	6712247	68.03
1980-1989	6	0.00032	0.00032	0.5	98626	32	98610	6613605	67.06
1980-1989	7	0.00029	0.00029	0.5	98594	28	98580	6514995	66.08
1980-1989	8	0.00030	0.00030	0.5	98566	30	98551	6416414	65.10
1980-1989	9	0.00028	0.00028	0.5	98536	28	98523	6317863	64.12
1980-1989	10	0.00026	0.00026	0.5	98509	26	98496	6219341	63.13
1980-1989	11	0.00029	0.00029	0.5	98483	29	98469	6120845	62.15
1980-1989	12	0.00032	0.00032	0.5	98454	32	98438	6022376	61.17
1980-1989	13	0.00039	0.00039	0.5	98423	38	98404	5923937	60.19
1980-1989	14	0.00051	0.00051	0.5	98384	51	98359	5825534	59.21
1980-1989	15	0.00069	0.00069	0.5	98334	68	98300	5727175	58.24
1980-1989	16	0.00104	0.00103	0.5	98266	102	98215	5628875	57.28
1980-1989	17	0.00129	0.00128	0.5	98164	126	98101	5530660	56.34
1980-1989	18	0.00170	0.00170	0.5	98038	167	97955	5432559	55.41
1980-1989	19	0.00173	0.00173	0.5	97871	169	97787	5334604	54.51
1980-1989	20	0.00170	0.00170	0.5	97702	166	97619	5236817	53.60
1980-1989	21	0.00183	0.00183	0.5	97536	178	97447	5139198	52.69
1980-1989	22	0.00182	0.00182	0.5	97358	177	97269	5041751	51.79
1980-1989	23	0.00180	0.00180	0.5	97181	175	97093	4944482	50.88
1980-1989	24	0.00175	0.00175	0.5	97006	170	96921	4847389	49.97
1980-1989	25	0.00175	0.00175	0.5	96836	170	96751	4750468	49.06
1980-1989	26	0.00176	0.00176	0.5	96666	170	96581	4653717	48.14
1980-1989	27	0.00177	0.00177	0.5	96496	171	96411	4557135	47.23
1980-1989	28	0.00183	0.00183	0.5	96326	176	96238	4460724	46.31
1980-1989	29	0.00175	0.00175	0.5	96149	168	96065	4364487	45.39
1980-1989	30	0.00184	0.00184	0.5	95982	177	95893	4268421	44.47
1980-1989	31	0.00193	0.00193	0.5	95805	185	95713	4172528	43.55
1980-1989	32	0.00205	0.00205	0.5	95620	196	95522	4076815	42.64
1980-1989	33	0.00208	0.00208	0.5	95424	198	95325	3981293	41.72
1980-1989	34	0.00205	0.00205	0.5	95226	195	95128	3885968	40.81
1980-1989	35	0.00216	0.00216	0.5	95031	205	94928	3790840	39.89
1980-1989	36	0.00234	0.00234	0.5	94825	222	94714	3695912	38.98
1980-1989	37	0.00241	0.00241	0.5	94604	228	94490	3601197	38.07
1980-1989	38	0.00264	0.00264	0.5	94376	249	94251	3506708	37.16
1980-1989	39	0.00247	0.00247	0.5	94127	232	94011	3412457	36.25
1980-1989	40	0.00273	0.00272	0.5	93895	256	93767	3318446	35.34
1980-1989	41	0.00300	0.00300	0.5	93639	281	93499	3224679	34.44
1980-1989	42	0.00318	0.00317	0.5	93358	296	93210	3131181	33.54
1980-1989	43	0.00331	0.00331	0.5	93062	308	92908	3037971	32.64
1980-1989	44	0.00350	0.00349	0.5	92754	324	92592	2945062	31.75
1980-1989	45	0.00393	0.00392	0.5	92430	363	92249	2852470	30.86
1980-1989	46	0.00435	0.00434	0.5	92068	399	91868	2760221	29.98
1980-1989	47	0.00463	0.00462	0.5	91669	424	91457	2668353	29.11
1980-1989	48	0.00529	0.00527	0.5	91245	481	91004	2576896	28.24
1980-1989	49	0.00531	0.00530	0.5	90764	481	90523	2485892	27.39
1980-1989	50	0.00598	0.00597	0.5	90283	539	90014	2395369	26.53
1980-1989	51	0.00686	0.00684	0.5	89744	614	89438	2305355	25.69
1980-1989	52	0.00755	0.00752	0.5	89131	670	88796	2215917	24.86
1980-1989	53	0.00811	0.00808	0.5	88461	715	88103	2127122	24.05
1980-1989	54	0.00879	0.00875	0.5	87746	768	87362	2039019	23.24
1980-1989	55	0.00996	0.00991	0.5	86978	862	86547	1951657	22.44
1980-1989	56	0.01090	0.01084	0.5	86116	934	85649	1865110	21.66
1980-1989	57	0.01160	0.01153	0.5	85182	982	84691	1779461	20.89
1980-1989	58	0.01319	0.01311	0.5	84199	1104	83648	1694771	20.13
1980-1989	59	0.01395	0.01385	0.5	83096	1151	82520	1611123	19.39
1980-1989	60	0.01525	0.01513	0.5	81945	1240	81325	1528603	18.65
1980-1989	61	0.01669	0.01655	0.5	80705	1336	80037	1447278	17.93
1980-1989	62	0.01874	0.01856	0.5	79369	1473	78632	1367241	17.23
1980-1989	63	0.01999	0.01979	0.5	77896	1541	77125	1288609	16.54
1980-1989	64	0.02119	0.02097	0.5	76354	1601	75554	1211484	15.87
1980-1989	65	0.02321	0.02294	0.5	74753	1715	73896	1135930	15.20
1980-1989	66	0.02524	0.02492	0.5	73038	1820	72128	1062034	14.54
1980-1989	67	0.02747	0.02710	0.5	71218	1930	70253	989906	13.90
1980-1989	68	0.03040	0.02995	0.5	69288	2075	68251	919653	13.27
1980-1989	69	0.03291	0.03238	0.5	67213	2176	66125	851403	12.67
1980-1989	70	0.03599	0.03536	0.5	65037	2300	63887	785278	12.07
1980-1989	71	0.03946	0.03870	0.5	62737	2428	61524	721391	11.50
1980-1989	72	0.04346	0.04253	0.5	60310	2565	59027	659867	10.94
1980-1989	73	0.04747	0.04637	0.5	57744	2678	56406	600840	10.41
1980-1989	74	0.05081	0.04955	0.5	55067	2728	53703	544434	9.89
1980-1989	75	0.05509	0.05361	0.5	52338	2806	50935	490732	9.38
1980-1989	76	0.06083	0.05903	0.5	49532	2924	48070	439796	8.88
1980-1989	77	0.06594	0.06384	0.5	46608	2975	45121	391726	8.40
1980-1989	78	0.07231	0.06979	0.5	43633	3045	42110	346605	7.94
1980-1989	79	0.07866	0.07569	0.5	40588	3072	39052	304495	7.50
1980-1989	80	0.08736	0.08370	0.5	37516	3140	35946	265443	7.08
1980-1989	81	0.09543	0.09108	0.5	34376	3131	32810	229497	6.68
1980-1989	82	0.10475	0.09953	0.5	31245	3110	29690	196687	6.30
1980-1989	83	0.11232	0.10635	0.5	28135	2992	26639	166997	5.94
1980-1989	84	0.12368	0.11648	0.5	25143	2929	23678	140358	5.58
1980-1989	85	0.13508	0.12653	0.5	22214	2811	20809	116679	5.25
1980-1989	86	0.14667	0.13665	0.5	19403	2651	18078	95871	4.94
1980-1989	87	0.16037	0.14847	0.5	16752	2487	15508	77793	4.64
1980-1989	88	0.17280	0.15906	0.5	14265	2269	13130	62285	4.37
1980-1989	89	0.18987	0.17341	0.5	11996	2080	10956	49154	4.10
1980-1989	90	0.20651	0.18718	0.5	9916	1856	8988	38198	3.85
1980-1989	91	0.22444	0.20180	0.5	8060	1626	7246	29211	3.62
1980-1989	92	0.24251	0.21628	0.5	6433	1391	5738	21964	3.41
1980-1989	93	0.26139	0.23118	0.5	5042	1166	4459	16227	3.22
1980-1989	94	0.28429	0.24891	0.5	3876	965	3394	11768	3.04
1980-1989	95	0.30122	0.26179	0.5	2911	762	2530	8374	2.88
1980-1989	96	0.32290	0.27801	0.5	2149	598	1850	5843	2.72
1980-1989	97	0.34536	0.29451	0.5	1552	457	1323	3993	2.57
1980-1989	98	0.36854	0.31120	0.5	1095	341	924	2670	2.44
1980-1989	99	0.39234	0.32800	0.5	754	247	630	1745	2.31
1980-1989	100	0.41666	0.34483	0.5	507	175	419	1115	2.20
1980-1989	101	0.44140	0.36160	0.5	332	120	272	696	2.10
1980-1989	102	0.46643	0.37822	0.5	212	80	172	424	2.00
1980-1989	103	0.49163	0.39462	0.5	132	52	106	252	1.91
1980-1989	104	0.51687	0.41073	0.5	80	33	63	146	1.83
1980-1989	105	0.54203	0.42645	0.5	47	20	37	83	1.76
1980-1989	106	0.56697	0.44174	0.5	27	12	21	46	1.69
1980-1989	107	0.59158	0.45654	0.5	15	7	12	25	1.63
1980-1989	108	0.61574	0.47080	0.5	8	4	6	13	1.58
1980-1989	109	0.63934	0.48447	0.5	4	2	3	7	1.54
1980-1989	110+	0.66229	1.00000	1.51	2	2	3	3	1.51
1990-1999	0	0.00774	0.00768	0.07	100000	768	99282	7392737	73.93
1990-1999	1	0.00065	0.00065	0.5	99232	64	99199	7293454	73.50
1990-1999	2	0.00045	0.00045	0.5	99167	45	99145	7194255	72.55
1990-1999	3	0.00032	0.00032	0.5	99122	32	99106	7095110	71.58
1990-1999	4	0.00026	0.00026	0.5	99090	26	99077	6996004	70.60
1990-1999	5	0.00023	0.00023	0.5	99064	23	99053	6896926	69.62
1990-1999	6	0.00020	0.00020	0.5	99041	20	99031	6797874	68.64
1990-1999	7	0.00019	0.00019	0.5	99021	19	99012	6698842	67.65
1990-1999	8	0.00020	0.00020	0.5	99002	20	98993	6599830	66.66
1990-1999	9	0.00018	0.00018	0.5	98983	18	98974	6500838	65.68
1990-1999	10	0.00020	0.00020	0.5	98965	20	98955	6401864	64.69
1990-1999	11	0.00022	0.00022	0.5	98945	21	98934	6302909	63.70
1990-1999	12	0.00025	0.00025	0.5	98924	25	98911	6203974	62.71
1990-1999	13	0.00034	0.00034	0.5	98899	33	98882	6105063	61.73
1990-1999	14	0.00045	0.00045	0.5	98866	45	98843	6006181	60.75
1990-1999	15	0.00064	0.00064	0.5	98821	63	98790	5907337	59.78
1990-1999	16	0.00096	0.00096	0.5	98758	95	98711	5808548	58.82
1990-1999	17	0.00118	0.00118	0.5	98663	117	98605	5709837	57.87
1990-1999	18	0.00150	0.00150	0.5	98547	148	98473	5611232	56.94
1990-1999	19	0.00154	0.00154	0.5	98399	151	98324	5512759	56.02
1990-1999	20	0.00154	0.00154	0.5	98248	151	98172	5414435	55.11
1990-1999	21	0.00158	0.00158	0.5	98097	155	98019	5316263	54.19
1990-1999	22	0.00157	0.00157	0.5	97942	154	97865	5218243	53.28
1990-1999	23	0.00151	0.00151	0.5	97788	147	97714	5120379	52.36
1990-1999	24	0.00146	0.00146	0.5	97641	142	97570	5022664	51.44
1990-1999	25	0.00146	0.00146	0.5	97499	142	97427	4925095	50.51
1990-1999	26	0.00147	0.00146	0.5	97356	143	97285	4827667	49.59
1990-1999	27	0.00150	0.00150	0.5	97214	146	97141	4730382	48.66
1990-1999	28	0.00161	0.00161	0.5	97068	156	96990	4633242	47.73
1990-1999	29	0.00161	0.00161	0.5	96912	156	96834	4536252	46.81
1990-1999	30	0.00167	0.00167	0.5	96756	161	96675	4439418	45.88
1990-1999	31	0.00186	0.00186	0.5	96594	179	96505	4342743	44.96
1990-1999	32	0.00200	0.00200	0.5	96415	193	96319	4246238	44.04
1990-1999	33	0.00208	0.00208	0.5	96222	200	96122	4149920	43.13
1990-1999	34	0.00217	0.00216	0.5	96022	208	95919	4053797	42.22
1990-1999	35	0.00221	0.00221	0.5	95815	211	95709	3957879	41.31
1990-1999	36	0.00239	0.00238	0.5	95603	228	95489	3862170	40.40
1990-1999	37	0.00253	0.00253	0.5	95375	241	95255	3766680	39.49
1990-1999	38	0.00273	0.00273	0.5	95134	259	95005	3671426	38.59
1990-1999	39	0.00269	0.00269	0.5	94875	255	94747	3576421	37.70
1990-1999	40	0.00285	0.00285	0.5	94620	270	94485	3481674	36.80
1990-1999	41	0.00318	0.00318	0.5	94350	300	94200	3387188	35.90
1990-1999	42	0.00329	0.00328	0.5	94051	309	93896	3292988	35.01
1990-1999	43	0.00350	0.00350	0.5	93742	328	93578	3199092	34.13
1990-1999	44	0.00366	0.00365	0.5	93414	341	93244	3105514	33.24
1990-1999	45	0.00384	0.00384	0.5	93073	357	92895	3012271	32.36
1990-1999	46	0.00413	0.00412	0.5	92716	382	92525	2919376	31.49
1990-1999	47	0.00435	0.00434	0.5	92334	401	92133	2826851	30.62
1990-1999	48	0.00476	0.00475	0.5	91933	436	91715	2734718	29.75
1990-1999	49	0.00476	0.00475	0.5	91497	434	91279	2643003	28.89
1990-1999	50	0.00516	0.00515	0.5	91062	469	90828	2551723	28.02
1990-1999	51	0.00573	0.00572	0.5	90593	518	90334	2460896	27.16
1990-1999	52	0.00622	0.00620	0.5	90075	559	89796	2370561	26.32
1990-1999	53	0.00682	0.00679	0.5	89517	608	89213	2280765	25.48
1990-1999	54	0.00716	0.00714	0.5	88909	635	88592	2191552	24.65
1990-1999	55	0.00796	0.00793	0.5	88274	700	87924	2102961	23.82
1990-1999	56	0.00871	0.00868	0.5	87575	760	87195	2015036	23.01
1990-1999	57	0.00955	0.00951	0.5	86815	825	86402	1927842	22.21
1990-1999	58	0.01076	0.01070	0.5	85990	920	85529	1841440	21.41
1990-1999	59	0.01120	0.01114	0.5	85069	948	84595	1755910	20.64
1990-1999	60	0.01262	0.01254	0.5	84121	1055	83594	1671315	19.87
1990-1999	61	0.01416	0.01406	0.5	83066	1168	82482	1587721	19.11
1990-1999	62	0.01558	0.01546	0.5	81898	1266	81265	1505239	18.38
1990-1999	63	0.01673	0.01659	0.5	80632	1338	79963	1423974	17.66
1990-1999	64	0.01815	0.01799	0.5	79294	1426	78581	1344011	16.95
1990-1999	65	0.01950	0.01931	0.5	77868	1504	77116	1265431	16.25
1990-1999	66	0.02122	0.02099	0.5	76364	1603	75562	1188315	15.56
1990-1999	67	0.02320	0.02293	0.5	74761	1714	73903	1112753	14.88
1990-1999	68	0.02565	0.02533	0.5	73046	1850	72121	1038849	14.22
1990-1999	69	0.02749	0.02712	0.5	71196	1931	70231	966728	13.58
1990-1999	70	0.03042	0.02996	0.5	69266	2075	68228	896497	12.94
1990-1999	71	0.03313	0.03259	0.5	67190	2190	66096	828269	12.33
1990-1999	72	0.03629	0.03565	0.5	65001	2317	63842	762173	11.73
1990-1999	73	0.03983	0.03905	0.5	62684	2448	61460	698331	11.14
1990-1999	74	0.04261	0.04173	0.5	60236	2513	58979	636871	10.57
1990-1999	75	0.04657	0.04551	0.5	57722	2627	56409	577892	10.01
1990-1999	76	0.05125	0.04997	0.5	55095	2753	53719	521483	9.47
1990-1999	77	0.05600	0.05447	0.5	52342	2851	50917	467764	8.94
1990-1999	78	0.06055	0.05877	0.5	49491	2909	48037	416847	8.42
1990-1999	79	0.06635	0.06422	0.5	46582	2992	45087	368811	7.92
1990-1999	80	0.07695	0.07410	0.5	43591	3230	41976	323724	7.43
1990-1999	81	0.08539	0.08189	0.5	40361	3305	38708	281748	6.98
1990-1999	82	0.09385	0.08965	0.5	37056	3322	35395	243039	6.56
1990-1999	83	0.10411	0.09896	0.5	33734	3338	32065	207645	6.16
1990-1999	84	0.11426	0.10809	0.5	30396	3285	28753	175580	5.78
1990-1999	85	0.12493	0.11759	0.5	27110	3188	25516	146827	5.42
1990-1999	86	0.13801	0.12910	0.5	23922	3088	22378	121311	5.07
1990-1999	87	0.15088	0.14029	0.5	20834	2923	19373	98932	4.75
1990-1999	88	0.16607	0.15334	0.5	17911	2746	16538	79560	4.44
1990-1999	89	0.18160	0.16648	0.5	15165	2525	13902	63022	4.16
1990-1999	90	0.20029	0.18206	0.5	12640	2301	11490	49119	3.89
1990-1999	91	0.21724	0.19596	0.5	10339	2026	9326	37630	3.64
1990-1999	92	0.23805	0.21273	0.5	8313	1768	7429	28304	3.40
1990-1999	93	0.26333	0.23270	0.5	6545	1523	5783	20875	3.19
1990-1999	94	0.28297	0.24789	0.5	5022	1245	4399	15092	3.01
1990-1999	95	0.30340	0.26344	0.5	3777	995	3279	10693	2.83
1990-1999	96	0.32726	0.28124	0.5	2782	782	2391	7413	2.66
1990-1999	97	0.35205	0.29935	0.5	1999	599	1700	5023	2.51
1990-1999	98	0.37766	0.31767	0.5	1401	445	1178	3323	2.37
1990-1999	99	0.40397	0.33609	0.5	956	321	795	2144	2.24
1990-1999	100	0.43085	0.35448	0.5	635	225	522	1349	2.13
1990-1999	101	0.45814	0.37275	0.5	410	153	333	827	2.02
1990-1999	102	0.48568	0.39078	0.5	257	100	207	493	1.92
1990-1999	103	0.51332	0.40848	0.5	157	64	125	287	1.83
1990-1999	104	0.54087	0.42573	0.5	93	39	73	162	1.75
1990-1999	105	0.56817	0.44247	0.5	53	24	41	89	1.68
1990-1999	106	0.59506	0.45861	0.5	30	14	23	48	1.61
1990-1999	107	0.62140	0.47410	0.5	16	8	12	25	1.55
1990-1999	108	0.64704	0.48888	0.5	8	4	6	13	1.50
1990-1999	109	0.67186	0.50291	0.5	4	2	3	6	1.46
1990-1999	110+	0.69575	1.00000	1.44	2	2	3	3	1.44
2000-2009	0	0.00633	0.00629	0.06	100000	629	99410	7625889	76.26
2000-2009	1	0.00049	0.00049	0.5	99371	49	99346	7526479	75.74
2000-2009	2	0.00032	0.00032	0.5	99322	32	99306	7427133	74.78
2000-2009	3	0.00024	0.00024	0.5	99290	24	99278	7327827	73.80
2000-2009	4	0.00019	0.00019	0.5	99266	19	99257	7228549	72.82
2000-2009	5	0.00017	0.00017	0.5	99247	16	99239	7129293	71.83
2000-2009	6	0.00015	0.00015	0.5	99231	15	99223	7030054	70.85
2000-2009	7	0.00013	0.00013	0.5	99215	13	99209	6930831	69.86
2000-2009	8	0.00014	0.00014	0.5	99202	14	99195	6831622	68.87
2000-2009	9	0.00014	0.00014	0.5	99188	14	99181	6732427	67.88
2000-2009	10	0.00015	0.00015	0.5	99174	15	99167	6633246	66.88
2000-2009	11	0.00015	0.00015	0.5	99160	15	99152	6534079	65.89
2000-2009	12	0.00018	0.00018	0.5	99144	18	99135	6434927	64.90
2000-2009	13	0.00022	0.00022	0.5	99126	21	99116	6335792	63.92
2000-2009	14	0.00030	0.00030	0.5	99105	30	99090	6236676	62.93
2000-2009	15	0.00042	0.00042	0.5	99075	41	99054	6137586	61.95
2000-2009	16	0.00060	0.00060	0.5	99033	59	99004	6038532	60.97
2000-2009	17	0.00081	0.00081	0.5	98974	80	98934	5939528	60.01
2000-2009	18	0.00113	0.00113	0.5	98894	112	98838	5840594	59.06
2000-2009	19	0.00126	0.00126	0.5	98782	125	98720	5741756	58.13
2000-2009	20	0.00129	0.00129	0.5	98658	127	98594	5643036	57.20
2000-2009	21	0.00133	0.00133	0.5	98531	131	98465	5544442	56.27
2000-2009	22	0.00132	0.00132	0.5	98400	130	98335	5445977	55.35
2000-2009	23	0.00125	0.00125	0.5	98270	123	98208	5347642	54.42
2000-2009	24	0.00125	0.00125	0.5	98147	123	98085	5249434	53.49
2000-2009	25	0.00121	0.00121	0.5	98024	119	97964	5151348	52.55
2000-2009	26	0.00125	0.00125	0.5	97905	122	97844	5053384	51.62
2000-2009	27	0.00123	0.00123	0.5	97783	120	97723	4955540	50.68
2000-2009	28	0.00119	0.00119	0.5	97663	116	97605	4857817	49.74
2000-2009	29	0.00121	0.00121	0.5	97547	118	97488	4760212	48.80
2000-2009	30	0.00121	0.00121	0.5	97428	118	97369	4662725	47.86
2000-2009	31	0.00130	0.00130	0.5	97311	126	97247	4565355	46.92
2000-2009	32	0.00132	0.00132	0.5	97184	128	97120	4468108	45.98
2000-2009	33	0.00138	0.00138	0.5	97056	134	96989	4370988	45.04
2000-2009	34	0.00147	0.00147	0.5	96922	142	96851	4273998	44.10
2000-2009	35	0.00155	0.00155	0.5	96780	150	96705	4177147	43.16
2000-2009	36	0.00163	0.00163	0.5	96630	158	96551	4080442	42.23
2000-2009	37	0.00172	0.00172	0.5	96473	166	96390	3983890	41.30
2000-2009	38	0.00192	0.00191	0.5	96307	184	96214	3887501	40.37
2000-2009	39	0.00204	0.00204	0.5	96122	196	96024	3791286	39.44
2000-2009	40	0.00221	0.00221	0.5	95926	212	95821	3695262	38.52
2000-2009	41	0.00242	0.00241	0.5	95715	231	95599	3599441	37.61
2000-2009	42	0.00263	0.00263	0.5	95484	251	95358	3503842	36.70
2000-2009	43	0.00282	0.00281	0.5	95233	268	95099	3408484	35.79
2000-2009	44	0.00304	0.00303	0.5	94965	288	94821	3313385	34.89
2000-2009	45	0.00332	0.00332	0.5	94677	314	94520	3218563	34.00
2000-2009	46	0.00367	0.00366	0.5	94363	346	94190	3124043	33.11
2000-2009	47	0.00395	0.00395	0.5	94017	371	93832	3029853	32.23
2000-2009	48	0.00437	0.00436	0.5	93646	408	93442	2936021	31.35
2000-2009	49	0.00464	0.00463	0.5	93238	432	93023	2842579	30.49
2000-2009	50	0.00503	0.00502	0.5	92807	466	92574	2749556	29.63
2000-2009	51	0.00535	0.00534	0.5	92341	493	92094	2656982	28.77
2000-2009	52	0.00584	0.00582	0.5	91848	534	91581	2564888	27.93
2000-2009	53	0.00631	0.00629	0.5	91313	574	91026	2473308	27.09
2000-2009	54	0.00667	0.00664	0.5	90739	603	90438	2382281	26.25
2000-2009	55	0.00723	0.00720	0.5	90136	649	89812	2291843	25.43
2000-2009	56	0.00764	0.00761	0.5	89487	681	89147	2202031	24.61
2000-2009	57	0.00817	0.00813	0.5	88806	722	88445	2112885	23.79
2000-2009	58	0.00878	0.00874	0.5	88084	770	87699	2024439	22.98
2000-2009	59	0.00965	0.00960	0.5	87314	839	86895	1936740	22.18
2000-2009	60	0.01055	0.01049	0.5	86475	907	86022	1849846	21.39
2000-2009	61	0.01118	0.01112	0.5	85568	952	85092	1763824	20.61
2000-2009	62	0.01225	0.01217	0.5	84616	1030	84101	1678732	19.84
2000-2009	63	0.01322	0.01313	0.5	83586	1098	83037	1594631	19.08
2000-2009	64	0.01450	0.01439	0.5	82488	1187	81895	1511594	18.32
2000-2009	65	0.01564	0.01552	0.5	81301	1262	80670	1429699	17.59
2000-2009	66	0.01695	0.01681	0.5	80039	1345	79367	1349029	16.85
2000-2009	67	0.01831	0.01814	0.5	78694	1428	77980	1269663	16.13
2000-2009	68	0.02003	0.01983	0.5	77266	1532	76500	1191682	15.42
2000-2009	69	0.02187	0.02163	0.5	75734	1638	74915	1115182	14.72
2000-2009	70	0.02398	0.02370	0.5	74096	1756	73218	1040267	14.04
2000-2009	71	0.02591	0.02558	0.5	72340	1850	71415	967050	13.37
2000-2009	72	0.02868	0.02827	0.5	70490	1993	69493	895635	12.71
2000-2009	73	0.03173	0.03124	0.5	68497	2140	67427	826141	12.06
2000-2009	74	0.03455	0.03396	0.5	66357	2253	65230	758714	11.43
2000-2009	75	0.03851	0.03778	0.5	64104	2422	62893	693484	10.82
2000-2009	76	0.04173	0.04087	0.5	61682	2521	60421	630591	10.22
2000-2009	77	0.04594	0.04491	0.5	59160	2657	57832	570170	9.64
2000-2009	78	0.05061	0.04936	0.5	56504	2789	55109	512338	9.07
2000-2009	79	0.05575	0.05424	0.5	53714	2913	52258	457229	8.51
2000-2009	80	0.06498	0.06293	0.5	50801	3197	49202	404972	7.97
2000-2009	81	0.07229	0.06977	0.5	47604	3321	45943	355769	7.47
2000-2009	82	0.08049	0.07738	0.5	44283	3426	42570	309826	7.00
2000-2009	83	0.08928	0.08546	0.5	40856	3492	39110	267256	6.54
2000-2009	84	0.09971	0.09498	0.5	37365	3549	35590	228146	6.11
2000-2009	85	0.10976	0.10405	0.5	33816	3518	32057	192556	5.69
2000-2009	86	0.12353	0.11635	0.5	30297	3525	28535	160499	5.30
2000-2009	87	0.13743	0.12859	0.5	26772	3443	25051	131964	4.93
2000-2009	88	0.15292	0.14206	0.5	23330	3314	21673	106913	4.58
2000-2009	89	0.17080	0.15736	0.5	20015	3150	18441	85241	4.26
2000-2009	90	0.18881	0.17252	0.5	16866	2910	15411	66800	3.96
2000-2009	91	0.20916	0.18936	0.5	13956	2643	12635	51389	3.68
2000-2009	92	0.23023	0.20646	0.5	11313	2336	10146	38754	3.43
2000-2009	93	0.25663	0.22744	0.5	8978	2042	7957	28609	3.19
2000-2009	94	0.28295	0.24788	0.5	6936	1719	6076	20652	2.98
2000-2009	95	0.30334	0.26339	0.5	5216	1374	4529	14576	2.79
2000-2009	96	0.33014	0.28337	0.5	3842	1089	3298	10047	2.61
2000-2009	97	0.35809	0.30371	0.5	2754	836	2335	6749	2.45
2000-2009	98	0.38704	0.32429	0.5	1917	622	1606	4413	2.30
2000-2009	99	0.41681	0.34493	0.5	1296	447	1072	2807	2.17
2000-2009	100	0.44720	0.36548	0.5	849	310	694	1735	2.04
2000-2009	101	0.47799	0.38579	0.5	539	208	435	1041	1.93
2000-2009	102	0.50895	0.40571	0.5	331	134	264	606	1.83
2000-2009	103	0.53984	0.42510	0.5	197	84	155	343	1.74
2000-2009	104	0.57042	0.44384	0.5	113	50	88	188	1.66
2000-2009	105	0.60048	0.46182	0.5	63	29	48	100	1.59
2000-2009	106	0.62980	0.47897	0.5	34	16	26	52	1.53
2000-2009	107	0.65819	0.49522	0.5	18	9	13	26	1.47
2000-2009	108	0.68549	0.51052	0.5	9	5	7	13	1.42
2000-2009	109	0.71157	0.52484	0.5	4	2	3	6	1.38
2000-2009	110+	0.73632	1.00000	1.36	2	2	3	3	1.36
2010-2019	0	0.00519	0.00517	0.06	100000	517	99514	7781308	77.81
2010-2019	1	0.00040	0.00040	0.5	99483	39	99464	7681794	77.22
2010-2019	2	0.00025	0.00025	0.5	99444	24	99432	7582331	76.25
2010-2019	3	0.00019	0.00019	0.5	99420	19	99410	7482899	75.27
2010-2019	4	0.00014	0.00014	0.5	99401	14	99394	7383488	74.28
2010-2019	5	0.00012	0.00012	0.5	99387	12	99381	7284095	73.29
2010-2019	6	0.00011	0.00011	0.5	99374	11	99369	7184714	72.30
2010-2019	7	0.00011	0.00011	0.5	99364	11	99358	7085345	71.31
2010-2019	8	0.00010	0.00010	0.5	99353	10	99348	6985987	70.31
2010-2019	9	0.00010	0.00010	0.5	99343	10	99337	6886639	69.32
2010-2019	10	0.00011	0.00011	0.5	99332	11	99327	6787302	68.33
2010-2019	11	0.00012	0.00012	0.5	99321	12	99315	6687975	67.34
2010-2019	12	0.00015	0.00015	0.5	99309	14	99302	6588660	66.34
2010-2019	13	0.00017	0.00017	0.5	99295	17	99287	6489357	65.35
2010-2019	14	0.00023	0.00023	0.5	99278	23	99267	6390071	64.37
2010-2019	15	0.00033	0.00033	0.5	99255	33	99239	6290804	63.38
2010-2019	16	0.00044	0.00044	0.5	99222	44	99200	6191565	62.40
2010-2019	17	0.00057	0.00057	0.5	99178	57	99150	6092365	61.43
2010-2019	18	0.00084	0.00084	0.5	99121	83	99080	5993215	60.46
2010-2019	19	0.00097	0.00097	0.5	99038	96	98990	5894136	59.51
2010-2019	20	0.00107	0.00106	0.5	98942	105	98890	5795145	58.57
2010-2019	21	0.00116	0.00116	0.5	98837	114	98780	5696256	57.63
2010-2019	22	0.00119	0.00119	0.5	98723	118	98664	5597476	56.70
2010-2019	23	0.00117	0.00117	0.5	98605	115	98548	5498812	55.77
2010-2019	24	0.00119	0.00119	0.5	98490	117	98431	5400264	54.83
2010-2019	25	0.00122	0.00122	0.5	98373	120	98313	5301833	53.90
2010-2019	26	0.00123	0.00123	0.5	98253	121	98193	5203520	52.96
2010-2019	27	0.00128	0.00128	0.5	98132	125	98069	5105327	52.03
2010-2019	28	0.00128	0.00128	0.5	98007	125	97944	5007258	51.09
2010-2019	29	0.00133	0.00132	0.5	97881	130	97817	4909314	50.16
2010-2019	30	0.00134	0.00134	0.5	97752	131	97686	4811497	49.22
2010-2019	31	0.00138	0.00138	0.5	97621	135	97553	4713811	48.29
2010-2019	32	0.00139	0.00139	0.5	97486	136	97418	4616258	47.35
2010-2019	33	0.00144	0.00144	0.5	97350	140	97280	4518840	46.42
2010-2019	34	0.00150	0.00150	0.5	97210	146	97137	4421560	45.48
2010-2019	35	0.00157	0.00156	0.5	97064	152	96988	4324423	44.55
2010-2019	36	0.00163	0.00163	0.5	96912	158	96833	4227435	43.62
2010-2019	37	0.00168	0.00168	0.5	96754	162	96673	4130603	42.69
2010-2019	38	0.00174	0.00174	0.5	96592	168	96508	4033930	41.76
2010-2019	39	0.00183	0.00183	0.5	96424	177	96335	3937422	40.83
2010-2019	40	0.00194	0.00194	0.5	96247	186	96154	3841087	39.91
2010-2019	41	0.00205	0.00205	0.5	96061	197	95962	3744933	38.99
2010-2019	42	0.00223	0.00222	0.5	95864	213	95757	3648971	38.06
2010-2019	43	0.00234	0.00234	0.5	95650	223	95539	3553214	37.15
2010-2019	44	0.00254	0.00253	0.5	95427	242	95306	3457676	36.23
2010-2019	45	0.00276	0.00276	0.5	95185	262	95054	3362370	35.32
2010-2019	46	0.00303	0.00303	0.5	94922	287	94779	3267316	34.42
2010-2019	47	0.00334	0.00333	0.5	94635	315	94477	3172538	33.52
2010-2019	48	0.00367	0.00367	0.5	94320	346	94147	3078060	32.63
2010-2019	49	0.00407	0.00406	0.5	93974	382	93783	2983914	31.75
2010-2019	50	0.00437	0.00436	0.5	93592	408	93388	2890131	30.88
2010-2019	51	0.00478	0.00477	0.5	93184	444	92962	2796743	30.01
2010-2019	52	0.00524	0.00523	0.5	92740	485	92497	2703781	29.15
2010-2019	53	0.00566	0.00564	0.5	92255	521	91994	2611284	28.31
2010-2019	54	0.00624	0.00622	0.5	91734	571	91449	2519289	27.46
2010-2019	55	0.00685	0.00683	0.5	91163	622	90852	2427841	26.63
2010-2019	56	0.00735	0.00732	0.5	90541	663	90210	2336988	25.81
2010-2019	57	0.00799	0.00796	0.5	89878	715	89521	2246779	25.00
2010-2019	58	0.00856	0.00852	0.5	89163	760	88783	2157258	24.19
2010-2019	59	0.00935	0.00931	0.5	88403	823	87992	2068475	23.40
2010-2019	60	0.00996	0.00991	0.5	87581	868	87147	1980483	22.61
2010-2019	61	0.01081	0.01075	0.5	86713	932	86247	1893337	21.83
2010-2019	62	0.01146	0.01140	0.5	85781	978	85292	1807090	21.07
2010-2019	63	0.01244	0.01236	0.5	84803	1049	84279	1721798	20.30
2010-2019	64	0.01314	0.01305	0.5	83754	1093	83208	1637520	19.55
2010-2019	65	0.01388	0.01379	0.5	82661	1140	82091	1554312	18.80
2010-2019	66	0.01501	0.01490	0.5	81522	1214	80914	1472220	18.06
2010-2019	67	0.01595	0.01583	0.5	80307	1271	79672	1391306	17.32
2010-2019	68	0.01716	0.01701	0.5	79036	1345	78364	1311634	16.60
2010-2019	69	0.01843	0.01827	0.5	77692	1419	76982	1233271	15.87
2010-2019	70	0.02012	0.01992	0.5	76272	1519	75513	1156289	15.16
2010-2019	71	0.02180	0.02156	0.5	74753	1612	73947	1080776	14.46
2010-2019	72	0.02389	0.02361	0.5	73141	1727	72278	1006829	13.77
2010-2019	73	0.02584	0.02551	0.5	71415	1822	70504	934551	13.09
2010-2019	74	0.02846	0.02806	0.5	69593	1953	68616	864047	12.42
2010-2019	75	0.03152	0.03103	0.5	67640	2099	66590	795431	11.76
2010-2019	76	0.03458	0.03399	0.5	65540	2228	64426	728841	11.12
2010-2019	77	0.03810	0.03739	0.5	63312	2367	62129	664415	10.49
2010-2019	78	0.04148	0.04064	0.5	60945	2477	59707	602286	9.88
2010-2019	79	0.04627	0.04522	0.5	58468	2644	57146	542579	9.28
2010-2019	80	0.05368	0.05227	0.5	55825	2918	54365	485433	8.70
2010-2019	81	0.05999	0.05824	0.5	52906	3081	51366	431067	8.15
2010-2019	82	0.06718	0.06499	0.5	49825	3238	48206	379702	7.62
2010-2019	83	0.07487	0.07216	0.5	46587	3362	44906	331496	7.12
2010-2019	84	0.08497	0.08151	0.5	43225	3523	41463	286590	6.63
2010-2019	85	0.09478	0.09049	0.5	39702	3593	37905	245127	6.17
2010-2019	86	0.10573	0.10042	0.5	36109	3626	34296	207222	5.74
2010-2019	87	0.11888	0.11221	0.5	32483	3645	30660	172926	5.32
2010-2019	88	0.13441	0.12594	0.5	28838	3632	27022	142265	4.93
2010-2019	89	0.15037	0.13985	0.5	25206	3525	23443	115243	4.57
2010-2019	90	0.16812	0.15508	0.5	21681	3362	20000	91800	4.23
2010-2019	91	0.18821	0.17202	0.5	18319	3151	16743	71800	3.92
2010-2019	92	0.21093	0.19081	0.5	15167	2894	13720	55057	3.63
2010-2019	93	0.23631	0.21134	0.5	12273	2594	10976	41337	3.37
2010-2019	94	0.26140	0.23118	0.5	9680	2238	8561	30361	3.14
2010-2019	95	0.28260	0.24761	0.5	7442	1843	6520	21800	2.93
2010-2019	96	0.30995	0.26836	0.5	5599	1503	4848	15280	2.73
2010-2019	97	0.33869	0.28964	0.5	4097	1187	3503	10432	2.55
2010-2019	98	0.36868	0.31130	0.5	2910	906	2457	6928	2.38
2010-2019	99	0.39972	0.33314	0.5	2004	668	1670	4471	2.23
2010-2019	100	0.43158	0.35498	0.5	1336	474	1099	2801	2.10
2010-2019	101	0.46403	0.37664	0.5	862	325	700	1702	1.97
2010-2019	102	0.49677	0.39793	0.5	537	214	430	1002	1.86
2010-2019	103	0.52955	0.41869	0.5	324	135	256	572	1.77
2010-2019	104	0.56207	0.43876	0.5	188	83	147	316	1.68
2010-2019	105	0.59407	0.45802	0.5	106	48	81	169	1.60
2010-2019	106	0.62529	0.47636	0.5	57	27	44	88	1.53
2010-2019	107	0.65550	0.49369	0.5	30	15	23	44	1.47
2010-2019	108	0.68450	0.50997	0.5	15	8	11	22	1.42
2010-2019	109	0.71214	0.52515	0.5	7	4	5	10	1.38
2010-2019	110+	0.73828	1.00000	1.35	4	4	5	5	1.35
2020-2022	0	0.00477	0.00475	0.06	100000	475	99552	7567755	75.68
2020-2022	1	0.00039	0.00039	0.5	99525	38	99505	7468202	75.04
2020-2022	2	0.00022	0.00022	0.5	99486	21	99476	7368697	74.07
2020-2022	3	0.00020	0.00020	0.5	99465	19	99455	7269221	73.08
2020-2022	4	0.00012	0.00012	0.5	99445	12	99439	7169766	72.10
2020-2022	5	0.00013	0.00013	0.5	99433	13	99427	7070327	71.11
2020-2022	6	0.00011	0.00011	0.5	99420	11	99415	6970900	70.12
2020-2022	7	0.00011	0.00011	0.5	99409	11	99404	6871485	69.12
2020-2022	8	0.00010	0.00010	0.5	99398	10	99393	6772082	68.13
2020-2022	9	0.00010	0.00010	0.5	99388	10	99383	6672688	67.14
2020-2022	10	0.00011	0.00011	0.5	99378	11	99373	6573305	66.14
2020-2022	11	0.00012	0.00012	0.5	99367	12	99361	6473932	65.15
2020-2022	12	0.00015	0.00015	0.5	99355	14	99347	6374572	64.16
2020-2022	13	0.00020	0.00020	0.5	99340	20	99330	6275224	63.17
2020-2022	14	0.00028	0.00028	0.5	99320	28	99306	6175894	62.18
2020-2022	15	0.00042	0.00042	0.5	99292	42	99271	6076588	61.20
2020-2022	16	0.00057	0.00057	0.5	99251	57	99222	5977316	60.22
2020-2022	17	0.00074	0.00074	0.5	99194	74	99157	5878094	59.26
2020-2022	18	0.00105	0.00105	0.5	99120	104	99068	5778937	58.30
2020-2022	19	0.00127	0.00127	0.5	99017	126	98954	5679869	57.36
2020-2022	20	0.00134	0.00134	0.5	98891	133	98824	5580915	56.44
2020-2022	21	0.00143	0.00142	0.5	98758	141	98688	5482091	55.51
2020-2022	22	0.00154	0.00153	0.5	98617	151	98542	5383403	54.59
2020-2022	23	0.00162	0.00162	0.5	98466	160	98386	5284861	53.67
2020-2022	24	0.00167	0.00167	0.5	98306	164	98224	5186475	52.76
2020-2022	25	0.00172	0.00172	0.5	98142	169	98058	5088251	51.85
2020-2022	26	0.00179	0.00179	0.5	97973	175	97886	4990193	50.93
2020-2022	27	0.00188	0.00187	0.5	97798	183	97706	4892308	50.02
2020-2022	28	0.00198	0.00198	0.5	97615	193	97518	4794602	49.12
2020-2022	29	0.00215	0.00215	0.5	97422	209	97317	4697083	48.21
2020-2022	30	0.00224	0.00224	0.5	97212	218	97104	4599766	47.32
2020-2022	31	0.00224	0.00223	0.5	96995	217	96886	4502663	46.42
2020-2022	32	0.00233	0.00232	0.5	96778	225	96666	4405776	45.52
2020-2022	33	0.00242	0.00242	0.5	96553	234	96436	4309111	44.63
2020-2022	34	0.00245	0.00245	0.5	96319	236	96201	4212674	43.74
2020-2022	35	0.00251	0.00251	0.5	96083	241	95963	4116473	42.84
2020-2022	36	0.00271	0.00270	0.5	95842	259	95713	4020510	41.95
2020-2022	37	0.00273	0.00273	0.5	95583	261	95453	3924798	41.06
2020-2022	38	0.00274	0.00273	0.5	95323	260	95192	3829345	40.17
2020-2022	39	0.00299	0.00299	0.5	95062	284	94920	3734152	39.28
2020-2022	40	0.00313	0.00313	0.5	94778	296	94630	3639232	38.40
2020-2022	41	0.00322	0.00322	0.5	94482	304	94330	3544603	37.52
2020-2022	42	0.00327	0.00327	0.5	94178	308	94024	3450273	36.64
2020-2022	43	0.00348	0.00348	0.5	93870	326	93707	3356249	35.75
2020-2022	44	0.00372	0.00371	0.5	93543	347	93370	3262543	34.88
2020-2022	45	0.00381	0.00381	0.5	93196	355	93019	3169173	34.01
2020-2022	46	0.00407	0.00406	0.5	92842	377	92653	3076154	33.13
2020-2022	47	0.00442	0.00441	0.5	92465	408	92261	2983500	32.27
2020-2022	48	0.00470	0.00469	0.5	92057	432	91841	2891240	31.41
2020-2022	49	0.00507	0.00506	0.5	91625	463	91393	2799399	30.55
2020-2022	50	0.00546	0.00545	0.5	91162	497	90913	2708005	29.71
2020-2022	51	0.00583	0.00581	0.5	90665	527	90402	2617092	28.87
2020-2022	52	0.00637	0.00635	0.5	90138	572	89852	2526690	28.03
2020-2022	53	0.00676	0.00674	0.5	89566	604	89264	2436838	27.21
2020-2022	54	0.00749	0.00746	0.5	88962	664	88630	2347573	26.39
2020-2022	55	0.00808	0.00805	0.5	88298	711	87943	2258943	25.58
2020-2022	56	0.00886	0.00882	0.5	87588	772	87202	2171000	24.79
2020-2022	57	0.00946	0.00941	0.5	86816	817	86407	2083798	24.00
2020-2022	58	0.01026	0.01021	0.5	85998	878	85559	1997391	23.23
2020-2022	59	0.01112	0.01106	0.5	85120	941	84650	1911832	22.46
2020-2022	60	0.01196	0.01189	0.5	84179	1001	83679	1827182	21.71
2020-2022	61	0.01294	0.01286	0.5	83178	1070	82643	1743504	20.96
2020-2022	62	0.01376	0.01366	0.5	82109	1122	81548	1660860	20.23
2020-2022	63	0.01477	0.01466	0.5	80987	1187	80393	1579313	19.50
2020-2022	64	0.01584	0.01571	0.5	79799	1254	79172	1498920	18.78
2020-2022	65	0.01689	0.01675	0.5	78546	1315	77888	1419747	18.08
2020-2022	66	0.01773	0.01758	0.5	77230	1358	76551	1341859	17.37
2020-2022	67	0.01916	0.01898	0.5	75873	1440	75153	1265308	16.68
2020-2022	68	0.02022	0.02002	0.5	74432	1490	73688	1190155	15.99
2020-2022	69	0.02164	0.02141	0.5	72943	1562	72162	1116468	15.31
2020-2022	70	0.02343	0.02316	0.5	71381	1653	70554	1044306	14.63
2020-2022	71	0.02460	0.02430	0.5	69728	1694	68881	973752	13.97
2020-2022	72	0.02659	0.02624	0.5	68033	1785	67141	904872	13.30
2020-2022	73	0.02921	0.02879	0.5	66248	1907	65294	837731	12.65
2020-2022	74	0.03141	0.03092	0.5	64341	1990	63346	772436	12.01
2020-2022	75	0.03519	0.03458	0.5	62351	2156	61273	709091	11.37
2020-2022	76	0.03776	0.03706	0.5	60195	2231	59079	647818	10.76
2020-2022	77	0.04280	0.04190	0.5	57964	2429	56750	588739	10.16
2020-2022	78	0.04721	0.04612	0.5	55535	2561	54255	531989	9.58
2020-2022	79	0.05228	0.05095	0.5	52974	2699	51625	477734	9.02
2020-2022	80	0.05716	0.05557	0.5	50275	2794	48878	426110	8.48
2020-2022	81	0.06345	0.06150	0.5	47481	2920	46021	377232	7.94
2020-2022	82	0.07054	0.06814	0.5	44561	3036	43043	331211	7.43
2020-2022	83	0.07939	0.07636	0.5	41525	3171	39939	288168	6.94
2020-2022	84	0.08805	0.08433	0.5	38354	3234	36737	248228	6.47
2020-2022	85	0.09861	0.09398	0.5	35119	3300	33469	211492	6.02
2020-2022	86	0.11029	0.10452	0.5	31819	3326	30156	178022	5.59
2020-2022	87	0.12371	0.11651	0.5	28493	3320	26833	147866	5.19
2020-2022	88	0.13967	0.13055	0.5	25174	3286	23530	121033	4.81
2020-2022	89	0.15504	0.14389	0.5	21887	3149	20312	97503	4.45
2020-2022	90	0.17639	0.16210	0.5	18738	3037	17219	77190	4.12
2020-2022	91	0.19740	0.17967	0.5	15700	2821	14290	59971	3.82
2020-2022	92	0.21684	0.19563	0.5	12880	2520	11620	45681	3.55
2020-2022	93	0.24348	0.21706	0.5	10360	2249	9236	34061	3.29
2020-2022	94	0.26783	0.23620	0.5	8111	1916	7153	24825	3.06
2020-2022	95	0.29274	0.25536	0.5	6195	1582	5404	17672	2.85
2020-2022	96	0.32057	0.27628	0.5	4613	1275	3976	12268	2.66
2020-2022	97	0.34973	0.29768	0.5	3339	994	2842	8292	2.48
2020-2022	98	0.38006	0.31937	0.5	2345	749	1970	5450	2.32
2020-2022	99	0.41136	0.34118	0.5	1596	545	1324	3479	2.18
2020-2022	100	0.44339	0.36293	0.5	1051	382	861	2156	2.05
2020-2022	101	0.47590	0.38442	0.5	670	258	541	1295	1.93
2020-2022	102	0.50861	0.40549	0.5	412	167	329	754	1.83
2020-2022	103	0.54125	0.42597	0.5	245	104	193	425	1.73
2020-2022	104	0.57354	0.44572	0.5	141	63	109	232	1.65
2020-2022	105	0.60522	0.46462	0.5	78	36	60	123	1.58
2020-2022	106	0.63604	0.48257	0.5	42	20	32	63	1.51
2020-2022	107	0.66578	0.49950	0.5	22	11	16	31	1.45
2020-2022	108	0.69425	0.51536	0.5	11	6	8	15	1.40
2020-2022	109	0.72132	0.53012	0.5	5	3	4	7	1.36
2020-2022	110+	0.74686	1.00000	1.34	2	2	3	3	1.34
