Reg4: Reg4, Lifetables (period 1x10), Females Last modified: February 4 2025, MPv5 (May07) 

Year     	Age	mx	qx	ax	lx	dx	Lx	Tx	ex
1960-1969	0	0.01930	0.01897	0.11	100000	1897	98306	7489294	74.89
1960-1969	1	0.00140	0.00140	0.5	98103	138	98034	7390988	75.34
1960-1969	2	0.00085	0.00085	0.5	97965	83	97923	7292954	74.44
1960-1969	3	0.00065	0.00065	0.5	97882	63	97850	7195031	73.51
1960-1969	4	0.00056	0.00056	0.5	97819	55	97791	7097180	72.55
1960-1969	5	0.00048	0.00048	0.5	97764	47	97741	6999389	71.59
1960-1969	6	0.00039	0.00039	0.5	97717	38	97698	6901648	70.63
1960-1969	7	0.00035	0.00035	0.5	97679	34	97662	6803950	69.66
1960-1969	8	0.00032	0.00032	0.5	97645	31	97630	6706288	68.68
1960-1969	9	0.00027	0.00027	0.5	97614	26	97601	6608658	67.70
1960-1969	10	0.00027	0.00027	0.5	97588	26	97575	6511058	66.72
1960-1969	11	0.00028	0.00028	0.5	97561	27	97548	6413483	65.74
1960-1969	12	0.00028	0.00028	0.5	97534	27	97520	6315935	64.76
1960-1969	13	0.00032	0.00032	0.5	97507	31	97491	6218415	63.77
1960-1969	14	0.00035	0.00035	0.5	97476	34	97459	6120923	62.79
1960-1969	15	0.00043	0.00043	0.5	97442	42	97421	6023465	61.82
1960-1969	16	0.00052	0.00052	0.5	97400	50	97375	5926043	60.84
1960-1969	17	0.00061	0.00061	0.5	97350	59	97320	5828668	59.87
1960-1969	18	0.00068	0.00068	0.5	97290	67	97257	5731348	58.91
1960-1969	19	0.00073	0.00073	0.5	97224	71	97189	5634091	57.95
1960-1969	20	0.00072	0.00072	0.5	97153	70	97118	5536903	56.99
1960-1969	21	0.00075	0.00075	0.5	97083	73	97047	5439785	56.03
1960-1969	22	0.00074	0.00074	0.5	97010	72	96974	5342738	55.07
1960-1969	23	0.00076	0.00076	0.5	96938	73	96901	5245764	54.11
1960-1969	24	0.00077	0.00077	0.5	96865	74	96827	5148863	53.16
1960-1969	25	0.00083	0.00083	0.5	96790	80	96750	5052036	52.20
1960-1969	26	0.00081	0.00081	0.5	96710	79	96671	4955285	51.24
1960-1969	27	0.00086	0.00086	0.5	96632	83	96590	4858614	50.28
1960-1969	28	0.00087	0.00087	0.5	96548	84	96507	4762024	49.32
1960-1969	29	0.00093	0.00093	0.5	96465	90	96420	4665518	48.37
1960-1969	30	0.00101	0.00101	0.5	96375	97	96326	4569098	47.41
1960-1969	31	0.00106	0.00106	0.5	96278	102	96227	4472772	46.46
1960-1969	32	0.00119	0.00119	0.5	96176	114	96119	4376545	45.51
1960-1969	33	0.00125	0.00125	0.5	96062	120	96001	4280426	44.56
1960-1969	34	0.00134	0.00134	0.5	95941	128	95877	4184425	43.61
1960-1969	35	0.00145	0.00144	0.5	95813	138	95744	4088548	42.67
1960-1969	36	0.00153	0.00153	0.5	95675	146	95601	3992804	41.73
1960-1969	37	0.00169	0.00169	0.5	95528	162	95447	3897202	40.80
1960-1969	38	0.00182	0.00182	0.5	95367	174	95280	3801755	39.86
1960-1969	39	0.00206	0.00206	0.5	95193	196	95095	3706475	38.94
1960-1969	40	0.00219	0.00218	0.5	94997	208	94893	3611380	38.02
1960-1969	41	0.00228	0.00228	0.5	94790	216	94682	3516487	37.10
1960-1969	42	0.00260	0.00260	0.5	94574	245	94451	3421805	36.18
1960-1969	43	0.00290	0.00290	0.5	94328	273	94192	3327354	35.27
1960-1969	44	0.00308	0.00308	0.5	94055	289	93910	3233163	34.38
1960-1969	45	0.00339	0.00339	0.5	93766	318	93607	3139252	33.48
1960-1969	46	0.00366	0.00365	0.5	93448	341	93278	3045645	32.59
1960-1969	47	0.00400	0.00399	0.5	93107	371	92921	2952368	31.71
1960-1969	48	0.00437	0.00436	0.5	92736	405	92534	2859446	30.83
1960-1969	49	0.00469	0.00468	0.5	92331	432	92115	2766913	29.97
1960-1969	50	0.00509	0.00508	0.5	91899	467	91666	2674798	29.11
1960-1969	51	0.00549	0.00547	0.5	91433	500	91183	2583132	28.25
1960-1969	52	0.00588	0.00586	0.5	90933	533	90666	2491949	27.40
1960-1969	53	0.00651	0.00649	0.5	90399	586	90106	2401283	26.56
1960-1969	54	0.00695	0.00693	0.5	89813	622	89502	2311177	25.73
1960-1969	55	0.00725	0.00722	0.5	89191	644	88869	2221675	24.91
1960-1969	56	0.00794	0.00791	0.5	88547	700	88197	2132806	24.09
1960-1969	57	0.00852	0.00848	0.5	87846	745	87474	2044610	23.27
1960-1969	58	0.00907	0.00902	0.5	87101	786	86708	1957136	22.47
1960-1969	59	0.00974	0.00969	0.5	86315	836	85897	1870428	21.67
1960-1969	60	0.01046	0.01041	0.5	85479	889	85034	1784530	20.88
1960-1969	61	0.01121	0.01115	0.5	84590	943	84118	1699496	20.09
1960-1969	62	0.01269	0.01261	0.5	83647	1055	83119	1615378	19.31
1960-1969	63	0.01334	0.01325	0.5	82592	1095	82045	1532259	18.55
1960-1969	64	0.01452	0.01441	0.5	81497	1174	80910	1450214	17.79
1960-1969	65	0.01616	0.01603	0.5	80323	1288	79679	1369304	17.05
1960-1969	66	0.01743	0.01728	0.5	79035	1365	78353	1289625	16.32
1960-1969	67	0.01907	0.01889	0.5	77670	1467	76936	1211273	15.60
1960-1969	68	0.02088	0.02066	0.5	76203	1575	75415	1134336	14.89
1960-1969	69	0.02265	0.02240	0.5	74628	1671	73792	1058921	14.19
1960-1969	70	0.02554	0.02522	0.5	72957	1840	72037	985129	13.50
1960-1969	71	0.02745	0.02708	0.5	71117	1926	70154	913092	12.84
1960-1969	72	0.03144	0.03096	0.5	69191	2142	68120	842938	12.18
1960-1969	73	0.03458	0.03399	0.5	67049	2279	65909	774818	11.56
1960-1969	74	0.03816	0.03745	0.5	64770	2425	63557	708909	10.95
1960-1969	75	0.04329	0.04237	0.5	62344	2642	61024	645352	10.35
1960-1969	76	0.04716	0.04607	0.5	59703	2751	58328	584328	9.79
1960-1969	77	0.05138	0.05010	0.5	56952	2853	55526	526000	9.24
1960-1969	78	0.05797	0.05634	0.5	54099	3048	52575	470475	8.70
1960-1969	79	0.06384	0.06187	0.5	51051	3158	49472	417900	8.19
1960-1969	80	0.07043	0.06803	0.5	47893	3258	46264	368427	7.69
1960-1969	81	0.07556	0.07281	0.5	44635	3250	43010	322164	7.22
1960-1969	82	0.08632	0.08275	0.5	41385	3424	39672	279154	6.75
1960-1969	83	0.09737	0.09285	0.5	37960	3525	36198	239482	6.31
1960-1969	84	0.10901	0.10338	0.5	34436	3560	32656	203284	5.90
1960-1969	85	0.11949	0.11275	0.5	30876	3481	29135	170628	5.53
1960-1969	86	0.13342	0.12508	0.5	27395	3426	25681	141493	5.16
1960-1969	87	0.14999	0.13953	0.5	23968	3344	22296	115811	4.83
1960-1969	88	0.16138	0.14933	0.5	20624	3080	19084	93515	4.53
1960-1969	89	0.17798	0.16343	0.5	17544	2867	16110	74431	4.24
1960-1969	90	0.19640	0.17883	0.5	14677	2625	13364	58321	3.97
1960-1969	91	0.21100	0.19086	0.5	12052	2300	10902	44956	3.73
1960-1969	92	0.22824	0.20487	0.5	9752	1998	8753	34055	3.49
1960-1969	93	0.25441	0.22570	0.5	7754	1750	6879	25302	3.26
1960-1969	94	0.26804	0.23636	0.5	6004	1419	5294	18423	3.07
1960-1969	95	0.29757	0.25903	0.5	4585	1188	3991	13128	2.86
1960-1969	96	0.32203	0.27737	0.5	3397	942	2926	9137	2.69
1960-1969	97	0.34751	0.29607	0.5	2455	727	2092	6211	2.53
1960-1969	98	0.37390	0.31501	0.5	1728	544	1456	4120	2.38
1960-1969	99	0.40106	0.33407	0.5	1184	395	986	2664	2.25
1960-1969	100	0.42884	0.35312	0.5	788	278	649	1678	2.13
1960-1969	101	0.45707	0.37205	0.5	510	190	415	1029	2.02
1960-1969	102	0.48559	0.39072	0.5	320	125	258	614	1.92
1960-1969	103	0.51420	0.40903	0.5	195	80	155	356	1.83
1960-1969	104	0.54271	0.42688	0.5	115	49	91	201	1.74
1960-1969	105	0.57095	0.44415	0.5	66	29	51	110	1.67
1960-1969	106	0.59873	0.46079	0.5	37	17	28	59	1.60
1960-1969	107	0.62590	0.47671	0.5	20	9	15	31	1.54
1960-1969	108	0.65229	0.49187	0.5	10	5	8	15	1.49
1960-1969	109	0.67778	0.50622	0.5	5	3	4	8	1.45
1960-1969	110+	0.70225	1.00000	1.42	3	3	4	4	1.42
1970-1979	0	0.01291	0.01276	0.09	100000	1276	98838	7697446	76.97
1970-1979	1	0.00106	0.00106	0.5	98724	105	98672	7598608	76.97
1970-1979	2	0.00069	0.00069	0.5	98620	68	98586	7499936	76.05
1970-1979	3	0.00052	0.00052	0.5	98552	51	98526	7401350	75.10
1970-1979	4	0.00041	0.00041	0.5	98501	41	98480	7302824	74.14
1970-1979	5	0.00036	0.00036	0.5	98460	36	98442	7204343	73.17
1970-1979	6	0.00033	0.00033	0.5	98424	33	98408	7105901	72.20
1970-1979	7	0.00030	0.00030	0.5	98392	30	98377	7007493	71.22
1970-1979	8	0.00025	0.00025	0.5	98362	25	98350	6909116	70.24
1970-1979	9	0.00024	0.00024	0.5	98337	23	98326	6810766	69.26
1970-1979	10	0.00023	0.00023	0.5	98314	23	98303	6712441	68.28
1970-1979	11	0.00023	0.00023	0.5	98292	22	98280	6614138	67.29
1970-1979	12	0.00023	0.00023	0.5	98269	23	98258	6515857	66.31
1970-1979	13	0.00028	0.00028	0.5	98247	27	98233	6417599	65.32
1970-1979	14	0.00034	0.00034	0.5	98219	33	98203	6319366	64.34
1970-1979	15	0.00046	0.00046	0.5	98186	45	98164	6221164	63.36
1970-1979	16	0.00056	0.00056	0.5	98141	55	98114	6123000	62.39
1970-1979	17	0.00061	0.00061	0.5	98086	60	98056	6024886	61.42
1970-1979	18	0.00073	0.00073	0.5	98026	72	97990	5926830	60.46
1970-1979	19	0.00074	0.00074	0.5	97955	73	97918	5828839	59.51
1970-1979	20	0.00072	0.00072	0.5	97882	71	97846	5730921	58.55
1970-1979	21	0.00076	0.00076	0.5	97811	75	97774	5633075	57.59
1970-1979	22	0.00075	0.00075	0.5	97736	73	97700	5535301	56.64
1970-1979	23	0.00077	0.00077	0.5	97663	75	97626	5437601	55.68
1970-1979	24	0.00076	0.00076	0.5	97588	74	97551	5339976	54.72
1970-1979	25	0.00073	0.00073	0.5	97515	71	97479	5242424	53.76
1970-1979	26	0.00078	0.00078	0.5	97444	76	97406	5144945	52.80
1970-1979	27	0.00077	0.00077	0.5	97368	75	97330	5047539	51.84
1970-1979	28	0.00084	0.00084	0.5	97292	82	97252	4950209	50.88
1970-1979	29	0.00083	0.00082	0.5	97211	80	97171	4852957	49.92
1970-1979	30	0.00087	0.00087	0.5	97131	85	97088	4755787	48.96
1970-1979	31	0.00093	0.00093	0.5	97046	91	97001	4658698	48.01
1970-1979	32	0.00097	0.00097	0.5	96955	94	96908	4561698	47.05
1970-1979	33	0.00099	0.00099	0.5	96861	96	96813	4464789	46.09
1970-1979	34	0.00111	0.00111	0.5	96765	107	96711	4367977	45.14
1970-1979	35	0.00123	0.00123	0.5	96658	119	96598	4271265	44.19
1970-1979	36	0.00132	0.00132	0.5	96539	128	96475	4174667	43.24
1970-1979	37	0.00146	0.00145	0.5	96411	140	96341	4078193	42.30
1970-1979	38	0.00151	0.00150	0.5	96270	145	96198	3981852	41.36
1970-1979	39	0.00166	0.00166	0.5	96126	159	96046	3885654	40.42
1970-1979	40	0.00190	0.00190	0.5	95966	183	95875	3789608	39.49
1970-1979	41	0.00202	0.00202	0.5	95784	193	95687	3693733	38.56
1970-1979	42	0.00225	0.00225	0.5	95590	215	95483	3598046	37.64
1970-1979	43	0.00243	0.00243	0.5	95375	231	95260	3502563	36.72
1970-1979	44	0.00265	0.00264	0.5	95144	252	95018	3407303	35.81
1970-1979	45	0.00298	0.00298	0.5	94892	283	94751	3312285	34.91
1970-1979	46	0.00329	0.00328	0.5	94610	310	94454	3217534	34.01
1970-1979	47	0.00359	0.00359	0.5	94299	338	94130	3123079	33.12
1970-1979	48	0.00375	0.00375	0.5	93961	352	93785	3028949	32.24
1970-1979	49	0.00414	0.00413	0.5	93609	387	93416	2935164	31.36
1970-1979	50	0.00447	0.00446	0.5	93222	416	93014	2841749	30.48
1970-1979	51	0.00487	0.00486	0.5	92806	451	92581	2748734	29.62
1970-1979	52	0.00528	0.00526	0.5	92355	486	92112	2656154	28.76
1970-1979	53	0.00568	0.00566	0.5	91869	520	91609	2564041	27.91
1970-1979	54	0.00607	0.00605	0.5	91349	553	91072	2472432	27.07
1970-1979	55	0.00660	0.00657	0.5	90796	597	90497	2381360	26.23
1970-1979	56	0.00716	0.00714	0.5	90199	644	89877	2290863	25.40
1970-1979	57	0.00784	0.00781	0.5	89555	699	89205	2200986	24.58
1970-1979	58	0.00843	0.00840	0.5	88856	746	88483	2111780	23.77
1970-1979	59	0.00929	0.00925	0.5	88110	815	87702	2023298	22.96
1970-1979	60	0.00978	0.00973	0.5	87295	850	86870	1935595	22.17
1970-1979	61	0.01054	0.01048	0.5	86445	906	85992	1848726	21.39
1970-1979	62	0.01168	0.01162	0.5	85539	994	85042	1762734	20.61
1970-1979	63	0.01237	0.01229	0.5	84545	1039	84025	1677692	19.84
1970-1979	64	0.01348	0.01339	0.5	83506	1118	82947	1593666	19.08
1970-1979	65	0.01446	0.01436	0.5	82388	1183	81796	1510719	18.34
1970-1979	66	0.01513	0.01501	0.5	81205	1219	80595	1428923	17.60
1970-1979	67	0.01660	0.01646	0.5	79986	1317	79327	1348328	16.86
1970-1979	68	0.01791	0.01775	0.5	78669	1396	77971	1269001	16.13
1970-1979	69	0.01979	0.01959	0.5	77273	1514	76515	1191030	15.41
1970-1979	70	0.02182	0.02158	0.5	75758	1635	74941	1114515	14.71
1970-1979	71	0.02397	0.02369	0.5	74123	1756	73246	1039574	14.02
1970-1979	72	0.02635	0.02601	0.5	72368	1882	71427	966328	13.35
1970-1979	73	0.02863	0.02822	0.5	70486	1989	69491	894901	12.70
1970-1979	74	0.03166	0.03117	0.5	68497	2135	67429	825410	12.05
1970-1979	75	0.03537	0.03475	0.5	66362	2306	65209	757981	11.42
1970-1979	76	0.03889	0.03814	0.5	64055	2443	62834	692773	10.82
1970-1979	77	0.04296	0.04206	0.5	61612	2591	60316	629939	10.22
1970-1979	78	0.04811	0.04698	0.5	59021	2773	57634	569622	9.65
1970-1979	79	0.05342	0.05203	0.5	56248	2927	54784	511988	9.10
1970-1979	80	0.05842	0.05676	0.5	53321	3027	51807	457204	8.57
1970-1979	81	0.06378	0.06180	0.5	50294	3108	48740	405397	8.06
1970-1979	82	0.07134	0.06889	0.5	47186	3250	45560	356657	7.56
1970-1979	83	0.08058	0.07746	0.5	43935	3403	42234	311097	7.08
1970-1979	84	0.08994	0.08607	0.5	40532	3488	38788	268863	6.63
1970-1979	85	0.09862	0.09399	0.5	37043	3482	35303	230075	6.21
1970-1979	86	0.11095	0.10512	0.5	33562	3528	31798	194773	5.80
1970-1979	87	0.12310	0.11596	0.5	30034	3483	28293	162975	5.43
1970-1979	88	0.13552	0.12692	0.5	26551	3370	24866	134682	5.07
1970-1979	89	0.14935	0.13897	0.5	23181	3222	21571	109816	4.74
1970-1979	90	0.16982	0.15653	0.5	19960	3124	18398	88245	4.42
1970-1979	91	0.18078	0.16579	0.5	16835	2791	15440	69848	4.15
1970-1979	92	0.19993	0.18176	0.5	14044	2553	12768	54408	3.87
1970-1979	93	0.22121	0.19918	0.5	11492	2289	10347	41640	3.62
1970-1979	94	0.23775	0.21249	0.5	9203	1955	8225	31293	3.40
1970-1979	95	0.25930	0.22954	0.5	7247	1664	6415	23068	3.18
1970-1979	96	0.28210	0.24723	0.5	5584	1380	4893	16653	2.98
1970-1979	97	0.30607	0.26545	0.5	4203	1116	3645	11759	2.80
1970-1979	98	0.33114	0.28410	0.5	3088	877	2649	8114	2.63
1970-1979	99	0.35721	0.30308	0.5	2210	670	1875	5465	2.47
1970-1979	100	0.38415	0.32225	0.5	1540	496	1292	3589	2.33
1970-1979	101	0.41182	0.34150	0.5	1044	357	866	2297	2.20
1970-1979	102	0.44006	0.36070	0.5	687	248	563	1431	2.08
1970-1979	103	0.46870	0.37971	0.5	440	167	356	868	1.97
1970-1979	104	0.49754	0.39842	0.5	273	109	218	512	1.88
1970-1979	105	0.52640	0.41672	0.5	164	68	130	294	1.79
1970-1979	106	0.55508	0.43449	0.5	96	42	75	164	1.71
1970-1979	107	0.58340	0.45165	0.5	54	24	42	89	1.64
1970-1979	108	0.61118	0.46813	0.5	30	14	23	47	1.58
1970-1979	109	0.63826	0.48385	0.5	16	8	12	24	1.53
1970-1979	110+	0.66449	1.00000	1.5	8	8	12	12	1.50
1980-1989	0	0.00871	0.00864	0.08	100000	864	99203	7877099	78.77
1980-1989	1	0.00081	0.00081	0.5	99136	81	99096	7777896	78.46
1980-1989	2	0.00049	0.00049	0.5	99055	48	99031	7678800	77.52
1980-1989	3	0.00034	0.00034	0.5	99007	34	98990	7579769	76.56
1980-1989	4	0.00026	0.00026	0.5	98973	26	98960	7480780	75.58
1980-1989	5	0.00024	0.00024	0.5	98947	24	98935	7381820	74.60
1980-1989	6	0.00022	0.00022	0.5	98923	22	98912	7282885	73.62
1980-1989	7	0.00021	0.00021	0.5	98901	21	98891	7183974	72.64
1980-1989	8	0.00021	0.00021	0.5	98880	21	98870	7085083	71.65
1980-1989	9	0.00018	0.00018	0.5	98859	17	98850	6986213	70.67
1980-1989	10	0.00016	0.00016	0.5	98842	16	98834	6887363	69.68
1980-1989	11	0.00018	0.00018	0.5	98826	17	98817	6788529	68.69
1980-1989	12	0.00020	0.00020	0.5	98809	20	98799	6689711	67.70
1980-1989	13	0.00023	0.00023	0.5	98789	22	98778	6590913	66.72
1980-1989	14	0.00028	0.00028	0.5	98766	27	98753	6492135	65.73
1980-1989	15	0.00038	0.00038	0.5	98739	37	98720	6393382	64.75
1980-1989	16	0.00047	0.00047	0.5	98702	47	98679	6294662	63.77
1980-1989	17	0.00054	0.00054	0.5	98655	53	98628	6195983	62.80
1980-1989	18	0.00061	0.00061	0.5	98602	60	98572	6097355	61.84
1980-1989	19	0.00058	0.00058	0.5	98542	57	98514	5998783	60.88
1980-1989	20	0.00056	0.00056	0.5	98485	55	98457	5900269	59.91
1980-1989	21	0.00059	0.00059	0.5	98430	58	98401	5801812	58.94
1980-1989	22	0.00058	0.00058	0.5	98372	57	98343	5703411	57.98
1980-1989	23	0.00059	0.00059	0.5	98314	58	98285	5605069	57.01
1980-1989	24	0.00057	0.00057	0.5	98257	56	98228	5506783	56.04
1980-1989	25	0.00060	0.00060	0.5	98200	59	98171	5408555	55.08
1980-1989	26	0.00064	0.00064	0.5	98141	63	98110	5310384	54.11
1980-1989	27	0.00060	0.00060	0.5	98078	58	98049	5212274	53.14
1980-1989	28	0.00067	0.00067	0.5	98020	66	97987	5114225	52.18
1980-1989	29	0.00065	0.00065	0.5	97954	64	97922	5016238	51.21
1980-1989	30	0.00067	0.00067	0.5	97891	66	97858	4918315	50.24
1980-1989	31	0.00071	0.00071	0.5	97825	69	97790	4820458	49.28
1980-1989	32	0.00077	0.00076	0.5	97755	75	97718	4722668	48.31
1980-1989	33	0.00080	0.00080	0.5	97681	78	97641	4624950	47.35
1980-1989	34	0.00085	0.00085	0.5	97602	83	97561	4527308	46.39
1980-1989	35	0.00092	0.00092	0.5	97519	89	97474	4429748	45.42
1980-1989	36	0.00102	0.00102	0.5	97430	100	97380	4332273	44.47
1980-1989	37	0.00104	0.00104	0.5	97330	101	97279	4234894	43.51
1980-1989	38	0.00119	0.00119	0.5	97229	115	97171	4137614	42.56
1980-1989	39	0.00121	0.00121	0.5	97113	118	97055	4040443	41.61
1980-1989	40	0.00138	0.00138	0.5	96996	134	96929	3943388	40.66
1980-1989	41	0.00148	0.00148	0.5	96862	143	96790	3846460	39.71
1980-1989	42	0.00167	0.00167	0.5	96718	162	96637	3749670	38.77
1980-1989	43	0.00180	0.00180	0.5	96557	174	96470	3653032	37.83
1980-1989	44	0.00201	0.00201	0.5	96383	194	96286	3556562	36.90
1980-1989	45	0.00220	0.00220	0.5	96189	211	96084	3460276	35.97
1980-1989	46	0.00240	0.00240	0.5	95978	230	95863	3364193	35.05
1980-1989	47	0.00262	0.00262	0.5	95748	251	95622	3268330	34.13
1980-1989	48	0.00311	0.00311	0.5	95497	297	95348	3172708	33.22
1980-1989	49	0.00320	0.00319	0.5	95200	304	95048	3077359	32.33
1980-1989	50	0.00349	0.00348	0.5	94896	331	94731	2982311	31.43
1980-1989	51	0.00400	0.00399	0.5	94566	377	94377	2887580	30.54
1980-1989	52	0.00441	0.00440	0.5	94188	415	93981	2793203	29.66
1980-1989	53	0.00470	0.00469	0.5	93774	440	93554	2699222	28.78
1980-1989	54	0.00506	0.00505	0.5	93334	472	93098	2605668	27.92
1980-1989	55	0.00560	0.00558	0.5	92862	518	92603	2512570	27.06
1980-1989	56	0.00621	0.00619	0.5	92344	571	92058	2419967	26.21
1980-1989	57	0.00666	0.00664	0.5	91773	609	91468	2327908	25.37
1980-1989	58	0.00764	0.00761	0.5	91163	694	90816	2236440	24.53
1980-1989	59	0.00803	0.00799	0.5	90469	723	90108	2145624	23.72
1980-1989	60	0.00887	0.00883	0.5	89746	793	89350	2055516	22.90
1980-1989	61	0.00965	0.00960	0.5	88953	854	88526	1966167	22.10
1980-1989	62	0.01076	0.01070	0.5	88099	943	87628	1877640	21.31
1980-1989	63	0.01149	0.01143	0.5	87157	996	86659	1790012	20.54
1980-1989	64	0.01202	0.01195	0.5	86161	1029	85646	1703353	19.77
1980-1989	65	0.01331	0.01322	0.5	85131	1126	84568	1617707	19.00
1980-1989	66	0.01442	0.01432	0.5	84006	1203	83404	1533139	18.25
1980-1989	67	0.01567	0.01554	0.5	82803	1287	82159	1449735	17.51
1980-1989	68	0.01743	0.01728	0.5	81516	1408	80812	1367575	16.78
1980-1989	69	0.01827	0.01811	0.5	80107	1450	79382	1286764	16.06
1980-1989	70	0.02050	0.02029	0.5	78657	1596	77859	1207382	15.35
1980-1989	71	0.02205	0.02181	0.5	77061	1681	76221	1129523	14.66
1980-1989	72	0.02494	0.02464	0.5	75380	1857	74452	1053302	13.97
1980-1989	73	0.02720	0.02683	0.5	73523	1973	72537	978850	13.31
1980-1989	74	0.02915	0.02873	0.5	71551	2056	70523	906313	12.67
1980-1989	75	0.03205	0.03154	0.5	69495	2192	68399	835790	12.03
1980-1989	76	0.03564	0.03502	0.5	67303	2357	66124	767391	11.40
1980-1989	77	0.03869	0.03796	0.5	64946	2465	63713	701267	10.80
1980-1989	78	0.04163	0.04078	0.5	62481	2548	61207	637553	10.20
1980-1989	79	0.04658	0.04552	0.5	59933	2728	58569	576347	9.62
1980-1989	80	0.05253	0.05119	0.5	57205	2928	55741	517778	9.05
1980-1989	81	0.05835	0.05669	0.5	54277	3077	52738	462037	8.51
1980-1989	82	0.06569	0.06360	0.5	51199	3256	49571	409299	7.99
1980-1989	83	0.07243	0.06990	0.5	47943	3351	46268	359728	7.50
1980-1989	84	0.08039	0.07728	0.5	44592	3446	42869	313460	7.03
1980-1989	85	0.08959	0.08575	0.5	41146	3528	39382	270591	6.58
1980-1989	86	0.10071	0.09588	0.5	37617	3607	35814	231210	6.15
1980-1989	87	0.11127	0.10541	0.5	34011	3585	32218	195396	5.75
1980-1989	88	0.12393	0.11669	0.5	30426	3551	28650	163178	5.36
1980-1989	89	0.13779	0.12891	0.5	26875	3464	25143	134528	5.01
1980-1989	90	0.15190	0.14118	0.5	23411	3305	21758	109385	4.67
1980-1989	91	0.16637	0.15359	0.5	20106	3088	18562	87626	4.36
1980-1989	92	0.18637	0.17049	0.5	17018	2901	15567	69065	4.06
1980-1989	93	0.20562	0.18645	0.5	14116	2632	12800	53498	3.79
1980-1989	94	0.22521	0.20242	0.5	11484	2325	10322	40697	3.54
1980-1989	95	0.24467	0.21800	0.5	9160	1997	8161	30375	3.32
1980-1989	96	0.26717	0.23568	0.5	7163	1688	6319	22214	3.10
1980-1989	97	0.29093	0.25399	0.5	5475	1390	4779	15895	2.90
1980-1989	98	0.31590	0.27281	0.5	4084	1114	3527	11116	2.72
1980-1989	99	0.34198	0.29204	0.5	2970	867	2536	7589	2.56
1980-1989	100	0.36904	0.31155	0.5	2103	655	1775	5052	2.40
1980-1989	101	0.39696	0.33122	0.5	1448	479	1208	3277	2.26
1980-1989	102	0.42557	0.35090	0.5	968	340	798	2070	2.14
1980-1989	103	0.45468	0.37046	0.5	628	233	512	1271	2.02
1980-1989	104	0.48410	0.38976	0.5	396	154	319	759	1.92
1980-1989	105	0.51364	0.40868	0.5	241	99	192	441	1.83
1980-1989	106	0.54308	0.42711	0.5	143	61	112	249	1.74
1980-1989	107	0.57222	0.44493	0.5	82	36	64	136	1.67
1980-1989	108	0.60088	0.46206	0.5	45	21	35	73	1.61
1980-1989	109	0.62885	0.47842	0.5	24	12	19	38	1.56
1980-1989	110+	0.65599	1.00000	1.52	13	13	19	19	1.52
1990-1999	0	0.00630	0.00626	0.07	100000	626	99418	7989991	79.90
1990-1999	1	0.00056	0.00056	0.5	99374	56	99346	7890573	79.40
1990-1999	2	0.00034	0.00034	0.5	99318	33	99301	7791228	78.45
1990-1999	3	0.00026	0.00026	0.5	99284	26	99272	7691926	77.47
1990-1999	4	0.00020	0.00020	0.5	99259	20	99249	7592655	76.49
1990-1999	5	0.00018	0.00018	0.5	99239	18	99230	7493406	75.51
1990-1999	6	0.00016	0.00016	0.5	99221	16	99213	7394176	74.52
1990-1999	7	0.00015	0.00015	0.5	99205	15	99197	7294964	73.53
1990-1999	8	0.00015	0.00015	0.5	99189	14	99182	7195767	72.55
1990-1999	9	0.00014	0.00014	0.5	99175	14	99168	7096584	71.56
1990-1999	10	0.00014	0.00014	0.5	99161	14	99154	6997416	70.57
1990-1999	11	0.00014	0.00014	0.5	99147	14	99140	6898262	69.58
1990-1999	12	0.00017	0.00017	0.5	99133	16	99125	6799122	68.59
1990-1999	13	0.00019	0.00019	0.5	99117	19	99108	6699997	67.60
1990-1999	14	0.00026	0.00026	0.5	99098	26	99085	6600889	66.61
1990-1999	15	0.00032	0.00032	0.5	99072	31	99057	6501804	65.63
1990-1999	16	0.00039	0.00039	0.5	99041	39	99022	6402747	64.65
1990-1999	17	0.00046	0.00046	0.5	99002	45	98980	6303726	63.67
1990-1999	18	0.00048	0.00048	0.5	98957	48	98933	6204746	62.70
1990-1999	19	0.00047	0.00047	0.5	98909	47	98886	6105813	61.73
1990-1999	20	0.00047	0.00047	0.5	98863	47	98840	6006927	60.76
1990-1999	21	0.00047	0.00047	0.5	98816	47	98793	5908087	59.79
1990-1999	22	0.00047	0.00047	0.5	98769	46	98746	5809294	58.82
1990-1999	23	0.00046	0.00046	0.5	98723	45	98701	5710548	57.84
1990-1999	24	0.00047	0.00047	0.5	98678	47	98655	5611847	56.87
1990-1999	25	0.00048	0.00048	0.5	98631	47	98608	5513193	55.90
1990-1999	26	0.00049	0.00049	0.5	98584	49	98560	5414585	54.92
1990-1999	27	0.00052	0.00052	0.5	98535	51	98510	5316026	53.95
1990-1999	28	0.00055	0.00055	0.5	98484	54	98457	5217516	52.98
1990-1999	29	0.00056	0.00056	0.5	98431	55	98403	5119059	52.01
1990-1999	30	0.00058	0.00058	0.5	98376	58	98347	5020656	51.04
1990-1999	31	0.00066	0.00066	0.5	98318	65	98285	4922309	50.07
1990-1999	32	0.00070	0.00070	0.5	98253	68	98219	4824023	49.10
1990-1999	33	0.00077	0.00077	0.5	98184	75	98147	4725805	48.13
1990-1999	34	0.00083	0.00083	0.5	98109	81	98068	4627658	47.17
1990-1999	35	0.00087	0.00087	0.5	98028	85	97985	4529590	46.21
1990-1999	36	0.00093	0.00093	0.5	97943	91	97897	4431605	45.25
1990-1999	37	0.00102	0.00102	0.5	97852	100	97802	4333707	44.29
1990-1999	38	0.00115	0.00115	0.5	97752	113	97696	4235906	43.33
1990-1999	39	0.00118	0.00118	0.5	97639	115	97582	4138210	42.38
1990-1999	40	0.00128	0.00128	0.5	97524	124	97462	4040628	41.43
1990-1999	41	0.00143	0.00143	0.5	97400	139	97330	3943166	40.48
1990-1999	42	0.00151	0.00150	0.5	97261	146	97188	3845836	39.54
1990-1999	43	0.00169	0.00169	0.5	97115	164	97033	3748648	38.60
1990-1999	44	0.00179	0.00179	0.5	96951	173	96864	3651616	37.66
1990-1999	45	0.00193	0.00193	0.5	96778	187	96684	3554751	36.73
1990-1999	46	0.00214	0.00214	0.5	96591	206	96488	3458067	35.80
1990-1999	47	0.00232	0.00232	0.5	96385	224	96273	3361579	34.88
1990-1999	48	0.00260	0.00259	0.5	96161	249	96036	3265307	33.96
1990-1999	49	0.00270	0.00270	0.5	95911	259	95782	3169271	33.04
1990-1999	50	0.00298	0.00297	0.5	95653	284	95511	3073488	32.13
1990-1999	51	0.00337	0.00336	0.5	95368	321	95208	2977978	31.23
1990-1999	52	0.00374	0.00373	0.5	95048	354	94871	2882770	30.33
1990-1999	53	0.00412	0.00411	0.5	94693	389	94499	2787899	29.44
1990-1999	54	0.00437	0.00436	0.5	94304	412	94098	2693401	28.56
1990-1999	55	0.00483	0.00482	0.5	93892	453	93666	2599302	27.68
1990-1999	56	0.00535	0.00534	0.5	93440	499	93190	2505637	26.82
1990-1999	57	0.00591	0.00589	0.5	92941	548	92667	2412446	25.96
1990-1999	58	0.00660	0.00658	0.5	92393	608	92089	2319779	25.11
1990-1999	59	0.00710	0.00708	0.5	91786	650	91461	2227690	24.27
1990-1999	60	0.00782	0.00779	0.5	91136	710	90781	2136229	23.44
1990-1999	61	0.00880	0.00876	0.5	90426	792	90030	2045448	22.62
1990-1999	62	0.00960	0.00956	0.5	89634	856	89206	1955418	21.82
1990-1999	63	0.01023	0.01018	0.5	88777	904	88325	1866213	21.02
1990-1999	64	0.01106	0.01100	0.5	87874	967	87390	1777887	20.23
1990-1999	65	0.01217	0.01209	0.5	86907	1051	86381	1690497	19.45
1990-1999	66	0.01313	0.01304	0.5	85856	1120	85296	1604116	18.68
1990-1999	67	0.01438	0.01427	0.5	84736	1209	84131	1518820	17.92
1990-1999	68	0.01598	0.01585	0.5	83526	1324	82864	1434689	17.18
1990-1999	69	0.01710	0.01695	0.5	82202	1394	81505	1351825	16.45
1990-1999	70	0.01885	0.01868	0.5	80808	1509	80054	1270320	15.72
1990-1999	71	0.02094	0.02072	0.5	79299	1643	78478	1190266	15.01
1990-1999	72	0.02320	0.02293	0.5	77656	1781	76766	1111788	14.32
1990-1999	73	0.02525	0.02494	0.5	75876	1892	74929	1035022	13.64
1990-1999	74	0.02681	0.02645	0.5	73983	1957	73005	960093	12.98
1990-1999	75	0.02993	0.02949	0.5	72026	2124	70964	887088	12.32
1990-1999	76	0.03288	0.03235	0.5	69902	2261	68771	816124	11.68
1990-1999	77	0.03619	0.03555	0.5	67641	2405	66438	747352	11.05
1990-1999	78	0.03944	0.03868	0.5	65236	2523	63974	680914	10.44
1990-1999	79	0.04362	0.04268	0.5	62713	2677	61374	616939	9.84
1990-1999	80	0.04996	0.04874	0.5	60036	2926	58573	555565	9.25
1990-1999	81	0.05507	0.05360	0.5	57110	3061	55579	496992	8.70
1990-1999	82	0.06166	0.05981	0.5	54049	3233	52432	441413	8.17
1990-1999	83	0.06885	0.06656	0.5	50816	3382	49125	388981	7.65
1990-1999	84	0.07710	0.07424	0.5	47434	3521	45673	339856	7.16
1990-1999	85	0.08476	0.08131	0.5	43912	3571	42127	294183	6.70
1990-1999	86	0.09571	0.09134	0.5	40342	3685	38499	252056	6.25
1990-1999	87	0.10640	0.10102	0.5	36657	3703	34805	213557	5.83
1990-1999	88	0.11848	0.11185	0.5	32954	3686	31111	178752	5.42
1990-1999	89	0.13256	0.12432	0.5	29268	3638	27449	147641	5.04
1990-1999	90	0.14808	0.13787	0.5	25629	3534	23863	120193	4.69
1990-1999	91	0.16450	0.15200	0.5	22096	3359	20416	96330	4.36
1990-1999	92	0.18353	0.16811	0.5	18737	3150	17162	75914	4.05
1990-1999	93	0.20566	0.18648	0.5	15587	2907	14134	58751	3.77
1990-1999	94	0.22680	0.20370	0.5	12681	2583	11389	44617	3.52
1990-1999	95	0.24511	0.21835	0.5	10098	2205	8995	33228	3.29
1990-1999	96	0.26865	0.23683	0.5	7893	1869	6958	24233	3.07
1990-1999	97	0.29356	0.25599	0.5	6023	1542	5252	17275	2.87
1990-1999	98	0.31977	0.27569	0.5	4482	1236	3864	12023	2.68
1990-1999	99	0.34718	0.29583	0.5	3246	960	2766	8159	2.51
1990-1999	100	0.37563	0.31624	0.5	2286	723	1924	5393	2.36
1990-1999	101	0.40497	0.33678	0.5	1563	526	1300	3469	2.22
1990-1999	102	0.43501	0.35730	0.5	1037	370	851	2169	2.09
1990-1999	103	0.46553	0.37763	0.5	666	252	540	1318	1.98
1990-1999	104	0.49631	0.39764	0.5	415	165	332	777	1.87
1990-1999	105	0.52712	0.41717	0.5	250	104	198	445	1.78
1990-1999	106	0.55772	0.43611	0.5	146	63	114	247	1.70
1990-1999	107	0.58790	0.45434	0.5	82	37	63	134	1.63
1990-1999	108	0.61742	0.47178	0.5	45	21	34	70	1.56
1990-1999	109	0.64610	0.48834	0.5	24	12	18	36	1.52
1990-1999	110+	0.67377	1.00000	1.48	12	12	18	18	1.48
2000-2009	0	0.00522	0.00520	0.07	100000	520	99516	8102100	81.02
2000-2009	1	0.00041	0.00041	0.5	99480	41	99460	8002585	80.44
2000-2009	2	0.00026	0.00026	0.5	99440	26	99427	7903125	79.48
2000-2009	3	0.00018	0.00018	0.5	99414	18	99405	7803698	78.50
2000-2009	4	0.00016	0.00016	0.5	99396	16	99388	7704292	77.51
2000-2009	5	0.00015	0.00015	0.5	99380	14	99373	7604904	76.52
2000-2009	6	0.00013	0.00013	0.5	99366	13	99360	7505531	75.53
2000-2009	7	0.00011	0.00011	0.5	99353	11	99347	7406171	74.54
2000-2009	8	0.00012	0.00012	0.5	99342	11	99336	7306824	73.55
2000-2009	9	0.00012	0.00012	0.5	99330	12	99324	7207488	72.56
2000-2009	10	0.00011	0.00011	0.5	99319	11	99313	7108163	71.57
2000-2009	11	0.00012	0.00012	0.5	99308	12	99302	7008850	70.58
2000-2009	12	0.00012	0.00012	0.5	99296	12	99290	6909548	69.59
2000-2009	13	0.00015	0.00015	0.5	99284	15	99277	6810258	68.59
2000-2009	14	0.00019	0.00019	0.5	99269	18	99260	6710981	67.60
2000-2009	15	0.00023	0.00023	0.5	99251	23	99239	6611721	66.62
2000-2009	16	0.00030	0.00030	0.5	99228	30	99213	6512482	65.63
2000-2009	17	0.00034	0.00034	0.5	99197	34	99181	6413269	64.65
2000-2009	18	0.00041	0.00041	0.5	99164	41	99143	6314088	63.67
2000-2009	19	0.00042	0.00042	0.5	99123	42	99102	6214945	62.70
2000-2009	20	0.00043	0.00043	0.5	99081	43	99060	6115843	61.73
2000-2009	21	0.00044	0.00044	0.5	99039	43	99017	6016783	60.75
2000-2009	22	0.00042	0.00042	0.5	98996	41	98975	5917766	59.78
2000-2009	23	0.00041	0.00041	0.5	98954	40	98934	5818791	58.80
2000-2009	24	0.00042	0.00042	0.5	98914	42	98893	5719856	57.83
2000-2009	25	0.00043	0.00043	0.5	98873	43	98851	5620963	56.85
2000-2009	26	0.00046	0.00046	0.5	98830	45	98807	5522112	55.87
2000-2009	27	0.00046	0.00046	0.5	98785	45	98762	5423305	54.90
2000-2009	28	0.00048	0.00048	0.5	98739	47	98716	5324543	53.93
2000-2009	29	0.00051	0.00050	0.5	98692	50	98667	5225827	52.95
2000-2009	30	0.00053	0.00053	0.5	98642	52	98616	5127160	51.98
2000-2009	31	0.00058	0.00058	0.5	98590	57	98562	5028544	51.00
2000-2009	32	0.00061	0.00061	0.5	98533	60	98503	4929982	50.03
2000-2009	33	0.00067	0.00067	0.5	98473	66	98440	4831478	49.06
2000-2009	34	0.00072	0.00072	0.5	98407	71	98372	4733038	48.10
2000-2009	35	0.00078	0.00078	0.5	98336	77	98298	4634666	47.13
2000-2009	36	0.00084	0.00084	0.5	98259	82	98218	4536369	46.17
2000-2009	37	0.00093	0.00093	0.5	98177	91	98131	4438151	45.21
2000-2009	38	0.00103	0.00103	0.5	98086	101	98035	4340019	44.25
2000-2009	39	0.00117	0.00117	0.5	97985	114	97928	4241984	43.29
2000-2009	40	0.00124	0.00124	0.5	97871	122	97810	4144056	42.34
2000-2009	41	0.00136	0.00135	0.5	97749	132	97683	4046247	41.39
2000-2009	42	0.00148	0.00148	0.5	97616	144	97544	3948564	40.45
2000-2009	43	0.00167	0.00167	0.5	97472	163	97391	3851020	39.51
2000-2009	44	0.00182	0.00182	0.5	97310	177	97221	3753629	38.57
2000-2009	45	0.00198	0.00198	0.5	97132	192	97036	3656408	37.64
2000-2009	46	0.00214	0.00214	0.5	96941	207	96837	3559371	36.72
2000-2009	47	0.00233	0.00233	0.5	96733	225	96621	3462534	35.79
2000-2009	48	0.00250	0.00250	0.5	96508	241	96387	3365914	34.88
2000-2009	49	0.00272	0.00272	0.5	96267	261	96136	3269527	33.96
2000-2009	50	0.00291	0.00291	0.5	96005	279	95865	3173391	33.05
2000-2009	51	0.00313	0.00313	0.5	95726	299	95576	3077526	32.15
2000-2009	52	0.00343	0.00342	0.5	95426	327	95263	2981949	31.25
2000-2009	53	0.00371	0.00370	0.5	95100	352	94924	2886686	30.35
2000-2009	54	0.00391	0.00390	0.5	94748	370	94563	2791763	29.47
2000-2009	55	0.00423	0.00422	0.5	94378	399	94179	2697200	28.58
2000-2009	56	0.00458	0.00457	0.5	93979	429	93765	2603021	27.70
2000-2009	57	0.00498	0.00497	0.5	93550	465	93317	2509257	26.82
2000-2009	58	0.00543	0.00542	0.5	93085	504	92833	2415939	25.95
2000-2009	59	0.00596	0.00594	0.5	92581	550	92306	2323107	25.09
2000-2009	60	0.00661	0.00659	0.5	92030	606	91727	2230801	24.24
2000-2009	61	0.00715	0.00712	0.5	91424	651	91098	2139074	23.40
2000-2009	62	0.00782	0.00779	0.5	90773	707	90419	2047976	22.56
2000-2009	63	0.00858	0.00854	0.5	90066	769	89681	1957556	21.73
2000-2009	64	0.00947	0.00943	0.5	89296	842	88876	1867875	20.92
2000-2009	65	0.01035	0.01029	0.5	88455	910	87999	1779000	20.11
2000-2009	66	0.01113	0.01107	0.5	87544	969	87060	1691000	19.32
2000-2009	67	0.01229	0.01222	0.5	86575	1058	86046	1603941	18.53
2000-2009	68	0.01330	0.01321	0.5	85517	1130	84952	1517895	17.75
2000-2009	69	0.01472	0.01461	0.5	84387	1233	83771	1432942	16.98
2000-2009	70	0.01639	0.01626	0.5	83154	1352	82478	1349172	16.22
2000-2009	71	0.01775	0.01759	0.5	81802	1439	81082	1266694	15.48
2000-2009	72	0.01970	0.01951	0.5	80363	1568	79579	1185611	14.75
2000-2009	73	0.02168	0.02145	0.5	78795	1690	77950	1106033	14.04
2000-2009	74	0.02415	0.02387	0.5	77105	1840	76185	1028083	13.33
2000-2009	75	0.02655	0.02620	0.5	75265	1972	74279	951898	12.65
2000-2009	76	0.02919	0.02877	0.5	73293	2109	72238	877619	11.97
2000-2009	77	0.03250	0.03198	0.5	71184	2276	70046	805381	11.31
2000-2009	78	0.03561	0.03499	0.5	68908	2411	67702	735335	10.67
2000-2009	79	0.03980	0.03902	0.5	66497	2595	65199	667633	10.04
2000-2009	80	0.04637	0.04532	0.5	63902	2896	62454	602434	9.43
2000-2009	81	0.05148	0.05019	0.5	61006	3062	59475	539980	8.85
2000-2009	82	0.05813	0.05649	0.5	57944	3273	56307	480505	8.29
2000-2009	83	0.06452	0.06250	0.5	54671	3417	52962	424198	7.76
2000-2009	84	0.07246	0.06992	0.5	51254	3584	49462	371236	7.24
2000-2009	85	0.08143	0.07824	0.5	47670	3730	45805	321774	6.75
2000-2009	86	0.09216	0.08810	0.5	43940	3871	42004	275970	6.28
2000-2009	87	0.10311	0.09805	0.5	40069	3929	38104	233965	5.84
2000-2009	88	0.11650	0.11009	0.5	36140	3979	34151	195861	5.42
2000-2009	89	0.13010	0.12215	0.5	32161	3929	30197	161710	5.03
2000-2009	90	0.14731	0.13720	0.5	28233	3874	26296	131513	4.66
2000-2009	91	0.16478	0.15224	0.5	24359	3708	22505	105217	4.32
2000-2009	92	0.18477	0.16914	0.5	20651	3493	18904	82712	4.01
2000-2009	93	0.20482	0.18579	0.5	17158	3188	15564	63808	3.72
2000-2009	94	0.22789	0.20458	0.5	13970	2858	12541	48244	3.45
2000-2009	95	0.25011	0.22231	0.5	11112	2470	9877	35703	3.21
2000-2009	96	0.27543	0.24209	0.5	8642	2092	7596	25826	2.99
2000-2009	97	0.30229	0.26260	0.5	6550	1720	5690	18230	2.78
2000-2009	98	0.33056	0.28368	0.5	4830	1370	4145	12541	2.60
2000-2009	99	0.36012	0.30517	0.5	3460	1056	2932	8396	2.43
2000-2009	100	0.39078	0.32691	0.5	2404	786	2011	5464	2.27
2000-2009	101	0.42232	0.34869	0.5	1618	564	1336	3453	2.13
2000-2009	102	0.45452	0.37035	0.5	1054	390	859	2117	2.01
2000-2009	103	0.48709	0.39170	0.5	664	260	534	1259	1.90
2000-2009	104	0.51978	0.41256	0.5	404	167	320	725	1.80
2000-2009	105	0.55230	0.43278	0.5	237	103	186	405	1.71
2000-2009	106	0.58437	0.45224	0.5	134	61	104	219	1.63
2000-2009	107	0.61575	0.47080	0.5	74	35	56	115	1.56
2000-2009	108	0.64619	0.48840	0.5	39	19	29	58	1.50
2000-2009	109	0.67550	0.50495	0.5	20	10	15	29	1.45
2000-2009	110+	0.70349	1.00000	1.42	10	10	14	14	1.42
2010-2019	0	0.00434	0.00432	0.07	100000	432	99596	8243384	82.43
2010-2019	1	0.00031	0.00031	0.5	99568	31	99552	8143788	81.79
2010-2019	2	0.00019	0.00019	0.5	99537	19	99527	8044235	80.82
2010-2019	3	0.00015	0.00015	0.5	99518	15	99510	7944708	79.83
2010-2019	4	0.00012	0.00012	0.5	99503	12	99497	7845198	78.84
2010-2019	5	0.00011	0.00011	0.5	99491	11	99486	7745700	77.85
2010-2019	6	0.00010	0.00010	0.5	99480	10	99475	7646215	76.86
2010-2019	7	0.00009	0.00009	0.5	99471	9	99466	7546739	75.87
2010-2019	8	0.00009	0.00009	0.5	99462	8	99458	7447273	74.88
2010-2019	9	0.00008	0.00008	0.5	99454	8	99450	7347815	73.88
2010-2019	10	0.00008	0.00008	0.5	99446	8	99441	7248366	72.89
2010-2019	11	0.00009	0.00009	0.5	99437	9	99433	7148924	71.89
2010-2019	12	0.00010	0.00010	0.5	99428	10	99423	7049491	70.90
2010-2019	13	0.00012	0.00012	0.5	99418	12	99412	6950069	69.91
2010-2019	14	0.00015	0.00015	0.5	99406	15	99398	6850657	68.92
2010-2019	15	0.00018	0.00018	0.5	99390	17	99382	6751259	67.93
2010-2019	16	0.00021	0.00021	0.5	99373	21	99362	6651877	66.94
2010-2019	17	0.00025	0.00025	0.5	99352	25	99339	6552515	65.95
2010-2019	18	0.00031	0.00031	0.5	99327	31	99311	6453176	64.97
2010-2019	19	0.00035	0.00035	0.5	99296	35	99278	6353864	63.99
2010-2019	20	0.00037	0.00037	0.5	99261	37	99242	6254586	63.01
2010-2019	21	0.00040	0.00040	0.5	99224	40	99204	6155343	62.03
2010-2019	22	0.00041	0.00041	0.5	99184	40	99164	6056139	61.06
2010-2019	23	0.00043	0.00043	0.5	99144	42	99122	5956975	60.08
2010-2019	24	0.00043	0.00043	0.5	99101	43	99080	5857853	59.11
2010-2019	25	0.00046	0.00046	0.5	99059	46	99036	5758773	58.14
2010-2019	26	0.00047	0.00047	0.5	99013	47	98989	5659737	57.16
2010-2019	27	0.00050	0.00050	0.5	98966	49	98941	5560748	56.19
2010-2019	28	0.00052	0.00052	0.5	98917	52	98891	5461807	55.22
2010-2019	29	0.00055	0.00055	0.5	98865	54	98838	5362916	54.24
2010-2019	30	0.00059	0.00059	0.5	98811	58	98781	5264078	53.27
2010-2019	31	0.00064	0.00064	0.5	98752	63	98721	5165297	52.31
2010-2019	32	0.00066	0.00066	0.5	98689	65	98656	5066576	51.34
2010-2019	33	0.00072	0.00072	0.5	98624	71	98588	4967920	50.37
2010-2019	34	0.00074	0.00074	0.5	98553	73	98516	4869331	49.41
2010-2019	35	0.00079	0.00079	0.5	98480	78	98441	4770815	48.44
2010-2019	36	0.00087	0.00087	0.5	98402	86	98359	4672374	47.48
2010-2019	37	0.00090	0.00090	0.5	98316	88	98272	4574015	46.52
2010-2019	38	0.00099	0.00099	0.5	98228	97	98179	4475743	45.56
2010-2019	39	0.00104	0.00104	0.5	98130	102	98079	4377564	44.61
2010-2019	40	0.00115	0.00115	0.5	98028	113	97972	4279485	43.66
2010-2019	41	0.00119	0.00119	0.5	97916	117	97857	4181513	42.71
2010-2019	42	0.00130	0.00130	0.5	97799	127	97735	4083656	41.76
2010-2019	43	0.00144	0.00144	0.5	97672	141	97602	3985921	40.81
2010-2019	44	0.00155	0.00154	0.5	97531	151	97456	3888319	39.87
2010-2019	45	0.00169	0.00169	0.5	97381	164	97299	3790863	38.93
2010-2019	46	0.00192	0.00192	0.5	97216	186	97123	3693565	37.99
2010-2019	47	0.00202	0.00202	0.5	97030	196	96932	3596442	37.07
2010-2019	48	0.00226	0.00226	0.5	96834	219	96725	3499510	36.14
2010-2019	49	0.00250	0.00250	0.5	96615	241	96494	3402785	35.22
2010-2019	50	0.00270	0.00270	0.5	96374	260	96244	3306291	34.31
2010-2019	51	0.00299	0.00299	0.5	96114	287	95970	3210047	33.40
2010-2019	52	0.00318	0.00318	0.5	95827	304	95674	3114077	32.50
2010-2019	53	0.00347	0.00346	0.5	95522	331	95357	3018402	31.60
2010-2019	54	0.00375	0.00374	0.5	95191	356	95013	2923046	30.71
2010-2019	55	0.00407	0.00406	0.5	94835	385	94643	2828032	29.82
2010-2019	56	0.00438	0.00437	0.5	94450	413	94244	2733389	28.94
2010-2019	57	0.00471	0.00470	0.5	94038	442	93817	2639145	28.06
2010-2019	58	0.00504	0.00503	0.5	93596	470	93360	2545329	27.19
2010-2019	59	0.00543	0.00542	0.5	93125	504	92873	2451968	26.33
2010-2019	60	0.00587	0.00585	0.5	92621	542	92350	2359095	25.47
2010-2019	61	0.00631	0.00629	0.5	92079	579	91789	2266745	24.62
2010-2019	62	0.00671	0.00669	0.5	91500	612	91194	2174956	23.77
2010-2019	63	0.00748	0.00746	0.5	90888	678	90549	2083762	22.93
2010-2019	64	0.00792	0.00789	0.5	90210	711	89855	1993212	22.10
2010-2019	65	0.00854	0.00850	0.5	89499	761	89119	1903358	21.27
2010-2019	66	0.00909	0.00905	0.5	88738	803	88337	1814239	20.44
2010-2019	67	0.01009	0.01004	0.5	87936	883	87494	1725902	19.63
2010-2019	68	0.01098	0.01092	0.5	87053	951	86578	1638408	18.82
2010-2019	69	0.01197	0.01190	0.5	86102	1025	85590	1551831	18.02
2010-2019	70	0.01325	0.01317	0.5	85077	1120	84517	1466241	17.23
2010-2019	71	0.01459	0.01448	0.5	83957	1216	83349	1381724	16.46
2010-2019	72	0.01610	0.01597	0.5	82741	1321	82080	1298375	15.69
2010-2019	73	0.01761	0.01746	0.5	81420	1421	80709	1216295	14.94
2010-2019	74	0.01966	0.01947	0.5	79998	1558	79219	1135586	14.20
2010-2019	75	0.02209	0.02185	0.5	78440	1714	77584	1056367	13.47
2010-2019	76	0.02425	0.02396	0.5	76727	1838	75808	978783	12.76
2010-2019	77	0.02696	0.02660	0.5	74889	1992	73893	902975	12.06
2010-2019	78	0.03008	0.02963	0.5	72897	2160	71817	829082	11.37
2010-2019	79	0.03357	0.03301	0.5	70737	2335	69569	757265	10.71
2010-2019	80	0.03976	0.03899	0.5	68402	2667	67068	687696	10.05
2010-2019	81	0.04459	0.04362	0.5	65735	2867	64301	620628	9.44
2010-2019	82	0.05002	0.04880	0.5	62867	3068	61333	556327	8.85
2010-2019	83	0.05642	0.05487	0.5	59799	3281	58159	494994	8.28
2010-2019	84	0.06393	0.06195	0.5	56518	3501	54767	436835	7.73
2010-2019	85	0.07170	0.06922	0.5	53017	3670	51182	382068	7.21
2010-2019	86	0.08074	0.07760	0.5	49347	3830	47432	330886	6.71
2010-2019	87	0.09133	0.08735	0.5	45517	3976	43530	283454	6.23
2010-2019	88	0.10365	0.09855	0.5	41542	4094	39495	239924	5.78
2010-2019	89	0.11663	0.11021	0.5	37448	4127	35384	200429	5.35
2010-2019	90	0.13316	0.12485	0.5	33321	4160	31241	165045	4.95
2010-2019	91	0.14979	0.13935	0.5	29161	4064	27129	133804	4.59
2010-2019	92	0.16850	0.15541	0.5	25097	3900	23147	106675	4.25
2010-2019	93	0.18713	0.17112	0.5	21197	3627	19383	83528	3.94
2010-2019	94	0.20888	0.18912	0.5	17570	3323	15908	64145	3.65
2010-2019	95	0.23148	0.20747	0.5	14247	2956	12769	48236	3.39
2010-2019	96	0.25630	0.22719	0.5	11291	2565	10008	35468	3.14
2010-2019	97	0.28281	0.24777	0.5	8726	2162	7645	25459	2.92
2010-2019	98	0.31090	0.26907	0.5	6564	1766	5681	17814	2.71
2010-2019	99	0.34047	0.29094	0.5	4798	1396	4100	12134	2.53
2010-2019	100	0.37132	0.31318	0.5	3402	1065	2869	8034	2.36
2010-2019	101	0.40327	0.33560	0.5	2336	784	1944	5165	2.21
2010-2019	102	0.43606	0.35800	0.5	1552	556	1274	3220	2.07
2010-2019	103	0.46941	0.38018	0.5	997	379	807	1946	1.95
2010-2019	104	0.50305	0.40195	0.5	618	248	494	1139	1.84
2010-2019	105	0.53665	0.42312	0.5	369	156	291	645	1.75
2010-2019	106	0.56993	0.44354	0.5	213	95	166	354	1.66
2010-2019	107	0.60258	0.46306	0.5	119	55	91	188	1.59
2010-2019	108	0.63435	0.48160	0.5	64	31	48	97	1.52
2010-2019	109	0.66499	0.49905	0.5	33	16	25	49	1.47
2010-2019	110+	0.69430	1.00000	1.44	17	17	24	24	1.44
2020-2022	0	0.00410	0.00408	0.06	100000	408	99618	8125928	81.26
2020-2022	1	0.00031	0.00031	0.5	99592	30	99577	8026310	80.59
2020-2022	2	0.00019	0.00019	0.5	99562	19	99552	7926733	79.62
2020-2022	3	0.00013	0.00013	0.5	99543	13	99536	7827181	78.63
2020-2022	4	0.00011	0.00011	0.5	99530	11	99524	7727645	77.64
2020-2022	5	0.00009	0.00009	0.5	99519	9	99514	7628121	76.65
2020-2022	6	0.00009	0.00009	0.5	99510	9	99505	7528606	75.66
2020-2022	7	0.00008	0.00008	0.5	99501	8	99497	7429101	74.66
2020-2022	8	0.00009	0.00009	0.5	99493	9	99488	7329605	73.67
2020-2022	9	0.00009	0.00009	0.5	99484	9	99480	7230116	72.68
2020-2022	10	0.00009	0.00009	0.5	99475	9	99471	7130637	71.68
2020-2022	11	0.00010	0.00010	0.5	99467	10	99462	7031165	70.69
2020-2022	12	0.00013	0.00013	0.5	99456	12	99450	6931704	69.70
2020-2022	13	0.00015	0.00015	0.5	99444	15	99437	6832254	68.70
2020-2022	14	0.00018	0.00018	0.5	99429	18	99420	6732817	67.71
2020-2022	15	0.00022	0.00022	0.5	99411	21	99400	6633397	66.73
2020-2022	16	0.00028	0.00028	0.5	99390	28	99375	6533997	65.74
2020-2022	17	0.00032	0.00032	0.5	99361	32	99345	6434621	64.76
2020-2022	18	0.00040	0.00040	0.5	99329	40	99309	6335276	63.78
2020-2022	19	0.00045	0.00045	0.5	99289	44	99267	6235967	62.81
2020-2022	20	0.00049	0.00049	0.5	99245	49	99220	6136700	61.83
2020-2022	21	0.00053	0.00053	0.5	99196	53	99169	6037480	60.86
2020-2022	22	0.00057	0.00057	0.5	99143	57	99115	5938310	59.90
2020-2022	23	0.00057	0.00057	0.5	99086	57	99058	5839196	58.93
2020-2022	24	0.00056	0.00056	0.5	99030	56	99002	5740138	57.96
2020-2022	25	0.00066	0.00066	0.5	98974	65	98941	5641136	57.00
2020-2022	26	0.00068	0.00068	0.5	98908	67	98875	5542195	56.03
2020-2022	27	0.00072	0.00072	0.5	98841	71	98805	5443321	55.07
2020-2022	28	0.00074	0.00074	0.5	98770	73	98733	5344515	54.11
2020-2022	29	0.00080	0.00080	0.5	98697	79	98657	5245782	53.15
2020-2022	30	0.00091	0.00091	0.5	98618	90	98573	5147125	52.19
2020-2022	31	0.00092	0.00092	0.5	98528	91	98482	5048552	51.24
2020-2022	32	0.00096	0.00096	0.5	98437	94	98390	4950069	50.29
2020-2022	33	0.00110	0.00110	0.5	98343	109	98288	4851680	49.33
2020-2022	34	0.00111	0.00111	0.5	98234	109	98179	4753391	48.39
2020-2022	35	0.00113	0.00113	0.5	98125	111	98069	4655212	47.44
2020-2022	36	0.00122	0.00122	0.5	98014	120	97954	4557143	46.49
2020-2022	37	0.00129	0.00129	0.5	97894	127	97831	4459188	45.55
2020-2022	38	0.00138	0.00138	0.5	97768	135	97700	4361358	44.61
2020-2022	39	0.00145	0.00145	0.5	97633	142	97562	4263657	43.67
2020-2022	40	0.00155	0.00155	0.5	97491	151	97415	4166096	42.73
2020-2022	41	0.00162	0.00162	0.5	97340	157	97261	4068680	41.80
2020-2022	42	0.00176	0.00176	0.5	97182	171	97097	3971419	40.87
2020-2022	43	0.00190	0.00190	0.5	97012	184	96920	3874322	39.94
2020-2022	44	0.00194	0.00194	0.5	96828	188	96734	3777402	39.01
2020-2022	45	0.00212	0.00211	0.5	96640	204	96538	3680669	38.09
2020-2022	46	0.00230	0.00229	0.5	96436	221	96325	3584131	37.17
2020-2022	47	0.00247	0.00246	0.5	96214	237	96096	3487806	36.25
2020-2022	48	0.00266	0.00266	0.5	95977	255	95850	3391710	35.34
2020-2022	49	0.00284	0.00284	0.5	95723	271	95587	3295860	34.43
2020-2022	50	0.00317	0.00317	0.5	95451	303	95300	3200273	33.53
2020-2022	51	0.00336	0.00336	0.5	95148	320	94989	3104974	32.63
2020-2022	52	0.00359	0.00358	0.5	94829	340	94659	3009985	31.74
2020-2022	53	0.00392	0.00391	0.5	94489	369	94305	2915326	30.85
2020-2022	54	0.00418	0.00417	0.5	94120	393	93924	2821021	29.97
2020-2022	55	0.00452	0.00451	0.5	93727	423	93516	2727098	29.10
2020-2022	56	0.00497	0.00496	0.5	93304	463	93073	2633582	28.23
2020-2022	57	0.00554	0.00552	0.5	92841	513	92585	2540509	27.36
2020-2022	58	0.00581	0.00580	0.5	92329	535	92061	2447924	26.51
2020-2022	59	0.00631	0.00629	0.5	91794	577	91505	2355863	25.66
2020-2022	60	0.00707	0.00704	0.5	91216	643	90895	2264358	24.82
2020-2022	61	0.00756	0.00753	0.5	90574	682	90233	2173463	24.00
2020-2022	62	0.00794	0.00791	0.5	89892	711	89536	2083230	23.17
2020-2022	63	0.00877	0.00873	0.5	89181	779	88792	1993694	22.36
2020-2022	64	0.00936	0.00932	0.5	88402	824	87990	1904902	21.55
2020-2022	65	0.01004	0.00999	0.5	87579	875	87141	1816912	20.75
2020-2022	66	0.01054	0.01049	0.5	86704	909	86249	1729770	19.95
2020-2022	67	0.01134	0.01128	0.5	85795	967	85311	1643521	19.16
2020-2022	68	0.01221	0.01213	0.5	84827	1029	84313	1558210	18.37
2020-2022	69	0.01329	0.01321	0.5	83798	1107	83245	1473898	17.59
2020-2022	70	0.01434	0.01423	0.5	82691	1177	82103	1390653	16.82
2020-2022	71	0.01578	0.01566	0.5	81514	1276	80876	1308550	16.05
2020-2022	72	0.01733	0.01718	0.5	80238	1378	79549	1227674	15.30
2020-2022	73	0.01935	0.01917	0.5	78860	1512	78104	1148125	14.56
2020-2022	74	0.02138	0.02115	0.5	77348	1636	76530	1070021	13.83
2020-2022	75	0.02385	0.02357	0.5	75712	1785	74820	993491	13.12
2020-2022	76	0.02583	0.02550	0.5	73928	1885	72985	918671	12.43
2020-2022	77	0.02977	0.02934	0.5	72042	2114	70986	845686	11.74
2020-2022	78	0.03308	0.03254	0.5	69929	2275	68791	774700	11.08
2020-2022	79	0.03663	0.03597	0.5	67653	2434	66437	705909	10.43
2020-2022	80	0.04129	0.04045	0.5	65220	2638	63901	639472	9.80
2020-2022	81	0.04662	0.04555	0.5	62581	2851	61156	575572	9.20
2020-2022	82	0.05276	0.05140	0.5	59731	3070	58196	514416	8.61
2020-2022	83	0.05947	0.05775	0.5	56660	3272	55024	456220	8.05
2020-2022	84	0.06690	0.06473	0.5	53388	3456	51660	401196	7.51
2020-2022	85	0.07599	0.07321	0.5	49932	3656	48105	349536	7.00
2020-2022	86	0.08483	0.08138	0.5	46277	3766	44394	301431	6.51
2020-2022	87	0.09625	0.09183	0.5	42511	3904	40559	257037	6.05
2020-2022	88	0.10753	0.10204	0.5	38607	3939	36637	216479	5.61
2020-2022	89	0.12384	0.11662	0.5	34667	4043	32646	179842	5.19
2020-2022	90	0.13900	0.12997	0.5	30624	3980	28634	147196	4.81
2020-2022	91	0.15513	0.14397	0.5	26644	3836	24726	118561	4.45
2020-2022	92	0.17584	0.16163	0.5	22808	3687	20965	93835	4.11
2020-2022	93	0.19572	0.17827	0.5	19122	3409	17417	72870	3.81
2020-2022	94	0.21901	0.19740	0.5	15713	3102	14162	55453	3.53
2020-2022	95	0.24210	0.21596	0.5	12611	2723	11249	41291	3.27
2020-2022	96	0.26778	0.23616	0.5	9888	2335	8720	30041	3.04
2020-2022	97	0.29512	0.25717	0.5	7553	1942	6581	21321	2.82
2020-2022	98	0.32402	0.27884	0.5	5610	1564	4828	14740	2.63
2020-2022	99	0.35433	0.30100	0.5	4046	1218	3437	9912	2.45
2020-2022	100	0.38585	0.32345	0.5	2828	915	2371	6475	2.29
2020-2022	101	0.41836	0.34598	0.5	1913	662	1582	4104	2.14
2020-2022	102	0.45159	0.36841	0.5	1251	461	1021	2521	2.01
2020-2022	103	0.48526	0.39051	0.5	790	309	636	1501	1.90
2020-2022	104	0.51907	0.41211	0.5	482	199	382	865	1.79
2020-2022	105	0.55270	0.43303	0.5	283	123	222	482	1.70
2020-2022	106	0.58586	0.45313	0.5	161	73	124	260	1.62
2020-2022	107	0.61826	0.47227	0.5	88	41	67	136	1.55
2020-2022	108	0.64964	0.49036	0.5	46	23	35	69	1.49
2020-2022	109	0.67977	0.50734	0.5	24	12	18	34	1.44
2020-2022	110+	0.70848	1.00000	1.41	12	12	16	16	1.41
