Reg1: Reg1, Lifetables (period 1x10), Females Last modified: February 4 2025, MPv5 (May07) 

Year     	Age	mx	qx	ax	lx	dx	Lx	Tx	ex
1941-1949	0	0.02909	0.02838	0.13	100000	2838	97544	6871162	68.71
1941-1949	1	0.00228	0.00228	0.5	97162	221	97051	6773618	69.71
1941-1949	2	0.00142	0.00142	0.5	96941	137	96872	6676566	68.87
1941-1949	3	0.00109	0.00109	0.5	96803	106	96750	6579694	67.97
1941-1949	4	0.00091	0.00091	0.5	96698	88	96654	6482944	67.04
1941-1949	5	0.00078	0.00078	0.5	96610	76	96572	6386290	66.10
1941-1949	6	0.00069	0.00069	0.5	96534	67	96501	6289719	65.16
1941-1949	7	0.00062	0.00062	0.5	96467	60	96437	6193218	64.20
1941-1949	8	0.00057	0.00057	0.5	96407	55	96379	6096781	63.24
1941-1949	9	0.00054	0.00054	0.5	96352	52	96326	6000402	62.28
1941-1949	10	0.00052	0.00052	0.5	96300	50	96275	5904076	61.31
1941-1949	11	0.00052	0.00052	0.5	96250	50	96225	5807801	60.34
1941-1949	12	0.00054	0.00054	0.5	96200	52	96174	5711576	59.37
1941-1949	13	0.00057	0.00057	0.5	96148	55	96120	5615402	58.40
1941-1949	14	0.00062	0.00062	0.5	96093	60	96063	5519282	57.44
1941-1949	15	0.00068	0.00068	0.5	96033	66	96000	5423219	56.47
1941-1949	16	0.00075	0.00075	0.5	95967	72	95931	5327219	55.51
1941-1949	17	0.00083	0.00082	0.5	95895	79	95855	5231288	54.55
1941-1949	18	0.00091	0.00091	0.5	95816	87	95772	5135432	53.60
1941-1949	19	0.00100	0.00100	0.5	95729	95	95681	5039660	52.65
1941-1949	20	0.00109	0.00109	0.5	95633	104	95581	4943979	51.70
1941-1949	21	0.00118	0.00118	0.5	95529	112	95473	4848398	50.75
1941-1949	22	0.00125	0.00125	0.5	95417	119	95357	4752925	49.81
1941-1949	23	0.00131	0.00131	0.5	95298	125	95235	4657567	48.87
1941-1949	24	0.00136	0.00136	0.5	95173	129	95109	4562332	47.94
1941-1949	25	0.00140	0.00140	0.5	95044	133	94977	4467223	47.00
1941-1949	26	0.00145	0.00145	0.5	94911	138	94842	4372246	46.07
1941-1949	27	0.00151	0.00151	0.5	94773	143	94701	4277405	45.13
1941-1949	28	0.00158	0.00158	0.5	94630	149	94555	4182703	44.20
1941-1949	29	0.00166	0.00166	0.5	94480	157	94402	4088148	43.27
1941-1949	30	0.00175	0.00175	0.5	94324	165	94241	3993747	42.34
1941-1949	31	0.00184	0.00184	0.5	94158	173	94072	3899506	41.41
1941-1949	32	0.00195	0.00195	0.5	93985	183	93894	3805434	40.49
1941-1949	33	0.00207	0.00207	0.5	93802	194	93705	3711540	39.57
1941-1949	34	0.00220	0.00220	0.5	93608	206	93505	3617835	38.65
1941-1949	35	0.00237	0.00237	0.5	93402	221	93292	3524330	37.73
1941-1949	36	0.00255	0.00255	0.5	93181	237	93062	3431038	36.82
1941-1949	37	0.00274	0.00274	0.5	92944	254	92817	3337976	35.91
1941-1949	38	0.00297	0.00297	0.5	92689	275	92552	3245159	35.01
1941-1949	39	0.00322	0.00322	0.5	92415	297	92266	3152607	34.11
1941-1949	40	0.00349	0.00349	0.5	92117	321	91957	3060342	33.22
1941-1949	41	0.00375	0.00374	0.5	91796	344	91624	2968385	32.34
1941-1949	42	0.00406	0.00405	0.5	91452	371	91267	2876761	31.46
1941-1949	43	0.00442	0.00441	0.5	91081	402	90880	2785494	30.58
1941-1949	44	0.00477	0.00476	0.5	90679	432	90464	2694614	29.72
1941-1949	45	0.00519	0.00517	0.5	90248	467	90014	2604150	28.86
1941-1949	46	0.00561	0.00560	0.5	89781	503	89530	2514136	28.00
1941-1949	47	0.00606	0.00604	0.5	89278	540	89009	2424606	27.16
1941-1949	48	0.00661	0.00659	0.5	88739	585	88446	2335597	26.32
1941-1949	49	0.00726	0.00723	0.5	88154	637	87835	2247151	25.49
1941-1949	50	0.00803	0.00799	0.5	87516	700	87166	2159316	24.67
1941-1949	51	0.00870	0.00866	0.5	86817	752	86440	2072150	23.87
1941-1949	52	0.00939	0.00935	0.5	86064	804	85662	1985709	23.07
1941-1949	53	0.01019	0.01014	0.5	85260	864	84828	1900047	22.29
1941-1949	54	0.01099	0.01093	0.5	84396	923	83934	1815219	21.51
1941-1949	55	0.01191	0.01184	0.5	83473	989	82979	1731285	20.74
1941-1949	56	0.01285	0.01277	0.5	82484	1053	81958	1648306	19.98
1941-1949	57	0.01388	0.01378	0.5	81431	1122	80870	1566349	19.24
1941-1949	58	0.01516	0.01505	0.5	80309	1208	79705	1485479	18.50
1941-1949	59	0.01658	0.01644	0.5	79100	1301	78450	1405774	17.77
1941-1949	60	0.01820	0.01803	0.5	77800	1403	77098	1327324	17.06
1941-1949	61	0.01971	0.01952	0.5	76397	1491	75651	1250226	16.36
1941-1949	62	0.02140	0.02117	0.5	74905	1586	74112	1174575	15.68
1941-1949	63	0.02348	0.02320	0.5	73320	1701	72469	1100463	15.01
1941-1949	64	0.02562	0.02530	0.5	71618	1812	70712	1027994	14.35
1941-1949	65	0.02836	0.02796	0.5	69806	1952	68830	957281	13.71
1941-1949	66	0.03104	0.03056	0.5	67855	2074	66818	888451	13.09
1941-1949	67	0.03373	0.03317	0.5	65781	2182	64690	821633	12.49
1941-1949	68	0.03725	0.03657	0.5	63599	2326	62436	756943	11.90
1941-1949	69	0.04111	0.04029	0.5	61273	2468	60039	694507	11.33
1941-1949	70	0.04564	0.04462	0.5	58805	2624	57493	634468	10.79
1941-1949	71	0.04968	0.04848	0.5	56181	2724	54819	576976	10.27
1941-1949	72	0.05388	0.05247	0.5	53457	2805	52055	522157	9.77
1941-1949	73	0.05910	0.05740	0.5	50652	2908	49199	470102	9.28
1941-1949	74	0.06434	0.06233	0.5	47745	2976	46257	420904	8.82
1941-1949	75	0.07054	0.06814	0.5	44769	3050	43243	374647	8.37
1941-1949	76	0.07641	0.07360	0.5	41718	3070	40183	331403	7.94
1941-1949	77	0.08203	0.07880	0.5	38648	3045	37125	291220	7.54
1941-1949	78	0.08948	0.08565	0.5	35603	3049	34078	254095	7.14
1941-1949	79	0.09822	0.09362	0.5	32553	3048	31029	220017	6.76
1941-1949	80	0.10109	0.09622	0.5	29506	2839	28086	188988	6.41
1941-1949	81	0.11110	0.10525	0.5	26667	2807	25263	160901	6.03
1941-1949	82	0.12185	0.11486	0.5	23860	2740	22490	135638	5.68
1941-1949	83	0.13335	0.12501	0.5	21119	2640	19799	113149	5.36
1941-1949	84	0.14519	0.13536	0.5	18479	2501	17229	93349	5.05
1941-1949	85	0.15702	0.14559	0.5	15978	2326	14815	76121	4.76
1941-1949	86	0.16995	0.15664	0.5	13652	2138	12582	61306	4.49
1941-1949	87	0.18449	0.16891	0.5	11513	1945	10541	48724	4.23
1941-1949	88	0.20050	0.18223	0.5	9568	1744	8697	38183	3.99
1941-1949	89	0.21725	0.19596	0.5	7825	1533	7058	29486	3.77
1941-1949	90	0.23362	0.20919	0.5	6291	1316	5633	22428	3.56
1941-1949	91	0.24992	0.22216	0.5	4975	1105	4423	16795	3.38
1941-1949	92	0.26655	0.23521	0.5	3870	910	3415	12372	3.20
1941-1949	93	0.28334	0.24818	0.5	2960	735	2592	8957	3.03
1941-1949	94	0.30160	0.26208	0.5	2225	583	1934	6364	2.86
1941-1949	95	0.32759	0.28148	0.5	1642	462	1411	4431	2.70
1941-1949	96	0.34923	0.29731	0.5	1180	351	1004	3020	2.56
1941-1949	97	0.37151	0.31331	0.5	829	260	699	2015	2.43
1941-1949	98	0.39435	0.32940	0.5	569	188	476	1316	2.31
1941-1949	99	0.41766	0.34551	0.5	382	132	316	841	2.20
1941-1949	100	0.44134	0.36156	0.5	250	90	205	525	2.10
1941-1949	101	0.46530	0.37748	0.5	160	60	129	320	2.01
1941-1949	102	0.48941	0.39320	0.5	99	39	80	191	1.92
1941-1949	103	0.51358	0.40864	0.5	60	25	48	111	1.84
1941-1949	104	0.53768	0.42376	0.5	36	15	28	63	1.77
1941-1949	105	0.56161	0.43848	0.5	21	9	16	35	1.70
1941-1949	106	0.58525	0.45276	0.5	12	5	9	19	1.64
1941-1949	107	0.60851	0.46656	0.5	6	3	5	10	1.59
1941-1949	108	0.63129	0.47983	0.5	3	2	3	5	1.54
1941-1949	109	0.65349	0.49255	0.5	2	1	1	3	1.51
1941-1949	110+	0.67505	1.00000	1.48	1	1	1	1	1.48
1950-1959	0	0.02167	0.02127	0.11	100000	2127	98115	7219983	72.20
1950-1959	1	0.00144	0.00144	0.5	97873	141	97803	7121867	72.77
1950-1959	2	0.00090	0.00090	0.5	97733	88	97689	7024064	71.87
1950-1959	3	0.00069	0.00069	0.5	97645	68	97611	6926375	70.93
1950-1959	4	0.00058	0.00058	0.5	97577	56	97549	6828764	69.98
1950-1959	5	0.00051	0.00051	0.5	97521	49	97496	6731215	69.02
1950-1959	6	0.00044	0.00044	0.5	97471	43	97450	6633719	68.06
1950-1959	7	0.00038	0.00038	0.5	97429	37	97410	6536269	67.09
1950-1959	8	0.00033	0.00033	0.5	97391	32	97375	6438859	66.11
1950-1959	9	0.00031	0.00031	0.5	97359	30	97344	6341484	65.13
1950-1959	10	0.00029	0.00029	0.5	97329	28	97314	6244140	64.16
1950-1959	11	0.00029	0.00029	0.5	97300	28	97286	6146826	63.17
1950-1959	12	0.00031	0.00031	0.5	97272	30	97257	6049539	62.19
1950-1959	13	0.00031	0.00031	0.5	97242	30	97227	5952282	61.21
1950-1959	14	0.00035	0.00035	0.5	97212	34	97195	5855055	60.23
1950-1959	15	0.00040	0.00040	0.5	97178	39	97159	5757859	59.25
1950-1959	16	0.00046	0.00046	0.5	97139	44	97117	5660701	58.27
1950-1959	17	0.00050	0.00050	0.5	97095	48	97071	5563584	57.30
1950-1959	18	0.00054	0.00054	0.5	97046	53	97020	5466513	56.33
1950-1959	19	0.00058	0.00058	0.5	96994	56	96966	5369493	55.36
1950-1959	20	0.00060	0.00060	0.5	96937	58	96908	5272527	54.39
1950-1959	21	0.00064	0.00064	0.5	96879	62	96848	5175619	53.42
1950-1959	22	0.00066	0.00066	0.5	96817	64	96785	5078771	52.46
1950-1959	23	0.00070	0.00070	0.5	96754	68	96720	4981986	51.49
1950-1959	24	0.00074	0.00074	0.5	96686	72	96650	4885266	50.53
1950-1959	25	0.00078	0.00078	0.5	96614	75	96577	4788615	49.56
1950-1959	26	0.00082	0.00082	0.5	96539	79	96500	4692039	48.60
1950-1959	27	0.00087	0.00087	0.5	96460	83	96418	4595539	47.64
1950-1959	28	0.00092	0.00092	0.5	96376	89	96332	4499121	46.68
1950-1959	29	0.00098	0.00098	0.5	96288	94	96241	4402789	45.73
1950-1959	30	0.00104	0.00104	0.5	96193	100	96143	4306548	44.77
1950-1959	31	0.00112	0.00112	0.5	96093	107	96040	4210405	43.82
1950-1959	32	0.00120	0.00120	0.5	95986	115	95929	4114365	42.86
1950-1959	33	0.00130	0.00130	0.5	95871	124	95809	4018436	41.91
1950-1959	34	0.00140	0.00140	0.5	95747	134	95680	3922627	40.97
1950-1959	35	0.00151	0.00151	0.5	95613	144	95541	3826948	40.03
1950-1959	36	0.00167	0.00166	0.5	95469	159	95389	3731407	39.09
1950-1959	37	0.00181	0.00181	0.5	95310	172	95224	3636018	38.15
1950-1959	38	0.00201	0.00201	0.5	95137	191	95042	3540794	37.22
1950-1959	39	0.00221	0.00221	0.5	94946	209	94841	3445752	36.29
1950-1959	40	0.00241	0.00240	0.5	94737	228	94623	3350911	35.37
1950-1959	41	0.00264	0.00264	0.5	94509	249	94384	3256288	34.45
1950-1959	42	0.00290	0.00290	0.5	94260	273	94123	3161904	33.54
1950-1959	43	0.00315	0.00315	0.5	93986	296	93839	3067781	32.64
1950-1959	44	0.00347	0.00346	0.5	93691	325	93528	2973942	31.74
1950-1959	45	0.00382	0.00381	0.5	93366	356	93188	2880414	30.85
1950-1959	46	0.00419	0.00418	0.5	93010	389	92816	2787226	29.97
1950-1959	47	0.00459	0.00458	0.5	92621	424	92409	2694410	29.09
1950-1959	48	0.00506	0.00505	0.5	92197	465	91965	2602000	28.22
1950-1959	49	0.00550	0.00548	0.5	91732	503	91481	2510035	27.36
1950-1959	50	0.00598	0.00596	0.5	91229	544	90957	2418555	26.51
1950-1959	51	0.00648	0.00646	0.5	90685	586	90392	2327598	25.67
1950-1959	52	0.00714	0.00711	0.5	90100	641	89779	2237205	24.83
1950-1959	53	0.00775	0.00772	0.5	89459	690	89114	2147426	24.00
1950-1959	54	0.00840	0.00837	0.5	88768	743	88397	2058312	23.19
1950-1959	55	0.00910	0.00906	0.5	88026	797	87627	1969915	22.38
1950-1959	56	0.00988	0.00983	0.5	87228	858	86799	1882289	21.58
1950-1959	57	0.01065	0.01060	0.5	86370	915	85913	1795489	20.79
1950-1959	58	0.01185	0.01178	0.5	85455	1006	84952	1709576	20.01
1950-1959	59	0.01292	0.01284	0.5	84449	1084	83907	1624625	19.24
1950-1959	60	0.01404	0.01394	0.5	83364	1162	82783	1540718	18.48
1950-1959	61	0.01531	0.01520	0.5	82202	1249	81577	1457935	17.74
1950-1959	62	0.01708	0.01694	0.5	80953	1371	80267	1376357	17.00
1950-1959	63	0.01880	0.01863	0.5	79582	1482	78840	1296090	16.29
1950-1959	64	0.02064	0.02043	0.5	78099	1596	77302	1217250	15.59
1950-1959	65	0.02279	0.02253	0.5	76504	1724	75642	1139948	14.90
1950-1959	66	0.02482	0.02451	0.5	74780	1833	73863	1064306	14.23
1950-1959	67	0.02749	0.02711	0.5	72947	1978	71958	990443	13.58
1950-1959	68	0.03024	0.02979	0.5	70969	2114	69912	918485	12.94
1950-1959	69	0.03322	0.03268	0.5	68855	2250	67730	848573	12.32
1950-1959	70	0.03670	0.03603	0.5	66604	2400	65404	780843	11.72
1950-1959	71	0.04002	0.03923	0.5	64204	2519	62945	715439	11.14
1950-1959	72	0.04455	0.04358	0.5	61686	2688	60341	652494	10.58
1950-1959	73	0.04895	0.04778	0.5	58997	2819	57588	592153	10.04
1950-1959	74	0.05404	0.05262	0.5	56178	2956	54700	534565	9.52
1950-1959	75	0.05978	0.05805	0.5	53222	3089	51677	479865	9.02
1950-1959	76	0.06463	0.06261	0.5	50133	3139	48563	428187	8.54
1950-1959	77	0.07073	0.06831	0.5	46994	3210	45389	379624	8.08
1950-1959	78	0.07842	0.07546	0.5	43784	3304	42132	334235	7.63
1950-1959	79	0.08692	0.08330	0.5	40480	3372	38794	292103	7.22
1950-1959	80	0.09117	0.08719	0.5	37108	3235	35490	253309	6.83
1950-1959	81	0.09870	0.09406	0.5	33872	3186	32279	217819	6.43
1950-1959	82	0.10908	0.10344	0.5	30687	3174	29099	185540	6.05
1950-1959	83	0.12031	0.11349	0.5	27512	3122	25951	156440	5.69
1950-1959	84	0.13170	0.12356	0.5	24390	3014	22883	130489	5.35
1950-1959	85	0.14374	0.13410	0.5	21376	2867	19943	107606	5.03
1950-1959	86	0.15623	0.14491	0.5	18510	2682	17169	87663	4.74
1950-1959	87	0.16948	0.15624	0.5	15828	2473	14591	70494	4.45
1950-1959	88	0.18464	0.16904	0.5	13355	2257	12226	55903	4.19
1950-1959	89	0.20144	0.18301	0.5	11097	2031	10082	43677	3.94
1950-1959	90	0.21840	0.19690	0.5	9066	1785	8174	33595	3.71
1950-1959	91	0.23262	0.20839	0.5	7281	1517	6523	25421	3.49
1950-1959	92	0.25350	0.22498	0.5	5764	1297	5116	18899	3.28
1950-1959	93	0.27516	0.24188	0.5	4467	1081	3927	13783	3.09
1950-1959	94	0.30093	0.26157	0.5	3387	886	2944	9856	2.91
1950-1959	95	0.31603	0.27291	0.5	2501	682	2160	6913	2.76
1950-1959	96	0.33846	0.28947	0.5	1818	526	1555	4753	2.61
1950-1959	97	0.36164	0.30626	0.5	1292	396	1094	3198	2.48
1950-1959	98	0.38548	0.32319	0.5	896	290	751	2104	2.35
1950-1959	99	0.40988	0.34017	0.5	607	206	503	1352	2.23
1950-1959	100	0.43474	0.35711	0.5	400	143	329	849	2.12
1950-1959	101	0.45993	0.37394	0.5	257	96	209	520	2.02
1950-1959	102	0.48532	0.39055	0.5	161	63	130	311	1.93
1950-1959	103	0.51079	0.40688	0.5	98	40	78	181	1.85
1950-1959	104	0.53621	0.42284	0.5	58	25	46	103	1.77
1950-1959	105	0.56144	0.43838	0.5	34	15	26	57	1.70
1950-1959	106	0.58635	0.45342	0.5	19	9	15	31	1.64
1950-1959	107	0.61083	0.46792	0.5	10	5	8	16	1.58
1950-1959	108	0.63477	0.48184	0.5	5	3	4	8	1.53
1950-1959	109	0.65805	0.49514	0.5	3	1	2	4	1.49
1950-1959	110+	0.68060	1.00000	1.47	1	1	2	2	1.47
1960-1969	0	0.01979	0.01945	0.11	100000	1945	98266	7359300	73.59
1960-1969	1	0.00115	0.00115	0.5	98055	113	97999	7261034	74.05
1960-1969	2	0.00074	0.00074	0.5	97943	72	97907	7163035	73.14
1960-1969	3	0.00057	0.00057	0.5	97870	56	97842	7065128	72.19
1960-1969	4	0.00048	0.00048	0.5	97814	47	97791	6967286	71.23
1960-1969	5	0.00043	0.00043	0.5	97767	42	97746	6869495	70.26
1960-1969	6	0.00036	0.00036	0.5	97725	36	97707	6771749	69.29
1960-1969	7	0.00033	0.00033	0.5	97690	32	97674	6674041	68.32
1960-1969	8	0.00029	0.00029	0.5	97657	28	97643	6576368	67.34
1960-1969	9	0.00028	0.00028	0.5	97629	27	97616	6478725	66.36
1960-1969	10	0.00025	0.00025	0.5	97602	24	97590	6381109	65.38
1960-1969	11	0.00025	0.00025	0.5	97578	24	97566	6283519	64.39
1960-1969	12	0.00026	0.00026	0.5	97553	25	97541	6185954	63.41
1960-1969	13	0.00027	0.00027	0.5	97528	26	97515	6088413	62.43
1960-1969	14	0.00030	0.00030	0.5	97502	29	97487	5990898	61.44
1960-1969	15	0.00037	0.00037	0.5	97473	36	97455	5893410	60.46
1960-1969	16	0.00041	0.00041	0.5	97437	40	97417	5795956	59.48
1960-1969	17	0.00045	0.00045	0.5	97397	44	97375	5698539	58.51
1960-1969	18	0.00052	0.00052	0.5	97352	50	97327	5601165	57.53
1960-1969	19	0.00054	0.00054	0.5	97302	52	97276	5503837	56.56
1960-1969	20	0.00057	0.00057	0.5	97250	55	97223	5406561	55.59
1960-1969	21	0.00060	0.00060	0.5	97195	58	97166	5309338	54.63
1960-1969	22	0.00062	0.00062	0.5	97137	60	97107	5212173	53.66
1960-1969	23	0.00062	0.00062	0.5	97077	60	97047	5115066	52.69
1960-1969	24	0.00068	0.00068	0.5	97017	66	96984	5018019	51.72
1960-1969	25	0.00071	0.00071	0.5	96951	69	96916	4921035	50.76
1960-1969	26	0.00074	0.00074	0.5	96882	72	96846	4824119	49.79
1960-1969	27	0.00078	0.00078	0.5	96810	76	96772	4727273	48.83
1960-1969	28	0.00085	0.00085	0.5	96734	82	96693	4630501	47.87
1960-1969	29	0.00089	0.00089	0.5	96652	86	96609	4533809	46.91
1960-1969	30	0.00100	0.00100	0.5	96565	97	96517	4437200	45.95
1960-1969	31	0.00106	0.00106	0.5	96469	102	96418	4340683	45.00
1960-1969	32	0.00114	0.00114	0.5	96367	109	96312	4244265	44.04
1960-1969	33	0.00119	0.00119	0.5	96257	115	96200	4147953	43.09
1960-1969	34	0.00133	0.00133	0.5	96143	128	96079	4051753	42.14
1960-1969	35	0.00145	0.00145	0.5	96015	140	95945	3955675	41.20
1960-1969	36	0.00155	0.00155	0.5	95875	149	95801	3859730	40.26
1960-1969	37	0.00170	0.00170	0.5	95726	162	95645	3763929	39.32
1960-1969	38	0.00188	0.00188	0.5	95564	180	95474	3668284	38.39
1960-1969	39	0.00204	0.00204	0.5	95384	195	95287	3572810	37.46
1960-1969	40	0.00223	0.00222	0.5	95189	212	95084	3477523	36.53
1960-1969	41	0.00237	0.00237	0.5	94978	225	94865	3382439	35.61
1960-1969	42	0.00273	0.00273	0.5	94753	258	94623	3287574	34.70
1960-1969	43	0.00289	0.00288	0.5	94494	272	94358	3192951	33.79
1960-1969	44	0.00307	0.00307	0.5	94222	289	94077	3098593	32.89
1960-1969	45	0.00351	0.00350	0.5	93933	329	93768	3004515	31.99
1960-1969	46	0.00379	0.00379	0.5	93604	355	93426	2910747	31.10
1960-1969	47	0.00421	0.00420	0.5	93249	391	93053	2817321	30.21
1960-1969	48	0.00453	0.00452	0.5	92858	419	92648	2724267	29.34
1960-1969	49	0.00497	0.00496	0.5	92438	459	92209	2631619	28.47
1960-1969	50	0.00555	0.00554	0.5	91980	509	91725	2539410	27.61
1960-1969	51	0.00581	0.00579	0.5	91471	530	91206	2447685	26.76
1960-1969	52	0.00646	0.00643	0.5	90941	585	90648	2356480	25.91
1960-1969	53	0.00690	0.00687	0.5	90355	621	90045	2265832	25.08
1960-1969	54	0.00745	0.00742	0.5	89734	666	89401	2175787	24.25
1960-1969	55	0.00806	0.00803	0.5	89068	715	88710	2086386	23.42
1960-1969	56	0.00874	0.00870	0.5	88352	769	87968	1997676	22.61
1960-1969	57	0.00942	0.00938	0.5	87583	821	87173	1909708	21.80
1960-1969	58	0.01045	0.01039	0.5	86762	902	86311	1822535	21.01
1960-1969	59	0.01119	0.01113	0.5	85860	955	85383	1736224	20.22
1960-1969	60	0.01232	0.01224	0.5	84905	1039	84385	1650841	19.44
1960-1969	61	0.01296	0.01287	0.5	83866	1080	83326	1566456	18.68
1960-1969	62	0.01530	0.01519	0.5	82786	1257	82158	1483130	17.92
1960-1969	63	0.01601	0.01588	0.5	81529	1295	80882	1400972	17.18
1960-1969	64	0.01720	0.01705	0.5	80234	1368	79550	1320091	16.45
1960-1969	65	0.02004	0.01984	0.5	78866	1564	78084	1240541	15.73
1960-1969	66	0.02083	0.02061	0.5	77302	1593	76505	1162457	15.04
1960-1969	67	0.02370	0.02342	0.5	75708	1773	74821	1085952	14.34
1960-1969	68	0.02609	0.02575	0.5	73935	1904	72983	1011131	13.68
1960-1969	69	0.02791	0.02752	0.5	72031	1982	71039	938148	13.02
1960-1969	70	0.03245	0.03194	0.5	70048	2237	68930	867109	12.38
1960-1969	71	0.03288	0.03235	0.5	67811	2194	66714	798179	11.77
1960-1969	72	0.03991	0.03913	0.5	65618	2568	64334	731465	11.15
1960-1969	73	0.04258	0.04169	0.5	63050	2629	61736	667131	10.58
1960-1969	74	0.04667	0.04560	0.5	60421	2755	59044	605395	10.02
1960-1969	75	0.05355	0.05215	0.5	57666	3007	56162	546352	9.47
1960-1969	76	0.05606	0.05453	0.5	54659	2980	53168	490190	8.97
1960-1969	77	0.06052	0.05875	0.5	51678	3036	50160	437021	8.46
1960-1969	78	0.06953	0.06720	0.5	48642	3269	47008	386861	7.95
1960-1969	79	0.07518	0.07246	0.5	45374	3288	43730	339853	7.49
1960-1969	80	0.08795	0.08424	0.5	42086	3545	40313	296124	7.04
1960-1969	81	0.08861	0.08485	0.5	38540	3270	36905	255811	6.64
1960-1969	82	0.10237	0.09739	0.5	35270	3435	33553	218905	6.21
1960-1969	83	0.11393	0.10779	0.5	31835	3431	30119	185353	5.82
1960-1969	84	0.12549	0.11808	0.5	28404	3354	26727	155233	5.47
1960-1969	85	0.14037	0.13117	0.5	25050	3286	23407	128507	5.13
1960-1969	86	0.15107	0.14046	0.5	21764	3057	20236	105100	4.83
1960-1969	87	0.16514	0.15255	0.5	18707	2854	17280	84864	4.54
1960-1969	88	0.17813	0.16356	0.5	15853	2593	14557	67584	4.26
1960-1969	89	0.19534	0.17796	0.5	13260	2360	12081	53027	4.00
1960-1969	90	0.21861	0.19707	0.5	10901	2148	9827	40946	3.76
1960-1969	91	0.22148	0.19940	0.5	8752	1745	7880	31120	3.56
1960-1969	92	0.24948	0.22181	0.5	7007	1554	6230	23240	3.32
1960-1969	93	0.27077	0.23848	0.5	5453	1300	4803	17010	3.12
1960-1969	94	0.29184	0.25468	0.5	4153	1058	3624	12207	2.94
1960-1969	95	0.31324	0.27083	0.5	3095	838	2676	8583	2.77
1960-1969	96	0.33643	0.28799	0.5	2257	650	1932	5907	2.62
1960-1969	97	0.36044	0.30540	0.5	1607	491	1361	3975	2.47
1960-1969	98	0.38517	0.32297	0.5	1116	360	936	2614	2.34
1960-1969	99	0.41050	0.34059	0.5	756	257	627	1678	2.22
1960-1969	100	0.43632	0.35818	0.5	498	178	409	1051	2.11
1960-1969	101	0.46248	0.37562	0.5	320	120	260	642	2.01
1960-1969	102	0.48886	0.39284	0.5	200	78	160	382	1.91
1960-1969	103	0.51530	0.40973	0.5	121	50	96	222	1.83
1960-1969	104	0.54165	0.42622	0.5	72	31	56	125	1.75
1960-1969	105	0.56777	0.44223	0.5	41	18	32	69	1.68
1960-1969	106	0.59352	0.45769	0.5	23	10	18	37	1.62
1960-1969	107	0.61876	0.47256	0.5	12	6	9	19	1.56
1960-1969	108	0.64338	0.48679	0.5	7	3	5	10	1.51
1960-1969	109	0.66727	0.50034	0.5	3	2	3	5	1.47
1960-1969	110+	0.69032	1.00000	1.45	2	2	2	2	1.45
1970-1979	0	0.01398	0.01381	0.09	100000	1381	98747	7600075	76.00
1970-1979	1	0.00084	0.00084	0.5	98619	83	98578	7501329	76.06
1970-1979	2	0.00056	0.00056	0.5	98536	55	98509	7402751	75.13
1970-1979	3	0.00043	0.00043	0.5	98481	43	98460	7304242	74.17
1970-1979	4	0.00037	0.00037	0.5	98438	37	98420	7205782	73.20
1970-1979	5	0.00035	0.00035	0.5	98402	35	98385	7107362	72.23
1970-1979	6	0.00030	0.00030	0.5	98367	30	98352	7008977	71.25
1970-1979	7	0.00028	0.00028	0.5	98337	27	98324	6910625	70.27
1970-1979	8	0.00024	0.00024	0.5	98310	24	98298	6812301	69.29
1970-1979	9	0.00023	0.00023	0.5	98287	23	98275	6714003	68.31
1970-1979	10	0.00021	0.00021	0.5	98263	20	98253	6615728	67.33
1970-1979	11	0.00021	0.00021	0.5	98243	21	98233	6517475	66.34
1970-1979	12	0.00022	0.00022	0.5	98222	22	98211	6419242	65.35
1970-1979	13	0.00026	0.00026	0.5	98200	26	98187	6321031	64.37
1970-1979	14	0.00030	0.00030	0.5	98175	29	98160	6222844	63.39
1970-1979	15	0.00035	0.00035	0.5	98145	34	98128	6124684	62.40
1970-1979	16	0.00042	0.00042	0.5	98111	42	98090	6026555	61.43
1970-1979	17	0.00050	0.00050	0.5	98069	49	98045	5928465	60.45
1970-1979	18	0.00055	0.00055	0.5	98020	54	97993	5830421	59.48
1970-1979	19	0.00055	0.00055	0.5	97966	54	97939	5732428	58.51
1970-1979	20	0.00058	0.00058	0.5	97911	56	97883	5634489	57.55
1970-1979	21	0.00058	0.00058	0.5	97855	57	97827	5536606	56.58
1970-1979	22	0.00060	0.00060	0.5	97798	59	97769	5438779	55.61
1970-1979	23	0.00059	0.00059	0.5	97739	58	97710	5341010	54.65
1970-1979	24	0.00061	0.00061	0.5	97682	60	97652	5243300	53.68
1970-1979	25	0.00064	0.00064	0.5	97622	63	97591	5145648	52.71
1970-1979	26	0.00068	0.00068	0.5	97559	66	97526	5048058	51.74
1970-1979	27	0.00067	0.00067	0.5	97493	66	97460	4950532	50.78
1970-1979	28	0.00072	0.00072	0.5	97427	70	97392	4853072	49.81
1970-1979	29	0.00076	0.00076	0.5	97357	74	97320	4755679	48.85
1970-1979	30	0.00077	0.00077	0.5	97283	75	97246	4658359	47.88
1970-1979	31	0.00085	0.00085	0.5	97208	83	97167	4561113	46.92
1970-1979	32	0.00091	0.00091	0.5	97125	89	97081	4463946	45.96
1970-1979	33	0.00100	0.00100	0.5	97037	97	96988	4366865	45.00
1970-1979	34	0.00107	0.00107	0.5	96940	103	96888	4269877	44.05
1970-1979	35	0.00119	0.00119	0.5	96836	115	96779	4172988	43.09
1970-1979	36	0.00128	0.00128	0.5	96721	123	96660	4076209	42.14
1970-1979	37	0.00142	0.00142	0.5	96598	137	96529	3979550	41.20
1970-1979	38	0.00154	0.00154	0.5	96461	149	96387	3883020	40.25
1970-1979	39	0.00167	0.00167	0.5	96312	161	96232	3786634	39.32
1970-1979	40	0.00188	0.00187	0.5	96151	180	96061	3690402	38.38
1970-1979	41	0.00203	0.00202	0.5	95971	194	95874	3594341	37.45
1970-1979	42	0.00236	0.00236	0.5	95777	226	95664	3498467	36.53
1970-1979	43	0.00260	0.00260	0.5	95551	248	95427	3402803	35.61
1970-1979	44	0.00271	0.00271	0.5	95302	258	95173	3307377	34.70
1970-1979	45	0.00301	0.00301	0.5	95045	286	94901	3212203	33.80
1970-1979	46	0.00340	0.00339	0.5	94758	321	94598	3117302	32.90
1970-1979	47	0.00366	0.00365	0.5	94437	345	94265	3022704	32.01
1970-1979	48	0.00399	0.00398	0.5	94092	374	93905	2928439	31.12
1970-1979	49	0.00434	0.00433	0.5	93718	405	93515	2834534	30.25
1970-1979	50	0.00465	0.00464	0.5	93313	433	93096	2741019	29.37
1970-1979	51	0.00490	0.00489	0.5	92880	454	92653	2647923	28.51
1970-1979	52	0.00546	0.00544	0.5	92426	503	92174	2555270	27.65
1970-1979	53	0.00594	0.00593	0.5	91923	545	91650	2463096	26.80
1970-1979	54	0.00641	0.00639	0.5	91378	584	91086	2371445	25.95
1970-1979	55	0.00697	0.00694	0.5	90794	631	90478	2280360	25.12
1970-1979	56	0.00761	0.00758	0.5	90163	683	89822	2189881	24.29
1970-1979	57	0.00818	0.00815	0.5	89480	729	89115	2100060	23.47
1970-1979	58	0.00898	0.00894	0.5	88751	793	88354	2010944	22.66
1970-1979	59	0.00971	0.00966	0.5	87957	850	87533	1922590	21.86
1970-1979	60	0.01079	0.01073	0.5	87108	935	86640	1835058	21.07
1970-1979	61	0.01145	0.01139	0.5	86173	981	85683	1748417	20.29
1970-1979	62	0.01288	0.01280	0.5	85192	1090	84647	1662734	19.52
1970-1979	63	0.01359	0.01350	0.5	84102	1135	83534	1578088	18.76
1970-1979	64	0.01485	0.01474	0.5	82967	1223	82355	1494553	18.01
1970-1979	65	0.01654	0.01641	0.5	81744	1341	81073	1412198	17.28
1970-1979	66	0.01735	0.01720	0.5	80403	1383	79711	1331125	16.56
1970-1979	67	0.01926	0.01908	0.5	79020	1507	78266	1251414	15.84
1970-1979	68	0.02064	0.02043	0.5	77512	1583	76721	1173148	15.14
1970-1979	69	0.02287	0.02261	0.5	75929	1716	75071	1096428	14.44
1970-1979	70	0.02570	0.02537	0.5	74212	1883	73271	1021357	13.76
1970-1979	71	0.02725	0.02688	0.5	72329	1944	71357	948086	13.11
1970-1979	72	0.03118	0.03070	0.5	70385	2161	69304	876729	12.46
1970-1979	73	0.03385	0.03328	0.5	68224	2271	67089	807424	11.83
1970-1979	74	0.03750	0.03681	0.5	65953	2428	64739	740336	11.23
1970-1979	75	0.04249	0.04160	0.5	63525	2643	62204	675596	10.64
1970-1979	76	0.04556	0.04455	0.5	60882	2712	59526	613392	10.08
1970-1979	77	0.05012	0.04890	0.5	58170	2844	56748	553866	9.52
1970-1979	78	0.05666	0.05510	0.5	55326	3048	53802	497118	8.99
1970-1979	79	0.06154	0.05970	0.5	52278	3121	50717	443316	8.48
1970-1979	80	0.07002	0.06765	0.5	49157	3325	47494	392599	7.99
1970-1979	81	0.07390	0.07126	0.5	45831	3266	44198	345105	7.53
1970-1979	82	0.08354	0.08019	0.5	42565	3413	40858	300906	7.07
1970-1979	83	0.09332	0.08916	0.5	39152	3491	37406	260048	6.64
1970-1979	84	0.10280	0.09778	0.5	35661	3487	33917	222642	6.24
1970-1979	85	0.11400	0.10785	0.5	32174	3470	30439	188724	5.87
1970-1979	86	0.12556	0.11815	0.5	28704	3391	27008	158285	5.51
1970-1979	87	0.13502	0.12648	0.5	25313	3202	23712	131277	5.19
1970-1979	88	0.14730	0.13720	0.5	22111	3034	20594	107565	4.86
1970-1979	89	0.16221	0.15004	0.5	19078	2862	17646	86970	4.56
1970-1979	90	0.18133	0.16626	0.5	16215	2696	14867	69324	4.28
1970-1979	91	0.18873	0.17245	0.5	13519	2331	12354	54457	4.03
1970-1979	92	0.21176	0.19148	0.5	11188	2142	10117	42103	3.76
1970-1979	93	0.22951	0.20588	0.5	9046	1862	8114	31986	3.54
1970-1979	94	0.25138	0.22331	0.5	7183	1604	6381	23872	3.32
1970-1979	95	0.26821	0.23649	0.5	5579	1319	4919	17491	3.14
1970-1979	96	0.28958	0.25295	0.5	4260	1078	3721	12571	2.95
1970-1979	97	0.31192	0.26984	0.5	3182	859	2753	8850	2.78
1970-1979	98	0.33518	0.28707	0.5	2324	667	1990	6098	2.62
1970-1979	99	0.35927	0.30456	0.5	1657	505	1404	4108	2.48
1970-1979	100	0.38409	0.32221	0.5	1152	371	966	2703	2.35
1970-1979	101	0.40953	0.33992	0.5	781	265	648	1737	2.22
1970-1979	102	0.43546	0.35760	0.5	515	184	423	1089	2.11
1970-1979	103	0.46174	0.37514	0.5	331	124	269	666	2.01
1970-1979	104	0.48825	0.39244	0.5	207	81	166	397	1.92
1970-1979	105	0.51482	0.40943	0.5	126	51	100	230	1.83
1970-1979	106	0.54130	0.42600	0.5	74	32	58	130	1.76
1970-1979	107	0.56756	0.44210	0.5	43	19	33	72	1.69
1970-1979	108	0.59344	0.45765	0.5	24	11	18	39	1.63
1970-1979	109	0.61881	0.47259	0.5	13	6	10	20	1.58
1970-1979	110+	0.64355	1.00000	1.55	7	7	11	11	1.55
1980-1989	0	0.00970	0.00961	0.08	100000	961	99116	7793302	77.93
1980-1989	1	0.00065	0.00065	0.5	99039	64	99007	7694186	77.69
1980-1989	2	0.00043	0.00043	0.5	98975	43	98953	7595180	76.74
1980-1989	3	0.00033	0.00033	0.5	98932	32	98916	7496226	75.77
1980-1989	4	0.00026	0.00026	0.5	98899	26	98886	7397311	74.80
1980-1989	5	0.00024	0.00024	0.5	98873	24	98862	7298424	73.82
1980-1989	6	0.00020	0.00020	0.5	98850	20	98840	7199563	72.83
1980-1989	7	0.00019	0.00019	0.5	98830	19	98820	7100723	71.85
1980-1989	8	0.00016	0.00016	0.5	98811	16	98802	7001903	70.86
1980-1989	9	0.00016	0.00016	0.5	98794	16	98786	6903101	69.87
1980-1989	10	0.00017	0.00017	0.5	98778	17	98770	6804314	68.88
1980-1989	11	0.00016	0.00016	0.5	98761	16	98754	6705545	67.90
1980-1989	12	0.00018	0.00018	0.5	98746	18	98737	6606791	66.91
1980-1989	13	0.00019	0.00019	0.5	98728	19	98718	6508054	65.92
1980-1989	14	0.00024	0.00024	0.5	98709	24	98697	6409336	64.93
1980-1989	15	0.00029	0.00029	0.5	98685	29	98670	6310639	63.95
1980-1989	16	0.00034	0.00034	0.5	98656	34	98639	6211969	62.97
1980-1989	17	0.00040	0.00040	0.5	98622	39	98603	6113330	61.99
1980-1989	18	0.00043	0.00043	0.5	98583	43	98562	6014727	61.01
1980-1989	19	0.00045	0.00045	0.5	98541	44	98518	5916165	60.04
1980-1989	20	0.00045	0.00045	0.5	98496	44	98474	5817647	59.06
1980-1989	21	0.00047	0.00047	0.5	98452	46	98429	5719173	58.09
1980-1989	22	0.00048	0.00048	0.5	98406	48	98382	5620743	57.12
1980-1989	23	0.00051	0.00051	0.5	98358	50	98333	5522361	56.15
1980-1989	24	0.00052	0.00052	0.5	98308	51	98282	5424028	55.17
1980-1989	25	0.00056	0.00056	0.5	98257	55	98229	5325745	54.20
1980-1989	26	0.00057	0.00057	0.5	98202	56	98173	5227516	53.23
1980-1989	27	0.00061	0.00061	0.5	98145	60	98115	5129343	52.26
1980-1989	28	0.00067	0.00067	0.5	98085	66	98052	5031228	51.29
1980-1989	29	0.00067	0.00067	0.5	98019	65	97987	4933176	50.33
1980-1989	30	0.00073	0.00073	0.5	97954	72	97918	4835189	49.36
1980-1989	31	0.00080	0.00080	0.5	97882	78	97843	4737271	48.40
1980-1989	32	0.00083	0.00083	0.5	97804	81	97763	4639428	47.44
1980-1989	33	0.00092	0.00092	0.5	97723	89	97678	4541664	46.48
1980-1989	34	0.00095	0.00095	0.5	97633	93	97587	4443986	45.52
1980-1989	35	0.00099	0.00099	0.5	97541	97	97492	4346399	44.56
1980-1989	36	0.00108	0.00108	0.5	97444	105	97391	4248907	43.60
1980-1989	37	0.00115	0.00115	0.5	97338	112	97282	4151516	42.65
1980-1989	38	0.00129	0.00129	0.5	97226	125	97164	4054234	41.70
1980-1989	39	0.00128	0.00128	0.5	97101	124	97039	3957070	40.75
1980-1989	40	0.00145	0.00144	0.5	96978	140	96907	3860031	39.80
1980-1989	41	0.00159	0.00159	0.5	96837	154	96760	3763123	38.86
1980-1989	42	0.00178	0.00178	0.5	96683	172	96597	3666363	37.92
1980-1989	43	0.00193	0.00193	0.5	96511	186	96418	3569766	36.99
1980-1989	44	0.00204	0.00204	0.5	96325	197	96227	3473348	36.06
1980-1989	45	0.00240	0.00240	0.5	96128	231	96013	3377121	35.13
1980-1989	46	0.00255	0.00255	0.5	95898	244	95776	3281108	34.21
1980-1989	47	0.00289	0.00288	0.5	95653	276	95516	3185333	33.30
1980-1989	48	0.00324	0.00324	0.5	95378	309	95223	3089817	32.40
1980-1989	49	0.00340	0.00340	0.5	95069	323	94907	2994594	31.50
1980-1989	50	0.00382	0.00381	0.5	94746	361	94565	2899687	30.60
1980-1989	51	0.00440	0.00439	0.5	94384	415	94177	2805122	29.72
1980-1989	52	0.00473	0.00472	0.5	93970	444	93748	2710945	28.85
1980-1989	53	0.00517	0.00516	0.5	93526	482	93285	2617197	27.98
1980-1989	54	0.00545	0.00544	0.5	93044	506	92791	2523912	27.13
1980-1989	55	0.00600	0.00598	0.5	92538	554	92261	2431121	26.27
1980-1989	56	0.00661	0.00658	0.5	91984	606	91681	2338860	25.43
1980-1989	57	0.00705	0.00703	0.5	91379	642	91058	2247179	24.59
1980-1989	58	0.00812	0.00808	0.5	90737	734	90370	2156121	23.76
1980-1989	59	0.00857	0.00853	0.5	90003	768	89619	2065752	22.95
1980-1989	60	0.00933	0.00929	0.5	89235	829	88821	1976133	22.15
1980-1989	61	0.01021	0.01016	0.5	88406	898	87957	1887312	21.35
1980-1989	62	0.01186	0.01179	0.5	87508	1032	86992	1799355	20.56
1980-1989	63	0.01251	0.01244	0.5	86476	1075	85938	1712363	19.80
1980-1989	64	0.01318	0.01310	0.5	85401	1118	84841	1626424	19.04
1980-1989	65	0.01459	0.01448	0.5	84282	1221	83672	1541583	18.29
1980-1989	66	0.01601	0.01588	0.5	83061	1319	82402	1457911	17.55
1980-1989	67	0.01735	0.01720	0.5	81742	1406	81039	1375509	16.83
1980-1989	68	0.01905	0.01887	0.5	80336	1516	79578	1294470	16.11
1980-1989	69	0.02033	0.02013	0.5	78820	1587	78027	1214892	15.41
1980-1989	70	0.02254	0.02229	0.5	77234	1722	76373	1136865	14.72
1980-1989	71	0.02451	0.02422	0.5	75512	1829	74598	1060492	14.04
1980-1989	72	0.02758	0.02720	0.5	73683	2004	72681	985894	13.38
1980-1989	73	0.03006	0.02961	0.5	71679	2123	70618	913213	12.74
1980-1989	74	0.03166	0.03117	0.5	69556	2168	68472	842595	12.11
1980-1989	75	0.03486	0.03426	0.5	67388	2309	66234	774123	11.49
1980-1989	76	0.03882	0.03808	0.5	65080	2478	63841	707889	10.88
1980-1989	77	0.04220	0.04133	0.5	62602	2587	61308	644048	10.29
1980-1989	78	0.04630	0.04525	0.5	60014	2716	58656	582740	9.71
1980-1989	79	0.05058	0.04933	0.5	57298	2827	55885	524084	9.15
1980-1989	80	0.05922	0.05751	0.5	54472	3133	52905	468199	8.60
1980-1989	81	0.06502	0.06297	0.5	51339	3233	49722	415294	8.09
1980-1989	82	0.07281	0.07025	0.5	48106	3380	46416	365572	7.60
1980-1989	83	0.08058	0.07746	0.5	44726	3464	42994	319155	7.14
1980-1989	84	0.08999	0.08612	0.5	41262	3553	39485	276161	6.69
1980-1989	85	0.09932	0.09462	0.5	37709	3568	35925	236676	6.28
1980-1989	86	0.11018	0.10443	0.5	34141	3565	32358	200751	5.88
1980-1989	87	0.12210	0.11508	0.5	30575	3519	28816	168393	5.51
1980-1989	88	0.13290	0.12462	0.5	27057	3372	25371	139577	5.16
1980-1989	89	0.14705	0.13697	0.5	23685	3244	22063	114206	4.82
1980-1989	90	0.16331	0.15098	0.5	20441	3086	18898	92143	4.51
1980-1989	91	0.17706	0.16266	0.5	17355	2823	15943	73245	4.22
1980-1989	92	0.19695	0.17929	0.5	14532	2605	13229	57302	3.94
1980-1989	93	0.21389	0.19323	0.5	11926	2305	10774	44073	3.70
1980-1989	94	0.23413	0.20959	0.5	9622	2017	8614	33298	3.46
1980-1989	95	0.25390	0.22530	0.5	7605	1713	6749	24685	3.25
1980-1989	96	0.27584	0.24241	0.5	5892	1428	5178	17936	3.04
1980-1989	97	0.29892	0.26005	0.5	4464	1161	3883	12759	2.86
1980-1989	98	0.32307	0.27814	0.5	3303	919	2843	8875	2.69
1980-1989	99	0.34820	0.29657	0.5	2384	707	2031	6032	2.53
1980-1989	100	0.37420	0.31522	0.5	1677	529	1413	4001	2.39
1980-1989	101	0.40096	0.33400	0.5	1148	384	957	2589	2.25
1980-1989	102	0.42831	0.35276	0.5	765	270	630	1632	2.13
1980-1989	103	0.45611	0.37141	0.5	495	184	403	1002	2.02
1980-1989	104	0.48419	0.38982	0.5	311	121	251	599	1.92
1980-1989	105	0.51236	0.40787	0.5	190	77	151	348	1.83
1980-1989	106	0.54046	0.42548	0.5	112	48	89	197	1.75
1980-1989	107	0.56831	0.44255	0.5	65	29	50	109	1.68
1980-1989	108	0.59573	0.45901	0.5	36	17	28	58	1.62
1980-1989	109	0.62256	0.47477	0.5	19	9	15	31	1.57
1980-1989	110+	0.64866	1.00000	1.54	10	10	16	16	1.54
1990-1999	0	0.00714	0.00709	0.07	100000	709	99343	7929906	79.30
1990-1999	1	0.00050	0.00050	0.5	99291	50	99266	7830564	78.86
1990-1999	2	0.00031	0.00031	0.5	99241	30	99226	7731298	77.90
1990-1999	3	0.00024	0.00024	0.5	99211	24	99199	7632072	76.93
1990-1999	4	0.00019	0.00019	0.5	99187	19	99177	7532873	75.95
1990-1999	5	0.00016	0.00016	0.5	99168	16	99160	7433696	74.96
1990-1999	6	0.00015	0.00015	0.5	99152	15	99144	7334536	73.97
1990-1999	7	0.00015	0.00015	0.5	99137	15	99129	7235391	72.98
1990-1999	8	0.00014	0.00014	0.5	99122	14	99115	7136262	71.99
1990-1999	9	0.00013	0.00013	0.5	99108	13	99102	7037147	71.00
1990-1999	10	0.00012	0.00012	0.5	99095	12	99089	6938045	70.01
1990-1999	11	0.00012	0.00012	0.5	99083	12	99077	6838956	69.02
1990-1999	12	0.00013	0.00013	0.5	99071	13	99065	6739879	68.03
1990-1999	13	0.00016	0.00016	0.5	99058	16	99050	6640814	67.04
1990-1999	14	0.00019	0.00019	0.5	99042	19	99032	6541765	66.05
1990-1999	15	0.00025	0.00025	0.5	99023	25	99010	6442732	65.06
1990-1999	16	0.00031	0.00031	0.5	98998	31	98982	6343722	64.08
1990-1999	17	0.00037	0.00037	0.5	98967	36	98949	6244740	63.10
1990-1999	18	0.00038	0.00038	0.5	98931	38	98912	6145791	62.12
1990-1999	19	0.00035	0.00035	0.5	98893	35	98876	6046879	61.15
1990-1999	20	0.00037	0.00037	0.5	98859	36	98840	5948003	60.17
1990-1999	21	0.00040	0.00040	0.5	98822	40	98802	5849162	59.19
1990-1999	22	0.00042	0.00042	0.5	98782	41	98762	5750360	58.21
1990-1999	23	0.00045	0.00045	0.5	98741	44	98719	5651598	57.24
1990-1999	24	0.00046	0.00046	0.5	98697	45	98674	5552879	56.26
1990-1999	25	0.00047	0.00047	0.5	98652	46	98628	5454205	55.29
1990-1999	26	0.00053	0.00053	0.5	98605	52	98579	5355577	54.31
1990-1999	27	0.00058	0.00058	0.5	98554	57	98525	5256997	53.34
1990-1999	28	0.00063	0.00063	0.5	98497	62	98466	5158472	52.37
1990-1999	29	0.00066	0.00066	0.5	98435	65	98403	5060006	51.40
1990-1999	30	0.00073	0.00073	0.5	98371	72	98335	4961603	50.44
1990-1999	31	0.00083	0.00083	0.5	98299	81	98258	4863269	49.47
1990-1999	32	0.00086	0.00086	0.5	98217	85	98175	4765011	48.52
1990-1999	33	0.00094	0.00094	0.5	98133	92	98087	4666836	47.56
1990-1999	34	0.00100	0.00100	0.5	98041	98	97992	4568749	46.60
1990-1999	35	0.00106	0.00106	0.5	97943	104	97891	4470757	45.65
1990-1999	36	0.00115	0.00115	0.5	97839	112	97783	4372866	44.69
1990-1999	37	0.00123	0.00123	0.5	97727	120	97667	4275083	43.75
1990-1999	38	0.00139	0.00139	0.5	97607	135	97539	4177415	42.80
1990-1999	39	0.00135	0.00135	0.5	97472	131	97406	4079876	41.86
1990-1999	40	0.00147	0.00147	0.5	97341	143	97269	3982470	40.91
1990-1999	41	0.00162	0.00162	0.5	97198	157	97119	3885201	39.97
1990-1999	42	0.00172	0.00171	0.5	97041	166	96958	3788081	39.04
1990-1999	43	0.00181	0.00181	0.5	96874	176	96787	3691124	38.10
1990-1999	44	0.00191	0.00191	0.5	96699	185	96606	3594337	37.17
1990-1999	45	0.00211	0.00211	0.5	96514	203	96412	3497731	36.24
1990-1999	46	0.00228	0.00228	0.5	96311	219	96201	3401319	35.32
1990-1999	47	0.00246	0.00246	0.5	96091	236	95973	3305118	34.40
1990-1999	48	0.00278	0.00278	0.5	95855	266	95722	3209145	33.48
1990-1999	49	0.00292	0.00292	0.5	95589	279	95449	3113423	32.57
1990-1999	50	0.00317	0.00317	0.5	95310	302	95159	3017974	31.66
1990-1999	51	0.00359	0.00358	0.5	95008	340	94838	2922814	30.76
1990-1999	52	0.00401	0.00400	0.5	94668	379	94478	2827977	29.87
1990-1999	53	0.00434	0.00433	0.5	94289	408	94085	2733498	28.99
1990-1999	54	0.00458	0.00457	0.5	93881	429	93666	2639413	28.11
1990-1999	55	0.00524	0.00522	0.5	93452	488	93208	2545747	27.24
1990-1999	56	0.00570	0.00568	0.5	92964	528	92700	2452539	26.38
1990-1999	57	0.00609	0.00607	0.5	92436	561	92155	2359839	25.53
1990-1999	58	0.00706	0.00704	0.5	91875	646	91552	2267684	24.68
1990-1999	59	0.00750	0.00747	0.5	91228	682	90887	2176132	23.85
1990-1999	60	0.00819	0.00816	0.5	90547	739	90177	2085245	23.03
1990-1999	61	0.00922	0.00918	0.5	89808	825	89395	1995068	22.21
1990-1999	62	0.01004	0.00999	0.5	88983	889	88539	1905672	21.42
1990-1999	63	0.01090	0.01084	0.5	88094	955	87617	1817134	20.63
1990-1999	64	0.01159	0.01152	0.5	87139	1004	86637	1729517	19.85
1990-1999	65	0.01304	0.01295	0.5	86135	1116	85577	1642880	19.07
1990-1999	66	0.01421	0.01411	0.5	85019	1200	84420	1557302	18.32
1990-1999	67	0.01538	0.01526	0.5	83820	1279	83180	1472883	17.57
1990-1999	68	0.01721	0.01706	0.5	82541	1408	81836	1389703	16.84
1990-1999	69	0.01811	0.01795	0.5	81132	1456	80404	1307866	16.12
1990-1999	70	0.02005	0.01985	0.5	79676	1582	78885	1227462	15.41
1990-1999	71	0.02197	0.02173	0.5	78094	1697	77246	1148577	14.71
1990-1999	72	0.02429	0.02400	0.5	76397	1833	75481	1071331	14.02
1990-1999	73	0.02639	0.02605	0.5	74564	1942	73593	995850	13.36
1990-1999	74	0.02858	0.02817	0.5	72622	2046	71599	922257	12.70
1990-1999	75	0.03090	0.03043	0.5	70576	2147	69502	850657	12.05
1990-1999	76	0.03472	0.03413	0.5	68429	2335	67261	781155	11.42
1990-1999	77	0.03816	0.03744	0.5	66093	2475	64856	713894	10.80
1990-1999	78	0.04153	0.04069	0.5	63618	2589	62324	649038	10.20
1990-1999	79	0.04549	0.04448	0.5	61030	2714	59673	586714	9.61
1990-1999	80	0.05295	0.05158	0.5	58316	3008	56812	527041	9.04
1990-1999	81	0.05893	0.05724	0.5	55308	3166	53725	470230	8.50
1990-1999	82	0.06540	0.06333	0.5	52142	3302	50491	416505	7.99
1990-1999	83	0.07222	0.06970	0.5	48840	3404	47137	366015	7.49
1990-1999	84	0.08020	0.07711	0.5	45435	3504	43683	318877	7.02
1990-1999	85	0.08958	0.08574	0.5	41932	3595	40134	275194	6.56
1990-1999	86	0.09959	0.09487	0.5	38337	3637	36518	235060	6.13
1990-1999	87	0.11055	0.10476	0.5	34700	3635	32882	198541	5.72
1990-1999	88	0.12254	0.11547	0.5	31064	3587	29271	165659	5.33
1990-1999	89	0.13738	0.12855	0.5	27478	3532	25711	136388	4.96
1990-1999	90	0.15254	0.14173	0.5	23945	3394	22248	110677	4.62
1990-1999	91	0.16855	0.15545	0.5	20551	3195	18954	88429	4.30
1990-1999	92	0.18858	0.17233	0.5	17357	2991	15861	69474	4.00
1990-1999	93	0.20924	0.18942	0.5	14366	2721	13005	53613	3.73
1990-1999	94	0.23127	0.20730	0.5	11645	2414	10438	40608	3.49
1990-1999	95	0.24858	0.22110	0.5	9231	2041	8210	30171	3.27
1990-1999	96	0.27170	0.23921	0.5	7190	1720	6330	21960	3.05
1990-1999	97	0.29613	0.25794	0.5	5470	1411	4764	15631	2.86
1990-1999	98	0.32179	0.27719	0.5	4059	1125	3496	10866	2.68
1990-1999	99	0.34857	0.29683	0.5	2934	871	2498	7370	2.51
1990-1999	100	0.37634	0.31674	0.5	2063	653	1736	4871	2.36
1990-1999	101	0.40495	0.33676	0.5	1410	475	1172	3135	2.22
1990-1999	102	0.43421	0.35676	0.5	935	334	768	1963	2.10
1990-1999	103	0.46395	0.37659	0.5	601	226	488	1195	1.99
1990-1999	104	0.49394	0.39611	0.5	375	148	301	707	1.88
1990-1999	105	0.52398	0.41520	0.5	226	94	179	406	1.79
1990-1999	106	0.55384	0.43373	0.5	132	57	104	227	1.71
1990-1999	107	0.58332	0.45160	0.5	75	34	58	123	1.64
1990-1999	108	0.61221	0.46873	0.5	41	19	31	65	1.58
1990-1999	109	0.64034	0.48504	0.5	22	11	17	33	1.53
1990-1999	110+	0.66754	1.00000	1.5	11	11	17	17	1.50
2000-2009	0	0.00556	0.00553	0.07	100000	553	99485	8080193	80.80
2000-2009	1	0.00030	0.00030	0.5	99447	30	99432	7980708	80.25
2000-2009	2	0.00021	0.00021	0.5	99417	21	99407	7881276	79.27
2000-2009	3	0.00016	0.00016	0.5	99396	16	99388	7781869	78.29
2000-2009	4	0.00013	0.00013	0.5	99380	13	99373	7682481	77.30
2000-2009	5	0.00011	0.00011	0.5	99367	11	99361	7583108	76.31
2000-2009	6	0.00011	0.00011	0.5	99356	11	99351	7483746	75.32
2000-2009	7	0.00010	0.00010	0.5	99345	10	99340	7384396	74.33
2000-2009	8	0.00010	0.00010	0.5	99335	10	99330	7285056	73.34
2000-2009	9	0.00010	0.00010	0.5	99325	10	99320	7185726	72.35
2000-2009	10	0.00011	0.00011	0.5	99316	11	99310	7086406	71.35
2000-2009	11	0.00010	0.00010	0.5	99305	10	99300	6987095	70.36
2000-2009	12	0.00012	0.00012	0.5	99295	12	99289	6887795	69.37
2000-2009	13	0.00012	0.00012	0.5	99283	12	99277	6788506	68.38
2000-2009	14	0.00014	0.00014	0.5	99272	14	99264	6689229	67.38
2000-2009	15	0.00016	0.00016	0.5	99257	16	99249	6589964	66.39
2000-2009	16	0.00024	0.00024	0.5	99241	24	99229	6490715	65.40
2000-2009	17	0.00029	0.00029	0.5	99217	29	99203	6391485	64.42
2000-2009	18	0.00033	0.00033	0.5	99188	33	99172	6292283	63.44
2000-2009	19	0.00033	0.00033	0.5	99155	33	99139	6193111	62.46
2000-2009	20	0.00036	0.00036	0.5	99122	35	99105	6093972	61.48
2000-2009	21	0.00041	0.00041	0.5	99087	40	99067	5994867	60.50
2000-2009	22	0.00040	0.00040	0.5	99047	40	99027	5895801	59.53
2000-2009	23	0.00041	0.00041	0.5	99007	40	98987	5796774	58.55
2000-2009	24	0.00042	0.00042	0.5	98967	42	98946	5697787	57.57
2000-2009	25	0.00042	0.00042	0.5	98925	42	98904	5598842	56.60
2000-2009	26	0.00045	0.00045	0.5	98883	44	98861	5499938	55.62
2000-2009	27	0.00046	0.00046	0.5	98839	45	98816	5401077	54.65
2000-2009	28	0.00048	0.00048	0.5	98793	47	98770	5302261	53.67
2000-2009	29	0.00049	0.00049	0.5	98746	48	98722	5203491	52.70
2000-2009	30	0.00053	0.00053	0.5	98698	52	98672	5104769	51.72
2000-2009	31	0.00057	0.00057	0.5	98646	56	98618	5006097	50.75
2000-2009	32	0.00062	0.00062	0.5	98590	61	98559	4907479	49.78
2000-2009	33	0.00065	0.00065	0.5	98529	64	98496	4808920	48.81
2000-2009	34	0.00071	0.00071	0.5	98464	70	98429	4710424	47.84
2000-2009	35	0.00078	0.00078	0.5	98394	77	98356	4611995	46.87
2000-2009	36	0.00090	0.00090	0.5	98317	88	98273	4513639	45.91
2000-2009	37	0.00096	0.00096	0.5	98229	94	98182	4415366	44.95
2000-2009	38	0.00105	0.00105	0.5	98135	103	98083	4317184	43.99
2000-2009	39	0.00116	0.00116	0.5	98032	114	97975	4219101	43.04
2000-2009	40	0.00127	0.00127	0.5	97918	125	97855	4121126	42.09
2000-2009	41	0.00138	0.00138	0.5	97793	135	97726	4023271	41.14
2000-2009	42	0.00149	0.00149	0.5	97658	146	97586	3925545	40.20
2000-2009	43	0.00163	0.00163	0.5	97513	159	97434	3827959	39.26
2000-2009	44	0.00181	0.00181	0.5	97354	176	97266	3730526	38.32
2000-2009	45	0.00195	0.00195	0.5	97179	190	97084	3633259	37.39
2000-2009	46	0.00213	0.00213	0.5	96989	207	96886	3536176	36.46
2000-2009	47	0.00228	0.00227	0.5	96782	220	96672	3439290	35.54
2000-2009	48	0.00251	0.00250	0.5	96562	242	96441	3342618	34.62
2000-2009	49	0.00270	0.00269	0.5	96320	259	96191	3246177	33.70
2000-2009	50	0.00288	0.00288	0.5	96061	276	95923	3149986	32.79
2000-2009	51	0.00311	0.00310	0.5	95785	297	95636	3054063	31.88
2000-2009	52	0.00335	0.00334	0.5	95488	319	95328	2958427	30.98
2000-2009	53	0.00366	0.00366	0.5	95169	348	94995	2863099	30.08
2000-2009	54	0.00394	0.00393	0.5	94821	373	94634	2768104	29.19
2000-2009	55	0.00434	0.00433	0.5	94448	409	94243	2673470	28.31
2000-2009	56	0.00455	0.00454	0.5	94039	427	93825	2579227	27.43
2000-2009	57	0.00513	0.00512	0.5	93612	479	93372	2485402	26.55
2000-2009	58	0.00554	0.00552	0.5	93133	514	92876	2392029	25.68
2000-2009	59	0.00612	0.00610	0.5	92619	565	92336	2299154	24.82
2000-2009	60	0.00682	0.00679	0.5	92053	625	91740	2206818	23.97
2000-2009	61	0.00746	0.00743	0.5	91428	679	91088	2115078	23.13
2000-2009	62	0.00813	0.00809	0.5	90748	734	90381	2023989	22.30
2000-2009	63	0.00897	0.00893	0.5	90014	804	89612	1933608	21.48
2000-2009	64	0.00981	0.00976	0.5	89210	871	88775	1843996	20.67
2000-2009	65	0.01066	0.01061	0.5	88339	937	87871	1755221	19.87
2000-2009	66	0.01163	0.01156	0.5	87402	1010	86897	1667350	19.08
2000-2009	67	0.01285	0.01277	0.5	86392	1103	85840	1580453	18.29
2000-2009	68	0.01405	0.01395	0.5	85289	1190	84694	1494613	17.52
2000-2009	69	0.01536	0.01525	0.5	84099	1282	83458	1409919	16.77
2000-2009	70	0.01708	0.01694	0.5	82817	1403	82115	1326461	16.02
2000-2009	71	0.01849	0.01832	0.5	81414	1492	80668	1244345	15.28
2000-2009	72	0.02049	0.02028	0.5	79922	1621	79112	1163677	14.56
2000-2009	73	0.02240	0.02215	0.5	78301	1734	77434	1084566	13.85
2000-2009	74	0.02478	0.02448	0.5	76567	1874	75629	1007132	13.15
2000-2009	75	0.02762	0.02725	0.5	74692	2035	73675	931503	12.47
2000-2009	76	0.03009	0.02965	0.5	72657	2154	71580	857828	11.81
2000-2009	77	0.03313	0.03259	0.5	70503	2298	69354	786248	11.15
2000-2009	78	0.03700	0.03632	0.5	68205	2478	66966	716894	10.51
2000-2009	79	0.04058	0.03977	0.5	65728	2614	64421	649927	9.89
2000-2009	80	0.04790	0.04678	0.5	63114	2952	61637	585507	9.28
2000-2009	81	0.05318	0.05180	0.5	60161	3117	58603	523869	8.71
2000-2009	82	0.05954	0.05782	0.5	57044	3298	55395	465267	8.16
2000-2009	83	0.06680	0.06465	0.5	53746	3474	52009	409871	7.63
2000-2009	84	0.07485	0.07215	0.5	50272	3627	48458	357863	7.12
2000-2009	85	0.08453	0.08110	0.5	46645	3783	44753	309404	6.63
2000-2009	86	0.09511	0.09080	0.5	42862	3892	40916	264651	6.17
2000-2009	87	0.10695	0.10152	0.5	38970	3956	36992	223735	5.74
2000-2009	88	0.11970	0.11294	0.5	35014	3954	33037	186743	5.33
2000-2009	89	0.13508	0.12654	0.5	31060	3930	29094	153707	4.95
2000-2009	90	0.15014	0.13966	0.5	27129	3789	25235	124612	4.59
2000-2009	91	0.16895	0.15579	0.5	23341	3636	21522	99377	4.26
2000-2009	92	0.18809	0.17192	0.5	19704	3388	18011	77855	3.95
2000-2009	93	0.20936	0.18952	0.5	16317	3092	14771	59844	3.67
2000-2009	94	0.23169	0.20764	0.5	13224	2746	11851	45074	3.41
2000-2009	95	0.25492	0.22610	0.5	10479	2369	9294	33222	3.17
2000-2009	96	0.28039	0.24591	0.5	8109	1994	7112	23928	2.95
2000-2009	97	0.30735	0.26641	0.5	6115	1629	5301	16816	2.75
2000-2009	98	0.33570	0.28745	0.5	4486	1290	3841	11516	2.57
2000-2009	99	0.36528	0.30887	0.5	3196	987	2703	7674	2.40
2000-2009	100	0.39592	0.33049	0.5	2209	730	1844	4971	2.25
2000-2009	101	0.42739	0.35214	0.5	1479	521	1219	3127	2.11
2000-2009	102	0.45947	0.37363	0.5	958	358	779	1909	1.99
2000-2009	103	0.49188	0.39479	0.5	600	237	482	1130	1.88
2000-2009	104	0.52436	0.41544	0.5	363	151	288	648	1.78
2000-2009	105	0.55664	0.43545	0.5	212	92	166	360	1.70
2000-2009	106	0.58844	0.45467	0.5	120	55	93	194	1.62
2000-2009	107	0.61953	0.47301	0.5	65	31	50	101	1.55
2000-2009	108	0.64966	0.49037	0.5	34	17	26	51	1.49
2000-2009	109	0.67865	0.50671	0.5	18	9	13	25	1.45
2000-2009	110+	0.70632	1.00000	1.42	9	9	12	12	1.42
2010-2019	0	0.00455	0.00453	0.07	100000	453	99577	8222902	82.23
2010-2019	1	0.00026	0.00026	0.5	99547	26	99534	8123325	81.60
2010-2019	2	0.00017	0.00017	0.5	99521	17	99512	8023791	80.62
2010-2019	3	0.00013	0.00013	0.5	99503	13	99497	7924279	79.64
2010-2019	4	0.00011	0.00011	0.5	99490	11	99485	7824782	78.65
2010-2019	5	0.00009	0.00009	0.5	99479	9	99475	7725298	77.66
2010-2019	6	0.00010	0.00010	0.5	99470	10	99465	7625823	76.66
2010-2019	7	0.00008	0.00008	0.5	99460	8	99456	7526358	75.67
2010-2019	8	0.00009	0.00009	0.5	99452	9	99448	7426902	74.68
2010-2019	9	0.00008	0.00008	0.5	99443	8	99439	7327454	73.68
2010-2019	10	0.00008	0.00008	0.5	99435	8	99431	7228015	72.69
2010-2019	11	0.00009	0.00009	0.5	99427	9	99423	7128584	71.70
2010-2019	12	0.00009	0.00009	0.5	99419	9	99414	7029161	70.70
2010-2019	13	0.00011	0.00011	0.5	99410	11	99405	6929746	69.71
2010-2019	14	0.00013	0.00013	0.5	99400	12	99393	6830341	68.72
2010-2019	15	0.00013	0.00013	0.5	99387	13	99380	6730948	67.72
2010-2019	16	0.00016	0.00016	0.5	99374	16	99366	6631568	66.73
2010-2019	17	0.00021	0.00021	0.5	99358	20	99347	6532202	65.74
2010-2019	18	0.00025	0.00025	0.5	99337	25	99325	6432855	64.76
2010-2019	19	0.00027	0.00027	0.5	99312	27	99299	6333530	63.77
2010-2019	20	0.00033	0.00033	0.5	99285	33	99269	6234231	62.79
2010-2019	21	0.00039	0.00039	0.5	99252	38	99233	6134963	61.81
2010-2019	22	0.00042	0.00042	0.5	99214	42	99192	6035730	60.84
2010-2019	23	0.00045	0.00045	0.5	99171	44	99149	5936538	59.86
2010-2019	24	0.00046	0.00046	0.5	99127	46	99104	5837388	58.89
2010-2019	25	0.00049	0.00049	0.5	99081	48	99057	5738284	57.91
2010-2019	26	0.00054	0.00054	0.5	99033	54	99006	5639227	56.94
2010-2019	27	0.00054	0.00054	0.5	98979	53	98953	5540220	55.97
2010-2019	28	0.00058	0.00058	0.5	98926	58	98897	5441268	55.00
2010-2019	29	0.00062	0.00062	0.5	98869	62	98838	5342370	54.03
2010-2019	30	0.00065	0.00065	0.5	98807	64	98775	5243532	53.07
2010-2019	31	0.00070	0.00070	0.5	98743	69	98708	5144757	52.10
2010-2019	32	0.00072	0.00072	0.5	98674	71	98638	5046049	51.14
2010-2019	33	0.00074	0.00074	0.5	98603	73	98566	4947411	50.18
2010-2019	34	0.00080	0.00080	0.5	98530	79	98491	4848844	49.21
2010-2019	35	0.00084	0.00084	0.5	98451	83	98410	4750354	48.25
2010-2019	36	0.00090	0.00090	0.5	98369	88	98324	4651944	47.29
2010-2019	37	0.00092	0.00092	0.5	98280	91	98235	4553619	46.33
2010-2019	38	0.00098	0.00098	0.5	98189	97	98141	4455384	45.38
2010-2019	39	0.00104	0.00104	0.5	98093	102	98042	4357243	44.42
2010-2019	40	0.00115	0.00115	0.5	97991	112	97935	4259201	43.47
2010-2019	41	0.00120	0.00120	0.5	97879	118	97820	4161266	42.51
2010-2019	42	0.00130	0.00130	0.5	97761	127	97698	4063446	41.57
2010-2019	43	0.00142	0.00142	0.5	97634	139	97565	3965749	40.62
2010-2019	44	0.00153	0.00153	0.5	97496	149	97421	3868184	39.68
2010-2019	45	0.00170	0.00169	0.5	97346	165	97264	3770763	38.74
2010-2019	46	0.00186	0.00186	0.5	97181	181	97091	3673499	37.80
2010-2019	47	0.00204	0.00204	0.5	97000	198	96901	3576409	36.87
2010-2019	48	0.00220	0.00220	0.5	96803	213	96696	3479507	35.94
2010-2019	49	0.00240	0.00240	0.5	96590	232	96474	3382811	35.02
2010-2019	50	0.00268	0.00267	0.5	96358	258	96229	3286337	34.11
2010-2019	51	0.00291	0.00291	0.5	96101	279	95961	3190107	33.20
2010-2019	52	0.00315	0.00314	0.5	95821	301	95670	3094146	32.29
2010-2019	53	0.00332	0.00332	0.5	95520	317	95361	2998476	31.39
2010-2019	54	0.00365	0.00365	0.5	95203	347	95029	2903115	30.49
2010-2019	55	0.00395	0.00394	0.5	94856	374	94669	2808085	29.60
2010-2019	56	0.00434	0.00433	0.5	94482	409	94277	2713416	28.72
2010-2019	57	0.00468	0.00467	0.5	94072	439	93853	2619139	27.84
2010-2019	58	0.00499	0.00498	0.5	93634	466	93400	2525286	26.97
2010-2019	59	0.00533	0.00531	0.5	93167	495	92920	2431886	26.10
2010-2019	60	0.00579	0.00578	0.5	92672	535	92405	2338966	25.24
2010-2019	61	0.00623	0.00621	0.5	92137	572	91851	2246561	24.38
2010-2019	62	0.00685	0.00682	0.5	91564	625	91252	2154711	23.53
2010-2019	63	0.00736	0.00733	0.5	90940	667	90606	2063459	22.69
2010-2019	64	0.00807	0.00804	0.5	90273	726	89910	1972853	21.85
2010-2019	65	0.00877	0.00873	0.5	89547	782	89156	1882943	21.03
2010-2019	66	0.00956	0.00951	0.5	88765	844	88343	1793787	20.21
2010-2019	67	0.01052	0.01047	0.5	87921	920	87461	1705444	19.40
2010-2019	68	0.01161	0.01154	0.5	87000	1004	86499	1617983	18.60
2010-2019	69	0.01266	0.01258	0.5	85997	1082	85456	1531484	17.81
2010-2019	70	0.01418	0.01408	0.5	84915	1195	84317	1446029	17.03
2010-2019	71	0.01546	0.01534	0.5	83719	1284	83077	1361712	16.27
2010-2019	72	0.01710	0.01696	0.5	82435	1398	81736	1278635	15.51
2010-2019	73	0.01873	0.01855	0.5	81037	1503	80285	1196899	14.77
2010-2019	74	0.02089	0.02067	0.5	79534	1644	78712	1116613	14.04
2010-2019	75	0.02303	0.02276	0.5	77890	1773	77003	1037901	13.33
2010-2019	76	0.02549	0.02517	0.5	76117	1916	75159	960898	12.62
2010-2019	77	0.02828	0.02788	0.5	74201	2069	73167	885739	11.94
2010-2019	78	0.03121	0.03073	0.5	72132	2217	71024	812573	11.27
2010-2019	79	0.03472	0.03413	0.5	69915	2386	68722	741549	10.61
2010-2019	80	0.04049	0.03969	0.5	67529	2680	66189	672827	9.96
2010-2019	81	0.04538	0.04437	0.5	64849	2877	63410	606638	9.35
2010-2019	82	0.05149	0.05020	0.5	61972	3111	60416	543227	8.77
2010-2019	83	0.05746	0.05585	0.5	58861	3288	57217	482811	8.20
2010-2019	84	0.06477	0.06274	0.5	55573	3487	53830	425594	7.66
2010-2019	85	0.07269	0.07014	0.5	52087	3653	50260	371764	7.14
2010-2019	86	0.08183	0.07862	0.5	48433	3808	46529	321504	6.64
2010-2019	87	0.09354	0.08936	0.5	44626	3988	42632	274975	6.16
2010-2019	88	0.10460	0.09940	0.5	40638	4039	38618	232343	5.72
2010-2019	89	0.11933	0.11261	0.5	36598	4121	34538	193725	5.29
2010-2019	90	0.13534	0.12676	0.5	32477	4117	30419	159187	4.90
2010-2019	91	0.15145	0.14079	0.5	28360	3993	26364	128768	4.54
2010-2019	92	0.17022	0.15687	0.5	24368	3822	22456	102404	4.20
2010-2019	93	0.19037	0.17382	0.5	20545	3571	18759	79948	3.89
2010-2019	94	0.21405	0.19336	0.5	16974	3282	15333	61188	3.60
2010-2019	95	0.23493	0.21024	0.5	13692	2879	12253	45856	3.35
2010-2019	96	0.26001	0.23010	0.5	10813	2488	9569	33603	3.11
2010-2019	97	0.28676	0.25080	0.5	8325	2088	7281	24034	2.89
2010-2019	98	0.31510	0.27221	0.5	6237	1698	5388	16753	2.69
2010-2019	99	0.34488	0.29416	0.5	4539	1335	3872	11364	2.50
2010-2019	100	0.37593	0.31645	0.5	3204	1014	2697	7492	2.34
2010-2019	101	0.40803	0.33889	0.5	2190	742	1819	4795	2.19
2010-2019	102	0.44094	0.36129	0.5	1448	523	1186	2976	2.06
2010-2019	103	0.47438	0.38343	0.5	925	355	748	1790	1.94
2010-2019	104	0.50804	0.40513	0.5	570	231	455	1042	1.83
2010-2019	105	0.54164	0.42621	0.5	339	145	267	588	1.73
2010-2019	106	0.57486	0.44652	0.5	195	87	151	321	1.65
2010-2019	107	0.60742	0.46591	0.5	108	50	83	170	1.57
2010-2019	108	0.63905	0.48430	0.5	58	28	44	87	1.51
2010-2019	109	0.66951	0.50160	0.5	30	15	22	43	1.46
2010-2019	110+	0.69862	1.00000	1.43	15	15	21	21	1.43
2020-2022	0	0.00395	0.00393	0.06	100000	393	99632	8138495	81.38
2020-2022	1	0.00024	0.00024	0.5	99607	23	99595	8038863	80.71
2020-2022	2	0.00015	0.00015	0.5	99583	15	99576	7939268	79.73
2020-2022	3	0.00012	0.00012	0.5	99568	12	99562	7839692	78.74
2020-2022	4	0.00012	0.00012	0.5	99556	12	99550	7740130	77.75
2020-2022	5	0.00010	0.00010	0.5	99544	9	99539	7640580	76.76
2020-2022	6	0.00008	0.00008	0.5	99535	8	99530	7541041	75.76
2020-2022	7	0.00009	0.00009	0.5	99526	9	99522	7441510	74.77
2020-2022	8	0.00008	0.00008	0.5	99517	8	99513	7341989	73.78
2020-2022	9	0.00007	0.00007	0.5	99509	7	99505	7242476	72.78
2020-2022	10	0.00008	0.00008	0.5	99502	8	99498	7142970	71.79
2020-2022	11	0.00008	0.00008	0.5	99494	8	99490	7043472	70.79
2020-2022	12	0.00011	0.00011	0.5	99486	11	99481	6943982	69.80
2020-2022	13	0.00011	0.00011	0.5	99475	11	99470	6844502	68.81
2020-2022	14	0.00014	0.00014	0.5	99464	14	99457	6745032	67.81
2020-2022	15	0.00013	0.00013	0.5	99450	13	99444	6645575	66.82
2020-2022	16	0.00017	0.00017	0.5	99437	16	99429	6546131	65.83
2020-2022	17	0.00023	0.00023	0.5	99421	23	99410	6446702	64.84
2020-2022	18	0.00026	0.00026	0.5	99398	26	99385	6347293	63.86
2020-2022	19	0.00029	0.00029	0.5	99372	29	99358	6247907	62.87
2020-2022	20	0.00034	0.00034	0.5	99343	34	99326	6148550	61.89
2020-2022	21	0.00039	0.00039	0.5	99309	39	99290	6049224	60.91
2020-2022	22	0.00041	0.00041	0.5	99270	40	99250	5949934	59.94
2020-2022	23	0.00047	0.00047	0.5	99230	47	99207	5850684	58.96
2020-2022	24	0.00049	0.00049	0.5	99183	48	99159	5751478	57.99
2020-2022	25	0.00060	0.00060	0.5	99135	59	99105	5652318	57.02
2020-2022	26	0.00060	0.00060	0.5	99076	59	99046	5553213	56.05
2020-2022	27	0.00067	0.00067	0.5	99016	67	98983	5454167	55.08
2020-2022	28	0.00071	0.00071	0.5	98949	70	98914	5355184	54.12
2020-2022	29	0.00079	0.00079	0.5	98879	78	98840	5256270	53.16
2020-2022	30	0.00086	0.00086	0.5	98801	85	98759	5157430	52.20
2020-2022	31	0.00090	0.00090	0.5	98717	89	98672	5058671	51.24
2020-2022	32	0.00095	0.00095	0.5	98628	94	98581	4959999	50.29
2020-2022	33	0.00101	0.00101	0.5	98534	100	98484	4861418	49.34
2020-2022	34	0.00107	0.00107	0.5	98434	105	98382	4762933	48.39
2020-2022	35	0.00116	0.00116	0.5	98329	114	98272	4664552	47.44
2020-2022	36	0.00123	0.00123	0.5	98215	121	98155	4566279	46.49
2020-2022	37	0.00127	0.00127	0.5	98095	124	98033	4468124	45.55
2020-2022	38	0.00137	0.00137	0.5	97970	134	97904	4370092	44.61
2020-2022	39	0.00145	0.00145	0.5	97837	142	97766	4272188	43.67
2020-2022	40	0.00160	0.00160	0.5	97695	156	97617	4174423	42.73
2020-2022	41	0.00159	0.00159	0.5	97539	155	97461	4076806	41.80
2020-2022	42	0.00167	0.00167	0.5	97384	163	97302	3979345	40.86
2020-2022	43	0.00176	0.00176	0.5	97221	171	97136	3882042	39.93
2020-2022	44	0.00178	0.00178	0.5	97050	172	96964	3784907	39.00
2020-2022	45	0.00192	0.00192	0.5	96878	186	96785	3687943	38.07
2020-2022	46	0.00220	0.00219	0.5	96692	212	96586	3591158	37.14
2020-2022	47	0.00230	0.00230	0.5	96480	222	96369	3494571	36.22
2020-2022	48	0.00243	0.00243	0.5	96258	234	96141	3398202	35.30
2020-2022	49	0.00265	0.00265	0.5	96024	254	95897	3302061	34.39
2020-2022	50	0.00296	0.00296	0.5	95770	283	95628	3206164	33.48
2020-2022	51	0.00318	0.00317	0.5	95487	303	95335	3110536	32.58
2020-2022	52	0.00345	0.00345	0.5	95184	328	95020	3015201	31.68
2020-2022	53	0.00369	0.00369	0.5	94856	350	94681	2920181	30.79
2020-2022	54	0.00404	0.00403	0.5	94506	381	94315	2825501	29.90
2020-2022	55	0.00446	0.00445	0.5	94125	419	93916	2731185	29.02
2020-2022	56	0.00478	0.00476	0.5	93706	446	93483	2637270	28.14
2020-2022	57	0.00516	0.00515	0.5	93260	480	93019	2543787	27.28
2020-2022	58	0.00561	0.00559	0.5	92779	519	92520	2450767	26.42
2020-2022	59	0.00616	0.00614	0.5	92260	567	91977	2358247	25.56
2020-2022	60	0.00656	0.00654	0.5	91694	600	91394	2266270	24.72
2020-2022	61	0.00727	0.00725	0.5	91094	660	90764	2174877	23.88
2020-2022	62	0.00784	0.00781	0.5	90434	706	90081	2084113	23.05
2020-2022	63	0.00845	0.00841	0.5	89728	755	89350	1994032	22.22
2020-2022	64	0.00916	0.00912	0.5	88973	811	88567	1904682	21.41
2020-2022	65	0.00977	0.00973	0.5	88161	857	87733	1816115	20.60
2020-2022	66	0.01048	0.01043	0.5	87304	910	86849	1728382	19.80
2020-2022	67	0.01138	0.01131	0.5	86394	977	85905	1641534	19.00
2020-2022	68	0.01241	0.01233	0.5	85416	1053	84890	1555629	18.21
2020-2022	69	0.01325	0.01316	0.5	84363	1111	83808	1470739	17.43
2020-2022	70	0.01467	0.01456	0.5	83252	1212	82646	1386931	16.66
2020-2022	71	0.01604	0.01591	0.5	82040	1305	81387	1304285	15.90
2020-2022	72	0.01766	0.01751	0.5	80735	1414	80028	1222898	15.15
2020-2022	73	0.02001	0.01981	0.5	79321	1572	78535	1142870	14.41
2020-2022	74	0.02225	0.02201	0.5	77750	1711	76894	1064335	13.69
2020-2022	75	0.02453	0.02423	0.5	76038	1843	75117	987441	12.99
2020-2022	76	0.02675	0.02640	0.5	74195	1958	73216	912324	12.30
2020-2022	77	0.03129	0.03081	0.5	72237	2226	71124	839108	11.62
2020-2022	78	0.03483	0.03423	0.5	70011	2397	68813	767984	10.97
2020-2022	79	0.03817	0.03746	0.5	67615	2533	66348	699171	10.34
2020-2022	80	0.04211	0.04124	0.5	65082	2684	63740	632822	9.72
2020-2022	81	0.04667	0.04561	0.5	62398	2846	60975	569082	9.12
2020-2022	82	0.05272	0.05136	0.5	59552	3059	58023	508107	8.53
2020-2022	83	0.06032	0.05856	0.5	56493	3308	54839	450085	7.97
2020-2022	84	0.06810	0.06586	0.5	53185	3503	51434	395246	7.43
2020-2022	85	0.07751	0.07462	0.5	49683	3707	47829	343812	6.92
2020-2022	86	0.08645	0.08287	0.5	45975	3810	44070	295983	6.44
2020-2022	87	0.09658	0.09213	0.5	42165	3885	40223	251913	5.97
2020-2022	88	0.10943	0.10375	0.5	38281	3972	36295	211690	5.53
2020-2022	89	0.12530	0.11791	0.5	34309	4045	32286	175395	5.11
2020-2022	90	0.14320	0.13363	0.5	30264	4044	28241	143108	4.73
2020-2022	91	0.15846	0.14683	0.5	26219	3850	24294	114867	4.38
2020-2022	92	0.17790	0.16337	0.5	22370	3654	20542	90572	4.05
2020-2022	93	0.19943	0.18135	0.5	18715	3394	17018	70030	3.74
2020-2022	94	0.22514	0.20236	0.5	15321	3100	13771	53012	3.46
2020-2022	95	0.24793	0.22059	0.5	12221	2696	10873	39241	3.21
2020-2022	96	0.27435	0.24125	0.5	9525	2298	8376	28368	2.98
2020-2022	97	0.30244	0.26272	0.5	7227	1899	6278	19992	2.77
2020-2022	98	0.33210	0.28481	0.5	5328	1518	4570	13714	2.57
2020-2022	99	0.36315	0.30735	0.5	3811	1171	3225	9144	2.40
2020-2022	100	0.39539	0.33013	0.5	2640	871	2204	5919	2.24
2020-2022	101	0.42857	0.35294	0.5	1768	624	1456	3715	2.10
2020-2022	102	0.46239	0.37556	0.5	1144	430	929	2259	1.97
2020-2022	103	0.49657	0.39780	0.5	714	284	572	1330	1.86
2020-2022	104	0.53078	0.41946	0.5	430	180	340	757	1.76
2020-2022	105	0.56470	0.44037	0.5	250	110	195	417	1.67
2020-2022	106	0.59803	0.46037	0.5	140	64	108	222	1.59
2020-2022	107	0.63048	0.47936	0.5	75	36	57	115	1.52
2020-2022	108	0.66179	0.49725	0.5	39	20	30	58	1.46
2020-2022	109	0.69174	0.51397	0.5	20	10	15	28	1.42
2020-2022	110+	0.72016	1.00000	1.39	10	10	13	13	1.39
