Reg1: Reg1, Lifetables (period 5x10), Both sexes Last modified: February 4 2025, MPv5 (May07) 

Year     	Age	mx	qx	ax	lx	dx	Lx	Tx	ex
1941-1949	0	0.03341	0.03248	0.14	100000	3248	97210	6629316	66.29
1941-1949	1-4	0.00159	0.00636	1.64	96752	615	385555	6532107	67.51
1941-1949	5-9	0.00079	0.00395	2.34	96137	380	479676	6146551	63.94
1941-1949	10-14	0.00071	0.00353	2.61	95757	338	477978	5666875	59.18
1941-1949	15-19	0.00107	0.00535	2.66	95420	510	475904	5188897	54.38
1941-1949	20-24	0.00144	0.00719	2.57	94909	682	472889	4712993	49.66
1941-1949	25-29	0.00166	0.00829	2.57	94227	781	469239	4240105	45.00
1941-1949	30-34	0.00218	0.01083	2.63	93446	1012	464826	3770866	40.35
1941-1949	35-39	0.00321	0.01594	2.67	92434	1473	458732	3306040	35.77
1941-1949	40-44	0.00501	0.02478	2.67	90960	2254	449539	2847308	31.30
1941-1949	45-49	0.00778	0.03821	2.66	88706	3390	435610	2397769	27.03
1941-1949	50-54	0.01224	0.05948	2.64	85316	5074	414600	1962159	23.00
1941-1949	55-59	0.01822	0.08731	2.62	80242	7006	384541	1547558	19.29
1941-1949	60-64	0.02708	0.12714	2.6	73236	9311	343866	1163017	15.88
1941-1949	65-69	0.04069	0.18521	2.58	63925	11840	290997	819152	12.81
1941-1949	70-74	0.06129	0.26623	2.54	52086	13867	226247	528155	10.14
1941-1949	75-79	0.09036	0.36770	2.47	38219	14053	155515	301908	7.90
1941-1949	80-84	0.13044	0.48730	2.41	24166	11776	90281	146393	6.06
1941-1949	85-89	0.19342	0.63248	2.26	12390	7836	40515	56112	4.53
1941-1949	90-94	0.27114	0.75459	2.06	4553	3436	12672	15597	3.43
1941-1949	95-99	0.36896	0.85765	1.88	1117	958	2598	2925	2.62
1941-1949	100-104	0.47912	0.92250	1.67	159	147	306	327	2.06
1941-1949	105-109	0.59212	0.95866	1.47	12	12	20	21	1.68
1941-1949	110+	0.68156	1.00000	1.47	1	1	1	1	1.47
1950-1959	0	0.02506	0.02452	0.12	100000	2452	97837	6929322	69.29
1950-1959	1-4	0.00100	0.00398	1.63	97548	388	389275	6831484	70.03
1950-1959	5-9	0.00048	0.00242	2.3	97160	235	485167	6442209	66.31
1950-1959	10-14	0.00042	0.00209	2.65	96925	202	484152	5957042	61.46
1950-1959	15-19	0.00079	0.00395	2.71	96723	382	482740	5472891	56.58
1950-1959	20-24	0.00103	0.00513	2.54	96341	495	480487	4990151	51.80
1950-1959	25-29	0.00114	0.00571	2.56	95846	547	477896	4509664	47.05
1950-1959	30-34	0.00148	0.00737	2.63	95299	703	474834	4031768	42.31
1950-1959	35-39	0.00225	0.01117	2.69	94596	1057	470544	3556935	37.60
1950-1959	40-44	0.00371	0.01841	2.7	93540	1722	463730	3086391	33.00
1950-1959	45-49	0.00618	0.03049	2.69	91817	2799	452619	2622661	28.56
1950-1959	50-54	0.00992	0.04846	2.66	89018	4314	435004	2170043	24.38
1950-1959	55-59	0.01523	0.07350	2.64	84704	6226	408837	1735038	20.48
1950-1959	60-64	0.02335	0.11062	2.63	78479	8681	371805	1326201	16.90
1950-1959	65-69	0.03563	0.16409	2.59	69798	11453	321398	954397	13.67
1950-1959	70-74	0.05345	0.23641	2.56	58345	13793	258068	632999	10.85
1950-1959	75-79	0.08089	0.33656	2.51	44552	14994	185365	374931	8.42
1950-1959	80-84	0.11970	0.45772	2.43	29558	13529	113024	189565	6.41
1950-1959	85-89	0.17929	0.60365	2.29	16029	9676	53967	76541	4.78
1950-1959	90-94	0.25946	0.74281	2.12	6353	4719	18188	22574	3.55
1950-1959	95-99	0.35828	0.84963	1.91	1634	1388	3875	4386	2.68
1950-1959	100-104	0.47254	0.92006	1.68	246	226	478	511	2.08
1950-1959	105-109	0.59082	0.95863	1.48	20	19	32	33	1.68
1950-1959	110+	0.68460	1.00000	1.46	1	1	1	1	1.46
1960-1969	0	0.02289	0.02244	0.11	100000	2244	98007	7023012	70.23
1960-1969	1-4	0.00081	0.00325	1.66	97756	317	390282	6925005	70.84
1960-1969	5-9	0.00041	0.00203	2.29	97439	198	486658	6534723	67.06
1960-1969	10-14	0.00035	0.00177	2.66	97241	172	485803	6048065	62.20
1960-1969	15-19	0.00081	0.00403	2.84	97069	391	484502	5562262	57.30
1960-1969	20-24	0.00110	0.00547	2.51	96678	529	482074	5077761	52.52
1960-1969	25-29	0.00118	0.00586	2.55	96149	563	479368	4595687	47.80
1960-1969	30-34	0.00149	0.00743	2.62	95586	711	476237	4116318	43.06
1960-1969	35-39	0.00223	0.01109	2.67	94875	1052	471927	3640081	38.37
1960-1969	40-44	0.00350	0.01735	2.67	93823	1628	465321	3168154	33.77
1960-1969	45-49	0.00566	0.02795	2.68	92196	2577	454992	2702833	29.32
1960-1969	50-54	0.00917	0.04489	2.66	89618	4023	438677	2247841	25.08
1960-1969	55-59	0.01411	0.06828	2.65	85596	5844	414228	1809163	21.14
1960-1969	60-64	0.02156	0.10256	2.62	79751	8179	379289	1394935	17.49
1960-1969	65-69	0.03262	0.15119	2.59	71573	10821	331742	1015646	14.19
1960-1969	70-74	0.04952	0.22101	2.57	60751	13426	271133	683904	11.26
1960-1969	75-79	0.07429	0.31330	2.5	47325	14827	199581	412771	8.72
1960-1969	80-84	0.11503	0.44447	2.44	32498	14444	125570	213190	6.56
1960-1969	85-89	0.17516	0.59439	2.3	18054	10731	61262	87621	4.85
1960-1969	90-94	0.25477	0.73533	2.13	7323	5385	21136	26358	3.60
1960-1969	95-99	0.35649	0.84849	1.91	1938	1644	4613	5223	2.69
1960-1969	100-104	0.47366	0.92083	1.68	294	270	571	610	2.08
1960-1969	105-109	0.59514	0.95979	1.47	23	22	37	39	1.67
1960-1969	110+	0.69123	1.00000	1.45	1	1	1	1	1.45
1970-1979	0	0.01591	0.01568	0.09	100000	1568	98577	7239735	72.40
1970-1979	1-4	0.00063	0.00250	1.7	98432	246	393161	7141159	72.55
1970-1979	5-9	0.00034	0.00168	2.3	98186	165	490482	6747998	68.73
1970-1979	10-14	0.00031	0.00156	2.74	98020	153	489757	6257516	63.84
1970-1979	15-19	0.00087	0.00434	2.88	97868	425	488436	5767759	58.93
1970-1979	20-24	0.00122	0.00606	2.49	97443	590	485733	5279322	54.18
1970-1979	25-29	0.00121	0.00602	2.5	96853	583	482806	4793590	49.49
1970-1979	30-34	0.00140	0.00697	2.61	96269	671	479740	4310784	44.78
1970-1979	35-39	0.00199	0.00992	2.66	95598	948	475768	3831044	40.07
1970-1979	40-44	0.00314	0.01558	2.68	94650	1475	469828	3355276	35.45
1970-1979	45-49	0.00506	0.02498	2.66	93175	2328	460437	2885448	30.97
1970-1979	50-54	0.00774	0.03799	2.65	90848	3452	446141	2425010	26.69
1970-1979	55-59	0.01198	0.05828	2.65	87396	5093	425005	1978869	22.64
1970-1979	60-64	0.01854	0.08881	2.63	82303	7310	394187	1553864	18.88
1970-1979	65-69	0.02764	0.12960	2.6	74993	9719	351603	1159677	15.46
1970-1979	70-74	0.04159	0.18897	2.58	65274	12335	296542	808074	12.38
1970-1979	75-79	0.06359	0.27490	2.54	52939	14553	228866	511531	9.66
1970-1979	80-84	0.09732	0.39077	2.48	38387	15000	154139	282665	7.36
1970-1979	85-89	0.14814	0.53224	2.36	23386	12447	84023	128527	5.50
1970-1979	90-94	0.21955	0.68083	2.21	10939	7448	33923	44504	4.07
1970-1979	95-99	0.31204	0.80656	2.01	3491	2816	9025	10581	3.03
1970-1979	100-104	0.42368	0.89550	1.78	675	605	1427	1556	2.30
1970-1979	105-109	0.54512	0.94685	1.55	71	67	123	128	1.82
1970-1979	110+	0.64424	1.00000	1.55	4	4	6	6	1.55
1980-1989	0	0.01083	0.01073	0.08	100000	1073	99012	7454584	74.55
1980-1989	1-4	0.00047	0.00187	1.66	98927	185	395277	7355572	74.35
1980-1989	5-9	0.00023	0.00116	2.35	98743	114	493410	6960295	70.49
1980-1989	10-14	0.00024	0.00120	2.75	98628	119	492874	6466885	65.57
1980-1989	15-19	0.00070	0.00347	2.87	98510	342	491820	5974011	60.64
1980-1989	20-24	0.00100	0.00500	2.55	98168	491	489634	5482191	55.85
1980-1989	25-29	0.00117	0.00581	2.57	97677	568	487002	4992556	51.11
1980-1989	30-34	0.00147	0.00733	2.58	97109	712	483826	4505554	46.40
1980-1989	35-39	0.00189	0.00939	2.59	96397	905	479808	4021728	41.72
1980-1989	40-44	0.00261	0.01297	2.64	95492	1238	474542	3541920	37.09
1980-1989	45-49	0.00407	0.02016	2.67	94254	1900	466848	3067379	32.54
1980-1989	50-54	0.00649	0.03195	2.66	92354	2950	454869	2600531	28.16
1980-1989	55-59	0.01009	0.04927	2.65	89404	4405	436682	2145662	24.00
1980-1989	60-64	0.01573	0.07584	2.63	84999	6446	409741	1708980	20.11
1980-1989	65-69	0.02373	0.11229	2.61	78552	8821	371717	1299239	16.54
1980-1989	70-74	0.03627	0.16676	2.59	69732	11629	320646	927522	13.30
1980-1989	75-79	0.05383	0.23783	2.55	58103	13819	256716	606876	10.44
1980-1989	80-84	0.08613	0.35455	2.51	44285	15701	182300	350160	7.91
1980-1989	85-89	0.13366	0.49612	2.4	28584	14181	106094	167860	5.87
1980-1989	90-94	0.20405	0.65381	2.25	14403	9417	46150	61766	4.29
1980-1989	95-99	0.29960	0.79381	2.04	4986	3958	13211	15616	3.13
1980-1989	100-104	0.41622	0.89183	1.8	1028	917	2203	2405	2.34
1980-1989	105-109	0.54478	0.94723	1.56	111	105	193	202	1.82
1980-1989	110+	0.65006	1.00000	1.54	6	6	9	9	1.54
1990-1999	0	0.00786	0.00780	0.07	100000	780	99275	7630930	76.31
1990-1999	1-4	0.00035	0.00138	1.62	99220	137	396554	7531655	75.91
1990-1999	5-9	0.00017	0.00083	2.39	99083	82	495199	7135101	72.01
1990-1999	10-14	0.00019	0.00097	2.81	99000	96	494792	6639902	67.07
1990-1999	15-19	0.00060	0.00302	2.87	98904	299	493885	6145110	62.13
1990-1999	20-24	0.00087	0.00434	2.53	98606	428	491971	5651225	57.31
1990-1999	25-29	0.00103	0.00511	2.61	98178	502	489690	5159254	52.55
1990-1999	30-34	0.00145	0.00722	2.62	97676	705	486699	4669564	47.81
1990-1999	35-39	0.00196	0.00977	2.62	96971	947	482594	4182865	43.14
1990-1999	40-44	0.00264	0.01310	2.6	96023	1258	477099	3700271	38.54
1990-1999	45-49	0.00361	0.01790	2.63	94766	1696	469807	3223171	34.01
1990-1999	50-54	0.00530	0.02620	2.66	93069	2438	459635	2753364	29.58
1990-1999	55-59	0.00833	0.04086	2.67	90631	3703	444514	2293730	25.31
1990-1999	60-64	0.01312	0.06364	2.65	86928	5532	421623	1849216	21.27
1990-1999	65-69	0.02030	0.09683	2.62	81395	7882	388243	1427593	17.54
1990-1999	70-74	0.03087	0.14371	2.6	73513	10565	342229	1039350	14.14
1990-1999	75-79	0.04703	0.21113	2.58	62949	13290	282604	697121	11.07
1990-1999	80-84	0.07729	0.32449	2.53	49658	16114	208480	414517	8.35
1990-1999	85-89	0.12310	0.46801	2.44	33545	15699	127537	206037	6.14
1990-1999	90-94	0.19615	0.64039	2.29	17845	11428	58260	78500	4.40
1990-1999	95-99	0.29617	0.79106	2.06	6417	5077	17141	20240	3.15
1990-1999	100-104	0.42126	0.89576	1.79	1341	1201	2851	3099	2.31
1990-1999	105-109	0.55914	0.95185	1.54	140	133	238	248	1.77
1990-1999	110+	0.67111	1.00000	1.49	7	7	10	10	1.49
2000-2009	0	0.00620	0.00616	0.07	100000	616	99424	7843559	78.44
2000-2009	1-4	0.00023	0.00092	1.64	99384	91	397320	7744134	77.92
2000-2009	5-9	0.00012	0.00058	2.4	99293	58	496313	7346814	73.99
2000-2009	10-14	0.00014	0.00070	2.74	99235	69	496018	6850502	69.03
2000-2009	15-19	0.00048	0.00238	2.98	99165	236	495352	6354484	64.08
2000-2009	20-24	0.00082	0.00407	2.56	98930	403	493667	5859132	59.23
2000-2009	25-29	0.00084	0.00418	2.53	98527	412	491615	5365465	54.46
2000-2009	30-34	0.00096	0.00477	2.6	98115	468	489448	4873850	49.68
2000-2009	35-39	0.00135	0.00672	2.65	97647	657	486692	4384402	44.90
2000-2009	40-44	0.00205	0.01018	2.67	96990	987	482646	3897711	40.19
2000-2009	45-49	0.00310	0.01537	2.66	96003	1475	476561	3415065	35.57
2000-2009	50-54	0.00456	0.02256	2.64	94528	2133	467602	2938504	31.09
2000-2009	55-59	0.00675	0.03321	2.65	92395	3068	454770	2470902	26.74
2000-2009	60-64	0.01042	0.05086	2.66	89327	4543	435993	2016132	22.57
2000-2009	65-69	0.01606	0.07737	2.65	84784	6559	408480	1580139	18.64
2000-2009	70-74	0.02527	0.11923	2.63	78225	9327	369017	1171659	14.98
2000-2009	75-79	0.04028	0.18369	2.61	68898	12655	314183	802642	11.65
2000-2009	80-84	0.06913	0.29590	2.57	56242	16642	240739	488459	8.68
2000-2009	85-89	0.11744	0.45308	2.48	39600	17942	152771	247720	6.26
2000-2009	90-94	0.19525	0.63952	2.3	21658	13851	70939	94949	4.38
2000-2009	95-99	0.30392	0.80133	2.05	7807	6256	20585	24010	3.08
2000-2009	100-104	0.44213	0.90836	1.76	1551	1409	3187	3425	2.21
2000-2009	105-109	0.59172	0.96044	1.48	142	137	231	239	1.68
2000-2009	110+	0.70995	1.00000	1.41	6	6	8	8	1.41
2010-2019	0	0.00500	0.00497	0.06	100000	497	99534	7986993	79.87
2010-2019	1-4	0.00019	0.00076	1.65	99503	75	397834	7887459	79.27
2010-2019	5-9	0.00010	0.00050	2.46	99427	49	497012	7489626	75.33
2010-2019	10-14	0.00012	0.00058	2.78	99378	58	496763	6992614	70.36
2010-2019	15-19	0.00035	0.00176	3	99321	174	496254	6495851	65.40
2010-2019	20-24	0.00080	0.00397	2.67	99146	393	494815	5999597	60.51
2010-2019	25-29	0.00101	0.00502	2.57	98753	496	492556	5504782	55.74
2010-2019	30-34	0.00117	0.00586	2.56	98257	576	489880	5012226	51.01
2010-2019	35-39	0.00139	0.00692	2.58	97681	676	486768	4522346	46.30
2010-2019	40-44	0.00181	0.00901	2.63	97006	874	482955	4035578	41.60
2010-2019	45-49	0.00271	0.01348	2.67	96131	1296	477632	3552623	36.96
2010-2019	50-54	0.00420	0.02077	2.65	94835	1970	469548	3074991	32.42
2010-2019	55-59	0.00621	0.03059	2.64	92866	2840	457615	2605443	28.06
2010-2019	60-64	0.00905	0.04429	2.64	90025	3987	440706	2147828	23.86
2010-2019	65-69	0.01340	0.06494	2.64	86038	5587	417003	1707122	19.84
2010-2019	70-74	0.02094	0.09975	2.64	80451	8025	383320	1290119	16.04
2010-2019	75-79	0.03375	0.15626	2.63	72425	11317	335283	906799	12.52
2010-2019	80-84	0.05936	0.25986	2.6	61108	15880	267491	571516	9.35
2010-2019	85-89	0.10333	0.41135	2.52	45229	18605	180056	304025	6.72
2010-2019	90-94	0.17944	0.60793	2.35	26624	16186	90200	123969	4.66
2010-2019	95-99	0.28557	0.78077	2.1	10439	8150	28540	33769	3.24
2010-2019	100-104	0.42579	0.90008	1.79	2288	2060	4838	5229	2.28
2010-2019	105-109	0.58050	0.95815	1.5	229	219	377	391	1.71
2010-2019	110+	0.70382	1.00000	1.42	10	10	14	14	1.42
2020-2022	0	0.00431	0.00430	0.06	100000	430	99596	7865297	78.65
2020-2022	1-4	0.00018	0.00074	1.66	99570	73	398111	7765701	77.99
2020-2022	5-9	0.00010	0.00048	2.36	99497	47	497362	7367590	74.05
2020-2022	10-14	0.00012	0.00062	2.84	99450	61	497118	6870229	69.08
2020-2022	15-19	0.00038	0.00190	2.96	99389	189	496557	6373111	64.12
2020-2022	20-24	0.00080	0.00398	2.72	99199	395	495096	5876554	59.24
2020-2022	25-29	0.00119	0.00596	2.64	98805	589	492632	5381458	54.47
2020-2022	30-34	0.00160	0.00796	2.56	98216	782	489177	4888825	49.78
2020-2022	35-39	0.00202	0.01003	2.59	97434	978	484814	4399649	45.15
2020-2022	40-44	0.00248	0.01233	2.57	96457	1189	479390	3914835	40.59
2020-2022	45-49	0.00324	0.01606	2.64	95267	1530	472733	3435445	36.06
2020-2022	50-54	0.00480	0.02374	2.64	93738	2226	463432	2962713	31.61
2020-2022	55-59	0.00714	0.03509	2.64	91512	3211	449968	2499281	27.31
2020-2022	60-64	0.01041	0.05080	2.63	88301	4485	430859	2049313	23.21
2020-2022	65-69	0.01485	0.07172	2.61	83815	6012	404716	1618454	19.31
2020-2022	70-74	0.02230	0.10596	2.65	77804	8244	369613	1213737	15.60
2020-2022	75-79	0.03690	0.16978	2.65	69560	11810	320013	844124	12.14
2020-2022	80-84	0.06216	0.27049	2.6	57750	15621	251311	524112	9.08
2020-2022	85-89	0.10948	0.42995	2.51	42129	18114	165453	272801	6.48
2020-2022	90-94	0.18959	0.62910	2.33	24016	15108	79689	107347	4.47
2020-2022	95-99	0.29976	0.79767	2.07	8907	7105	23703	27659	3.11
2020-2022	100-104	0.44478	0.91043	1.76	1802	1641	3689	3956	2.19
2020-2022	105-109	0.60173	0.96295	1.47	161	155	258	267	1.65
2020-2022	110+	0.72454	1.00000	1.38	6	6	8	8	1.38
