Reg3: Reg3, Lifetables (period 5x10), Females Last modified: February 4 2025, MPv5 (May07) 

Year     	Age	mx	qx	ax	lx	dx	Lx	Tx	ex
1941-1949	0	0.04034	0.03903	0.17	100000	3903	96745	6751243	67.51
1941-1949	1-4	0.00229	0.00910	1.49	96097	874	382191	6654498	69.25
1941-1949	5-9	0.00079	0.00396	2.25	95223	377	475076	6272307	65.87
1941-1949	10-14	0.00072	0.00359	2.73	94846	341	473456	5797231	61.12
1941-1949	15-19	0.00144	0.00718	2.71	94505	679	470973	5323774	56.33
1941-1949	20-24	0.00204	0.01015	2.57	93826	952	466822	4852801	51.72
1941-1949	25-29	0.00234	0.01164	2.56	92874	1081	461732	4385979	47.22
1941-1949	30-34	0.00290	0.01441	2.6	91794	1323	455787	3924247	42.75
1941-1949	35-39	0.00391	0.01937	2.62	90471	1752	448184	3468459	38.34
1941-1949	40-44	0.00525	0.02595	2.6	88718	2302	438074	3020276	34.04
1941-1949	45-49	0.00708	0.03483	2.62	86417	3010	424920	2582202	29.88
1941-1949	50-54	0.01008	0.04922	2.6	83407	4106	407188	2157282	25.86
1941-1949	55-59	0.01351	0.06544	2.59	79301	5189	383999	1750094	22.07
1941-1949	60-64	0.01861	0.08907	2.61	74112	6601	354786	1366094	18.43
1941-1949	65-69	0.02880	0.13472	2.61	67511	9095	315855	1011309	14.98
1941-1949	70-74	0.04346	0.19660	2.58	58416	11485	264278	695454	11.91
1941-1949	75-79	0.06818	0.29203	2.54	46931	13705	201001	431177	9.19
1941-1949	80-84	0.10900	0.42678	2.46	33226	14180	130093	230176	6.93
1941-1949	85-89	0.16501	0.57216	2.32	19046	10897	66040	100083	5.25
1941-1949	90-94	0.21809	0.66957	2.12	8148	5456	25017	34043	4.18
1941-1949	95-99	0.28104	0.76772	2.05	2693	2067	7355	9026	3.35
1941-1949	100-104	0.36267	0.85045	1.88	625	532	1467	1670	2.67
1941-1949	105-109	0.45298	0.90863	1.7	94	85	188	204	2.18
1941-1949	110+	0.52762	1.00000	1.9	9	9	16	16	1.90
1950-1959	0	0.02905	0.02834	0.13	100000	2834	97547	7176014	71.76
1950-1959	1-4	0.00135	0.00540	1.53	97166	525	387366	7078467	72.85
1950-1959	5-9	0.00050	0.00249	2.25	96641	240	482546	6691102	69.24
1950-1959	10-14	0.00041	0.00207	2.66	96401	199	481540	6208555	64.40
1950-1959	15-19	0.00075	0.00374	2.69	96202	359	480177	5727016	59.53
1950-1959	20-24	0.00100	0.00498	2.57	95842	478	478053	5246839	54.74
1950-1959	25-29	0.00124	0.00620	2.6	95365	591	475404	4768786	50.01
1950-1959	30-34	0.00170	0.00848	2.64	94774	804	471973	4293382	45.30
1950-1959	35-39	0.00245	0.01218	2.65	93970	1145	467157	3821409	40.67
1950-1959	40-44	0.00355	0.01758	2.63	92825	1632	460261	3354252	36.14
1950-1959	45-49	0.00518	0.02557	2.66	91193	2332	450510	2893990	31.73
1950-1959	50-54	0.00774	0.03800	2.64	88861	3377	436320	2443480	27.50
1950-1959	55-59	0.01071	0.05221	2.62	85484	4463	416798	2007160	23.48
1950-1959	60-64	0.01553	0.07492	2.65	81021	6070	390810	1590363	19.63
1950-1959	65-69	0.02424	0.11461	2.62	74951	8590	354298	1199553	16.00
1950-1959	70-74	0.03702	0.17004	2.61	66361	11284	304830	845254	12.74
1950-1959	75-79	0.05992	0.26163	2.58	55077	14410	240474	540424	9.81
1950-1959	80-84	0.09669	0.38933	2.5	40667	15833	163742	299950	7.38
1950-1959	85-89	0.15157	0.54164	2.37	24834	13451	88747	136208	5.48
1950-1959	90-94	0.21424	0.66695	2.17	11383	7592	35437	47460	4.17
1950-1959	95-99	0.29707	0.78906	2.03	3791	2991	10070	12024	3.17
1950-1959	100-104	0.39802	0.87853	1.82	800	703	1765	1954	2.44
1950-1959	105-109	0.50853	0.93404	1.61	97	91	178	189	1.95
1950-1959	110+	0.59936	1.00000	1.67	6	6	11	11	1.67
1960-1969	0	0.02459	0.02407	0.12	100000	2407	97886	7329629	73.30
1960-1969	1-4	0.00109	0.00434	1.54	97593	423	389332	7231743	74.10
1960-1969	5-9	0.00043	0.00216	2.26	97170	210	485273	6842411	70.42
1960-1969	10-14	0.00035	0.00174	2.62	96959	169	484395	6357138	65.56
1960-1969	15-19	0.00063	0.00313	2.71	96790	303	483258	5872742	60.67
1960-1969	20-24	0.00081	0.00404	2.58	96487	390	481491	5389484	55.86
1960-1969	25-29	0.00100	0.00498	2.6	96097	479	479337	4907993	51.07
1960-1969	30-34	0.00144	0.00715	2.67	95618	684	476496	4428656	46.32
1960-1969	35-39	0.00213	0.01060	2.65	94934	1006	472310	3952160	41.63
1960-1969	40-44	0.00320	0.01588	2.65	93928	1492	466130	3479850	37.05
1960-1969	45-49	0.00460	0.02273	2.65	92436	2101	457242	3013720	32.60
1960-1969	50-54	0.00675	0.03322	2.63	90335	3001	444556	2556478	28.30
1960-1969	55-59	0.00953	0.04661	2.63	87334	4071	427030	2111922	24.18
1960-1969	60-64	0.01429	0.06908	2.62	83263	5752	402652	1684892	20.24
1960-1969	65-69	0.02193	0.10417	2.6	77511	8074	368155	1282240	16.54
1960-1969	70-74	0.03391	0.15686	2.62	69437	10892	321245	914085	13.16
1960-1969	75-79	0.05436	0.24012	2.57	58545	14058	258617	592839	10.13
1960-1969	80-84	0.09153	0.37336	2.53	44487	16610	181468	334222	7.51
1960-1969	85-89	0.14893	0.53542	2.38	27877	14926	100220	152754	5.48
1960-1969	90-94	0.22061	0.68119	2.19	12951	8822	39989	52534	4.06
1960-1969	95-99	0.31098	0.80565	2.01	4129	3326	10697	12545	3.04
1960-1969	100-104	0.42369	0.89555	1.78	802	719	1696	1849	2.30
1960-1969	105-109	0.54522	0.94685	1.55	84	79	146	152	1.82
1960-1969	110+	0.64370	1.00000	1.55	4	4	7	7	1.55
1970-1979	0	0.01656	0.01631	0.1	100000	1631	98531	7566810	75.67
1970-1979	1-4	0.00073	0.00293	1.61	98369	289	392785	7468279	75.92
1970-1979	5-9	0.00034	0.00170	2.3	98080	167	489951	7075494	72.14
1970-1979	10-14	0.00030	0.00149	2.66	97914	146	489228	6585543	67.26
1970-1979	15-19	0.00060	0.00302	2.72	97768	295	488168	6096316	62.36
1970-1979	20-24	0.00072	0.00360	2.5	97473	351	486489	5608148	57.54
1970-1979	25-29	0.00082	0.00410	2.6	97122	398	484656	5121658	52.73
1970-1979	30-34	0.00111	0.00552	2.66	96725	534	482371	4637003	47.94
1970-1979	35-39	0.00173	0.00861	2.68	96190	828	479031	4154631	43.19
1970-1979	40-44	0.00273	0.01357	2.68	95362	1294	473800	3675600	38.54
1970-1979	45-49	0.00412	0.02041	2.65	94068	1920	465818	3201800	34.04
1970-1979	50-54	0.00605	0.02981	2.62	92148	2747	454199	2735982	29.69
1970-1979	55-59	0.00862	0.04225	2.63	89400	3777	438055	2281783	25.52
1970-1979	60-64	0.01255	0.06094	2.63	85623	5218	415725	1843728	21.53
1970-1979	65-69	0.01829	0.08765	2.62	80405	7047	385236	1428003	17.76
1970-1979	70-74	0.02908	0.13601	2.62	73358	9977	343094	1042766	14.21
1970-1979	75-79	0.04651	0.20923	2.6	63381	13261	285102	699673	11.04
1970-1979	80-84	0.07813	0.32804	2.56	50119	16441	210424	414571	8.27
1970-1979	85-89	0.12766	0.48059	2.43	33678	16185	126782	204147	6.06
1970-1979	90-94	0.19713	0.64061	2.27	17493	11206	56845	77365	4.42
1970-1979	95-99	0.28560	0.77730	2.07	6287	4887	17110	20519	3.26
1970-1979	100-104	0.39857	0.88044	1.83	1400	1233	3093	3409	2.44
1970-1979	105-109	0.52360	0.94035	1.59	167	157	301	317	1.89
1970-1979	110+	0.62627	1.00000	1.6	10	10	16	16	1.60
1980-1989	0	0.01081	0.01070	0.08	100000	1070	99019	7777481	77.77
1980-1989	1-4	0.00053	0.00212	1.58	98930	210	395211	7678462	77.62
1980-1989	5-9	0.00024	0.00121	2.35	98720	119	493283	7283251	73.78
1980-1989	10-14	0.00023	0.00113	2.7	98601	112	492747	6789968	68.86
1980-1989	15-19	0.00053	0.00263	2.72	98489	259	491853	6297221	63.94
1980-1989	20-24	0.00062	0.00311	2.53	98230	306	490395	5805369	59.10
1980-1989	25-29	0.00071	0.00353	2.56	97924	346	488777	5314974	54.28
1980-1989	30-34	0.00089	0.00446	2.62	97578	435	486853	4826197	49.46
1980-1989	35-39	0.00125	0.00624	2.65	97143	606	484292	4339344	44.67
1980-1989	40-44	0.00194	0.00967	2.68	96537	933	480517	3855052	39.93
1980-1989	45-49	0.00311	0.01543	2.68	95604	1475	474596	3374534	35.30
1980-1989	50-54	0.00494	0.02444	2.67	94128	2300	465277	2899938	30.81
1980-1989	55-59	0.00758	0.03724	2.65	91828	3419	451106	2434661	26.51
1980-1989	60-64	0.01151	0.05602	2.63	88409	4953	430290	1983555	22.44
1980-1989	65-69	0.01687	0.08111	2.61	83456	6769	401119	1553265	18.61
1980-1989	70-74	0.02592	0.12209	2.63	76687	9363	361242	1152146	15.02
1980-1989	75-79	0.04064	0.18514	2.6	67324	12464	306682	790904	11.75
1980-1989	80-84	0.06931	0.29653	2.57	54860	16268	234723	484221	8.83
1980-1989	85-89	0.11441	0.44341	2.46	38592	17112	149571	249498	6.46
1980-1989	90-94	0.18344	0.61405	2.31	21480	13190	71903	99927	4.65
1980-1989	95-99	0.27328	0.76252	2.1	8290	6321	23132	28024	3.38
1980-1989	100-104	0.38943	0.87486	1.85	1969	1722	4423	4892	2.48
1980-1989	105-109	0.51972	0.93945	1.6	246	231	445	469	1.90
1980-1989	110+	0.62719	1.00000	1.59	15	15	24	24	1.59
1990-1999	0	0.00808	0.00802	0.08	100000	802	99258	7856906	78.57
1990-1999	1-4	0.00042	0.00166	1.59	99198	165	396393	7757648	78.20
1990-1999	5-9	0.00019	0.00094	2.37	99033	93	494920	7361255	74.33
1990-1999	10-14	0.00021	0.00103	2.78	98940	101	494475	6866335	69.40
1990-1999	15-19	0.00050	0.00248	2.69	98839	246	493624	6371860	64.47
1990-1999	20-24	0.00057	0.00285	2.55	98593	281	492276	5878236	59.62
1990-1999	25-29	0.00070	0.00350	2.59	98312	344	490731	5385960	54.78
1990-1999	30-34	0.00094	0.00470	2.62	97968	460	488747	4895229	49.97
1990-1999	35-39	0.00134	0.00666	2.64	97508	649	486008	4406482	45.19
1990-1999	40-44	0.00189	0.00938	2.65	96859	909	482155	3920474	40.48
1990-1999	45-49	0.00282	0.01402	2.67	95950	1345	476617	3438319	35.83
1990-1999	50-54	0.00439	0.02173	2.67	94605	2056	468234	2961702	31.31
1990-1999	55-59	0.00696	0.03425	2.67	92548	3169	455355	2493468	26.94
1990-1999	60-64	0.01085	0.05288	2.65	89379	4727	435780	2038113	22.80
1990-1999	65-69	0.01606	0.07734	2.63	84652	6547	407740	1602333	18.93
1990-1999	70-74	0.02482	0.11721	2.63	78105	9155	368805	1194593	15.29
1990-1999	75-79	0.03843	0.17599	2.61	68950	12134	315770	825788	11.98
1990-1999	80-84	0.06621	0.28521	2.57	56816	16204	244756	510019	8.98
1990-1999	85-89	0.11096	0.43374	2.48	40612	17615	158749	265263	6.53
1990-1999	90-94	0.18299	0.61398	2.32	22997	14119	77159	106514	4.63
1990-1999	95-99	0.27976	0.77167	2.1	8877	6850	24486	29355	3.31
1990-1999	100-104	0.40384	0.88523	1.83	2027	1794	4443	4869	2.40
1990-1999	105-109	0.54180	0.94693	1.57	233	220	407	425	1.83
1990-1999	110+	0.65432	1.00000	1.53	12	12	19	19	1.53
2000-2009	0	0.00710	0.00705	0.07	100000	705	99346	7918673	79.19
2000-2009	1-4	0.00031	0.00126	1.58	99295	125	396878	7819327	78.75
2000-2009	5-9	0.00014	0.00072	2.41	99170	71	495667	7422449	74.85
2000-2009	10-14	0.00016	0.00080	2.75	99099	80	495316	6926783	69.90
2000-2009	15-19	0.00043	0.00213	2.8	99019	211	494632	6431467	64.95
2000-2009	20-24	0.00056	0.00281	2.55	98808	278	493360	5936835	60.08
2000-2009	25-29	0.00068	0.00339	2.62	98530	334	491853	5443475	55.25
2000-2009	30-34	0.00088	0.00442	2.64	98196	434	489953	4951622	50.43
2000-2009	35-39	0.00130	0.00650	2.66	97762	635	487324	4461669	45.64
2000-2009	40-44	0.00203	0.01012	2.67	97127	983	483341	3974345	40.92
2000-2009	45-49	0.00301	0.01493	2.64	96144	1435	477332	3491003	36.31
2000-2009	50-54	0.00430	0.02128	2.62	94709	2016	468754	3013671	31.82
2000-2009	55-59	0.00625	0.03080	2.65	92693	2855	456771	2544917	27.46
2000-2009	60-64	0.00956	0.04676	2.65	89838	4201	439320	2088146	23.24
2000-2009	65-69	0.01449	0.07003	2.63	85637	5997	413998	1648827	19.25
2000-2009	70-74	0.02259	0.10721	2.64	79640	8538	378044	1234829	15.51
2000-2009	75-79	0.03659	0.16831	2.62	71102	11967	327084	856785	12.05
2000-2009	80-84	0.06441	0.27879	2.59	59135	16486	255969	529700	8.96
2000-2009	85-89	0.11180	0.43690	2.5	42648	18633	166670	273731	6.42
2000-2009	90-94	0.19072	0.63113	2.32	24015	15157	79472	107061	4.46
2000-2009	95-99	0.29939	0.79636	2.06	8858	7055	23563	27589	3.11
2000-2009	100-104	0.43709	0.90568	1.77	1804	1634	3738	4026	2.23
2000-2009	105-109	0.58594	0.95907	1.49	170	163	278	288	1.69
2000-2009	110+	0.70354	1.00000	1.42	7	7	10	10	1.42
2010-2019	0	0.00604	0.00601	0.07	100000	601	99441	8023059	80.23
2010-2019	1-4	0.00026	0.00103	1.58	99399	103	397348	7923618	79.72
2010-2019	5-9	0.00012	0.00059	2.42	99296	58	496331	7526270	75.80
2010-2019	10-14	0.00013	0.00066	2.76	99238	65	496043	7029940	70.84
2010-2019	15-19	0.00032	0.00159	2.87	99173	158	495526	6533897	65.88
2010-2019	20-24	0.00052	0.00259	2.61	99015	256	494461	6038371	60.98
2010-2019	25-29	0.00070	0.00347	2.62	98759	343	492978	5543910	56.14
2010-2019	30-34	0.00096	0.00481	2.62	98416	473	490953	5050932	51.32
2010-2019	35-39	0.00131	0.00651	2.62	97943	638	488199	4559978	46.56
2010-2019	40-44	0.00184	0.00916	2.66	97305	891	484437	4071779	41.85
2010-2019	45-49	0.00281	0.01396	2.67	96414	1346	478936	3587342	37.21
2010-2019	50-54	0.00435	0.02153	2.65	95068	2047	470537	3108405	32.70
2010-2019	55-59	0.00633	0.03116	2.62	93021	2898	458215	2637868	28.36
2010-2019	60-64	0.00888	0.04346	2.63	90123	3917	441313	2179653	24.19
2010-2019	65-69	0.01276	0.06193	2.64	86206	5339	418435	1738340	20.16
2010-2019	70-74	0.01973	0.09428	2.64	80868	7624	386347	1319905	16.32
2010-2019	75-79	0.03193	0.14843	2.64	73243	10872	340523	933557	12.75
2010-2019	80-84	0.05708	0.25115	2.61	62372	15665	274425	593034	9.51
2010-2019	85-89	0.10080	0.40342	2.53	46707	18843	186937	318609	6.82
2010-2019	90-94	0.17547	0.59939	2.36	27864	16702	95184	131672	4.73
2010-2019	95-99	0.28220	0.77645	2.1	11163	8667	30714	36488	3.27
2010-2019	100-104	0.42004	0.89656	1.8	2495	2237	5327	5774	2.31
2010-2019	105-109	0.57217	0.95598	1.52	258	247	431	448	1.73
2010-2019	110+	0.69373	1.00000	1.44	11	11	16	16	1.44
2020-2022	0	0.00577	0.00574	0.07	100000	574	99466	7866403	78.66
2020-2022	1-4	0.00027	0.00109	1.58	99426	108	397445	7766937	78.12
2020-2022	5-9	0.00012	0.00061	2.35	99318	60	496433	7369492	74.20
2020-2022	10-14	0.00015	0.00075	2.78	99258	74	496127	6873059	69.24
2020-2022	15-19	0.00038	0.00189	2.9	99184	187	495528	6376932	64.29
2020-2022	20-24	0.00068	0.00341	2.64	98997	338	494186	5881404	59.41
2020-2022	25-29	0.00096	0.00478	2.65	98659	471	492185	5387218	54.60
2020-2022	30-34	0.00134	0.00667	2.65	98188	655	489397	4895033	49.85
2020-2022	35-39	0.00181	0.00902	2.63	97533	880	485583	4405636	45.17
2020-2022	40-44	0.00248	0.01231	2.61	96653	1190	480416	3920053	40.56
2020-2022	45-49	0.00339	0.01681	2.64	95463	1605	473528	3439637	36.03
2020-2022	50-54	0.00491	0.02426	2.64	93859	2277	463914	2966109	31.60
2020-2022	55-59	0.00741	0.03643	2.65	91581	3336	450084	2502196	27.32
2020-2022	60-64	0.01088	0.05305	2.62	88245	4681	430089	2052112	23.25
2020-2022	65-69	0.01500	0.07240	2.6	83564	6050	403307	1622023	19.41
2020-2022	70-74	0.02228	0.10584	2.64	77514	8204	368185	1218716	15.72
2020-2022	75-79	0.03611	0.16637	2.64	69310	11531	319298	850531	12.27
2020-2022	80-84	0.06099	0.26602	2.6	57779	15370	252003	531233	9.19
2020-2022	85-89	0.10650	0.42086	2.51	42409	17848	167591	279230	6.58
2020-2022	90-94	0.18490	0.61963	2.34	24561	15219	82308	111639	4.55
2020-2022	95-99	0.29618	0.79317	2.07	9342	7410	25018	29331	3.14
2020-2022	100-104	0.43695	0.90597	1.77	1932	1751	4006	4312	2.23
2020-2022	105-109	0.58946	0.96005	1.49	182	174	296	306	1.69
2020-2022	110+	0.70956	1.00000	1.41	7	7	10	10	1.41
