Reg3: Reg3, Lifetables (period 1x10), Both sexes Last modified: February 4 2025, MPv5 (May07) 

Year     	Age	mx	qx	ax	lx	dx	Lx	Tx	ex
1941-1949	0	0.04570	0.04404	0.17	100000	4404	96366	6488525	64.89
1941-1949	1	0.00440	0.00439	0.5	95596	419	95386	6392159	66.87
1941-1949	2	0.00236	0.00235	0.5	95177	224	95065	6296773	66.16
1941-1949	3	0.00170	0.00170	0.5	94953	161	94872	6201709	65.31
1941-1949	4	0.00133	0.00133	0.5	94791	126	94728	6106837	64.42
1941-1949	5	0.00111	0.00111	0.5	94666	105	94613	6012108	63.51
1941-1949	6	0.00099	0.00099	0.5	94560	93	94514	5917495	62.58
1941-1949	7	0.00089	0.00089	0.5	94467	84	94425	5822982	61.64
1941-1949	8	0.00081	0.00081	0.5	94383	77	94345	5728557	60.69
1941-1949	9	0.00076	0.00076	0.5	94307	72	94271	5634212	59.74
1941-1949	10	0.00074	0.00074	0.5	94235	70	94200	5539941	58.79
1941-1949	11	0.00077	0.00077	0.5	94165	72	94129	5445741	57.83
1941-1949	12	0.00084	0.00084	0.5	94093	79	94053	5351612	56.88
1941-1949	13	0.00096	0.00096	0.5	94014	90	93969	5257559	55.92
1941-1949	14	0.00112	0.00111	0.5	93924	105	93872	5163590	54.98
1941-1949	15	0.00131	0.00131	0.5	93819	123	93758	5069718	54.04
1941-1949	16	0.00152	0.00152	0.5	93696	142	93625	4975961	53.11
1941-1949	17	0.00172	0.00172	0.5	93554	160	93474	4882336	52.19
1941-1949	18	0.00192	0.00192	0.5	93394	179	93304	4788862	51.28
1941-1949	19	0.00212	0.00212	0.5	93214	198	93116	4695558	50.37
1941-1949	20	0.00232	0.00231	0.5	93017	215	92909	4602442	49.48
1941-1949	21	0.00248	0.00248	0.5	92802	230	92687	4509533	48.59
1941-1949	22	0.00260	0.00260	0.5	92572	240	92452	4416846	47.71
1941-1949	23	0.00268	0.00267	0.5	92331	247	92208	4324395	46.84
1941-1949	24	0.00271	0.00271	0.5	92084	249	91960	4232187	45.96
1941-1949	25	0.00270	0.00270	0.5	91835	248	91711	4140227	45.08
1941-1949	26	0.00271	0.00270	0.5	91587	248	91464	4048516	44.20
1941-1949	27	0.00274	0.00273	0.5	91340	250	91215	3957052	43.32
1941-1949	28	0.00280	0.00280	0.5	91090	255	90963	3865837	42.44
1941-1949	29	0.00289	0.00289	0.5	90835	262	90704	3774875	41.56
1941-1949	30	0.00301	0.00301	0.5	90573	272	90437	3684171	40.68
1941-1949	31	0.00313	0.00313	0.5	90300	282	90159	3593734	39.80
1941-1949	32	0.00327	0.00327	0.5	90018	294	89871	3503575	38.92
1941-1949	33	0.00345	0.00344	0.5	89724	309	89570	3413704	38.05
1941-1949	34	0.00365	0.00364	0.5	89415	325	89253	3324134	37.18
1941-1949	35	0.00389	0.00389	0.5	89090	346	88917	3234881	36.31
1941-1949	36	0.00414	0.00413	0.5	88744	367	88560	3145965	35.45
1941-1949	37	0.00441	0.00440	0.5	88377	389	88183	3057404	34.59
1941-1949	38	0.00474	0.00472	0.5	87989	416	87781	2969221	33.75
1941-1949	39	0.00508	0.00507	0.5	87573	444	87351	2881441	32.90
1941-1949	40	0.00541	0.00539	0.5	87129	470	86894	2794090	32.07
1941-1949	41	0.00569	0.00568	0.5	86659	492	86414	2707195	31.24
1941-1949	42	0.00607	0.00605	0.5	86168	522	85907	2620782	30.41
1941-1949	43	0.00654	0.00652	0.5	85646	558	85367	2534875	29.60
1941-1949	44	0.00698	0.00696	0.5	85088	592	84791	2449508	28.79
1941-1949	45	0.00750	0.00747	0.5	84495	631	84180	2364717	27.99
1941-1949	46	0.00800	0.00797	0.5	83864	668	83530	2280537	27.19
1941-1949	47	0.00855	0.00851	0.5	83196	708	82842	2197007	26.41
1941-1949	48	0.00928	0.00924	0.5	82488	762	82107	2114165	25.63
1941-1949	49	0.01016	0.01011	0.5	81726	826	81313	2032058	24.86
1941-1949	50	0.01118	0.01112	0.5	80900	899	80450	1950745	24.11
1941-1949	51	0.01196	0.01188	0.5	80000	951	79525	1870295	23.38
1941-1949	52	0.01273	0.01265	0.5	79050	1000	78550	1790770	22.65
1941-1949	53	0.01364	0.01354	0.5	78050	1057	77521	1712220	21.94
1941-1949	54	0.01450	0.01440	0.5	76992	1109	76438	1634699	21.23
1941-1949	55	0.01544	0.01532	0.5	75884	1163	75302	1558261	20.53
1941-1949	56	0.01632	0.01618	0.5	74721	1209	74116	1482959	19.85
1941-1949	57	0.01722	0.01708	0.5	73512	1255	72884	1408842	19.16
1941-1949	58	0.01832	0.01815	0.5	72256	1311	71601	1335958	18.49
1941-1949	59	0.01945	0.01926	0.5	70945	1367	70262	1264358	17.82
1941-1949	60	0.02065	0.02044	0.5	69578	1422	68867	1194096	17.16
1941-1949	61	0.02172	0.02148	0.5	68156	1464	67424	1125229	16.51
1941-1949	62	0.02306	0.02280	0.5	66692	1521	65932	1057804	15.86
1941-1949	63	0.02494	0.02464	0.5	65172	1606	64369	991872	15.22
1941-1949	64	0.02706	0.02670	0.5	63566	1697	62718	927503	14.59
1941-1949	65	0.02981	0.02937	0.5	61869	1817	60960	864786	13.98
1941-1949	66	0.03229	0.03178	0.5	60052	1908	59098	803825	13.39
1941-1949	67	0.03465	0.03406	0.5	58143	1980	57153	744728	12.81
1941-1949	68	0.03763	0.03694	0.5	56163	2074	55126	687574	12.24
1941-1949	69	0.04061	0.03980	0.5	54089	2153	53013	632448	11.69
1941-1949	70	0.04377	0.04283	0.5	51936	2225	50824	579436	11.16
1941-1949	71	0.04655	0.04549	0.5	49712	2262	48581	528612	10.63
1941-1949	72	0.04993	0.04871	0.5	47450	2311	46294	480031	10.12
1941-1949	73	0.05440	0.05296	0.5	45139	2391	43943	433737	9.61
1941-1949	74	0.05905	0.05736	0.5	42748	2452	41522	389793	9.12
1941-1949	75	0.06469	0.06266	0.5	40296	2525	39034	348271	8.64
1941-1949	76	0.07029	0.06790	0.5	37771	2565	36489	309237	8.19
1941-1949	77	0.07601	0.07322	0.5	35206	2578	33917	272749	7.75
1941-1949	78	0.08325	0.07992	0.5	32628	2608	31324	238831	7.32
1941-1949	79	0.09090	0.08694	0.5	30021	2610	28715	207507	6.91
1941-1949	80	0.10231	0.09733	0.5	27410	2668	26077	178791	6.52
1941-1949	81	0.11142	0.10554	0.5	24743	2611	23437	152715	6.17
1941-1949	82	0.12121	0.11428	0.5	22131	2529	20867	129278	5.84
1941-1949	83	0.13189	0.12373	0.5	19602	2425	18389	108411	5.53
1941-1949	84	0.14341	0.13382	0.5	17177	2299	16027	90022	5.24
1941-1949	85	0.15565	0.14441	0.5	14878	2149	13804	73995	4.97
1941-1949	86	0.16858	0.15547	0.5	12730	1979	11740	60191	4.73
1941-1949	87	0.18241	0.16717	0.5	10751	1797	9852	48451	4.51
1941-1949	88	0.19681	0.17918	0.5	8953	1604	8151	38599	4.31
1941-1949	89	0.21038	0.19035	0.5	7349	1399	6650	30447	4.14
1941-1949	90	0.22099	0.19900	0.5	5950	1184	5358	23798	4.00
1941-1949	91	0.22888	0.20538	0.5	4766	979	4277	18440	3.87
1941-1949	92	0.23400	0.20949	0.5	3787	793	3391	14163	3.74
1941-1949	93	0.23595	0.21105	0.5	2994	632	2678	10772	3.60
1941-1949	94	0.23618	0.21124	0.5	2362	499	2113	8094	3.43
1941-1949	95	0.27321	0.24038	0.5	1863	448	1639	5982	3.21
1941-1949	96	0.28852	0.25214	0.5	1415	357	1237	4343	3.07
1941-1949	97	0.30432	0.26413	0.5	1058	280	919	3106	2.93
1941-1949	98	0.32061	0.27631	0.5	779	215	671	2187	2.81
1941-1949	99	0.33734	0.28865	0.5	564	163	482	1516	2.69
1941-1949	100	0.35450	0.30113	0.5	401	121	341	1034	2.58
1941-1949	101	0.37205	0.31369	0.5	280	88	236	693	2.47
1941-1949	102	0.38994	0.32632	0.5	192	63	161	457	2.38
1941-1949	103	0.40814	0.33897	0.5	130	44	108	296	2.28
1941-1949	104	0.42660	0.35160	0.5	86	30	71	188	2.20
1941-1949	105	0.44527	0.36419	0.5	56	20	45	118	2.12
1941-1949	106	0.46410	0.37669	0.5	35	13	29	72	2.05
1941-1949	107	0.48305	0.38908	0.5	22	9	18	44	1.98
1941-1949	108	0.50204	0.40131	0.5	13	5	11	26	1.92
1941-1949	109	0.52104	0.41335	0.5	8	3	6	15	1.88
1941-1949	110+	0.53998	1.00000	1.85	5	5	9	9	1.85
1950-1959	0	0.03304	0.03212	0.14	100000	3212	97237	6842811	68.43
1950-1959	1	0.00249	0.00249	0.5	96788	241	96667	6745575	69.69
1950-1959	2	0.00146	0.00146	0.5	96547	141	96476	6648907	68.87
1950-1959	3	0.00105	0.00105	0.5	96406	101	96355	6552431	67.97
1950-1959	4	0.00082	0.00082	0.5	96305	79	96266	6456075	67.04
1950-1959	5	0.00070	0.00070	0.5	96226	67	96193	6359810	66.09
1950-1959	6	0.00063	0.00063	0.5	96159	61	96129	6263617	65.14
1950-1959	7	0.00057	0.00057	0.5	96098	54	96071	6167489	64.18
1950-1959	8	0.00052	0.00052	0.5	96044	50	96019	6071417	63.21
1950-1959	9	0.00049	0.00049	0.5	95994	47	95971	5975398	62.25
1950-1959	10	0.00047	0.00047	0.5	95948	45	95925	5879427	61.28
1950-1959	11	0.00049	0.00049	0.5	95902	47	95879	5783502	60.31
1950-1959	12	0.00054	0.00054	0.5	95856	52	95830	5687623	59.34
1950-1959	13	0.00061	0.00061	0.5	95804	58	95775	5591793	58.37
1950-1959	14	0.00072	0.00072	0.5	95746	69	95711	5496018	57.40
1950-1959	15	0.00087	0.00087	0.5	95677	83	95635	5400307	56.44
1950-1959	16	0.00102	0.00102	0.5	95594	98	95545	5304672	55.49
1950-1959	17	0.00116	0.00116	0.5	95496	110	95440	5209127	54.55
1950-1959	18	0.00128	0.00128	0.5	95385	122	95324	5113687	53.61
1950-1959	19	0.00138	0.00137	0.5	95263	131	95198	5018362	52.68
1950-1959	20	0.00147	0.00147	0.5	95132	140	95062	4923165	51.75
1950-1959	21	0.00154	0.00154	0.5	94992	146	94919	4828102	50.83
1950-1959	22	0.00160	0.00160	0.5	94846	152	94770	4733183	49.90
1950-1959	23	0.00162	0.00162	0.5	94695	154	94618	4638412	48.98
1950-1959	24	0.00166	0.00166	0.5	94541	157	94463	4543795	48.06
1950-1959	25	0.00169	0.00168	0.5	94384	159	94305	4449332	47.14
1950-1959	26	0.00172	0.00171	0.5	94225	161	94145	4355027	46.22
1950-1959	27	0.00174	0.00174	0.5	94064	164	93982	4260882	45.30
1950-1959	28	0.00179	0.00179	0.5	93900	168	93816	4166900	44.38
1950-1959	29	0.00186	0.00186	0.5	93732	174	93645	4073084	43.45
1950-1959	30	0.00193	0.00193	0.5	93558	180	93468	3979440	42.53
1950-1959	31	0.00204	0.00204	0.5	93377	190	93282	3885972	41.62
1950-1959	32	0.00216	0.00216	0.5	93187	201	93086	3792690	40.70
1950-1959	33	0.00230	0.00229	0.5	92986	213	92879	3699603	39.79
1950-1959	34	0.00246	0.00246	0.5	92772	228	92658	3606724	38.88
1950-1959	35	0.00262	0.00262	0.5	92544	242	92423	3514066	37.97
1950-1959	36	0.00281	0.00281	0.5	92302	259	92172	3421643	37.07
1950-1959	37	0.00304	0.00304	0.5	92043	279	91903	3329471	36.17
1950-1959	38	0.00331	0.00331	0.5	91763	304	91611	3237568	35.28
1950-1959	39	0.00359	0.00358	0.5	91460	328	91296	3145956	34.40
1950-1959	40	0.00388	0.00387	0.5	91132	353	90955	3054661	33.52
1950-1959	41	0.00417	0.00416	0.5	90779	378	90590	2963705	32.65
1950-1959	42	0.00456	0.00455	0.5	90401	411	90195	2873116	31.78
1950-1959	43	0.00489	0.00488	0.5	89990	439	89770	2782920	30.92
1950-1959	44	0.00529	0.00528	0.5	89550	473	89314	2693150	30.07
1950-1959	45	0.00573	0.00571	0.5	89078	509	88823	2603836	29.23
1950-1959	46	0.00622	0.00620	0.5	88569	549	88294	2515013	28.40
1950-1959	47	0.00684	0.00681	0.5	88020	600	87720	2426719	27.57
1950-1959	48	0.00752	0.00750	0.5	87420	655	87092	2338999	26.76
1950-1959	49	0.00819	0.00815	0.5	86765	707	86411	2251906	25.95
1950-1959	50	0.00889	0.00885	0.5	86058	762	85677	2165495	25.16
1950-1959	51	0.00967	0.00963	0.5	85296	821	84885	2079818	24.38
1950-1959	52	0.01061	0.01055	0.5	84475	891	84029	1994933	23.62
1950-1959	53	0.01144	0.01137	0.5	83583	950	83108	1910904	22.86
1950-1959	54	0.01236	0.01229	0.5	82633	1015	82125	1827796	22.12
1950-1959	55	0.01313	0.01304	0.5	81618	1065	81085	1745671	21.39
1950-1959	56	0.01402	0.01393	0.5	80553	1122	79992	1664585	20.66
1950-1959	57	0.01495	0.01484	0.5	79431	1179	78842	1584593	19.95
1950-1959	58	0.01632	0.01618	0.5	78252	1266	77619	1505752	19.24
1950-1959	59	0.01754	0.01739	0.5	76986	1339	76316	1428133	18.55
1950-1959	60	0.01858	0.01841	0.5	75647	1393	74950	1351817	17.87
1950-1959	61	0.01978	0.01959	0.5	74254	1455	73527	1276866	17.20
1950-1959	62	0.02154	0.02131	0.5	72800	1551	72024	1203339	16.53
1950-1959	63	0.02336	0.02309	0.5	71248	1645	70426	1131315	15.88
1950-1959	64	0.02526	0.02495	0.5	69603	1736	68735	1060890	15.24
1950-1959	65	0.02755	0.02717	0.5	67867	1844	66945	992155	14.62
1950-1959	66	0.02947	0.02904	0.5	66023	1917	65064	925210	14.01
1950-1959	67	0.03212	0.03161	0.5	64105	2026	63092	860146	13.42
1950-1959	68	0.03440	0.03382	0.5	62079	2100	61029	797054	12.84
1950-1959	69	0.03675	0.03609	0.5	59979	2165	58897	736025	12.27
1950-1959	70	0.03959	0.03882	0.5	57815	2244	56692	677128	11.71
1950-1959	71	0.04209	0.04122	0.5	55570	2291	54425	620436	11.16
1950-1959	72	0.04591	0.04488	0.5	53279	2391	52084	566011	10.62
1950-1959	73	0.04961	0.04841	0.5	50888	2463	49657	513927	10.10
1950-1959	74	0.05426	0.05283	0.5	48425	2558	47146	464270	9.59
1950-1959	75	0.05939	0.05768	0.5	45867	2646	44544	417124	9.09
1950-1959	76	0.06424	0.06224	0.5	43221	2690	41876	372580	8.62
1950-1959	77	0.06990	0.06754	0.5	40531	2737	39162	330704	8.16
1950-1959	78	0.07693	0.07408	0.5	37794	2800	36394	291542	7.71
1950-1959	79	0.08412	0.08072	0.5	34994	2825	33581	255148	7.29
1950-1959	80	0.09268	0.08857	0.5	32169	2849	30744	221566	6.89
1950-1959	81	0.10005	0.09528	0.5	29320	2794	27923	190822	6.51
1950-1959	82	0.11032	0.10456	0.5	26526	2773	25139	162899	6.14
1950-1959	83	0.12056	0.11370	0.5	23753	2701	22402	137759	5.80
1950-1959	84	0.13189	0.12373	0.5	21052	2605	19750	115357	5.48
1950-1959	85	0.14233	0.13288	0.5	18447	2451	17222	95608	5.18
1950-1959	86	0.15484	0.14372	0.5	15996	2299	14847	78386	4.90
1950-1959	87	0.16874	0.15561	0.5	13697	2131	12631	63539	4.64
1950-1959	88	0.18194	0.16677	0.5	11566	1929	10601	50908	4.40
1950-1959	89	0.19825	0.18037	0.5	9637	1738	8768	40307	4.18
1950-1959	90	0.21191	0.19161	0.5	7899	1513	7142	31539	3.99
1950-1959	91	0.21925	0.19759	0.5	6385	1262	5754	24397	3.82
1950-1959	92	0.23179	0.20771	0.5	5123	1064	4591	18643	3.64
1950-1959	93	0.24188	0.21578	0.5	4059	876	3621	14052	3.46
1950-1959	94	0.25084	0.22288	0.5	3183	710	2829	10430	3.28
1950-1959	95	0.28235	0.24742	0.5	2474	612	2168	7602	3.07
1950-1959	96	0.30068	0.26138	0.5	1862	487	1618	5434	2.92
1950-1959	97	0.31970	0.27564	0.5	1375	379	1186	3815	2.77
1950-1959	98	0.33935	0.29013	0.5	996	289	852	2630	2.64
1950-1959	99	0.35960	0.30480	0.5	707	216	599	1778	2.51
1950-1959	100	0.38038	0.31960	0.5	492	157	413	1179	2.40
1950-1959	101	0.40163	0.33447	0.5	334	112	279	766	2.29
1950-1959	102	0.42328	0.34935	0.5	223	78	184	487	2.19
1950-1959	103	0.44525	0.36418	0.5	145	53	118	304	2.10
1950-1959	104	0.46746	0.37890	0.5	92	35	75	185	2.01
1950-1959	105	0.48982	0.39346	0.5	57	23	46	110	1.93
1950-1959	106	0.51224	0.40779	0.5	35	14	28	64	1.86
1950-1959	107	0.53463	0.42186	0.5	21	9	16	37	1.79
1950-1959	108	0.55690	0.43560	0.5	12	5	9	21	1.74
1950-1959	109	0.57896	0.44899	0.5	7	3	5	11	1.69
1950-1959	110+	0.60073	1.00000	1.66	4	4	6	6	1.66
1960-1969	0	0.02812	0.02744	0.13	100000	2744	97602	6934954	69.35
1960-1969	1	0.00197	0.00196	0.5	97256	191	97160	6837351	70.30
1960-1969	2	0.00115	0.00115	0.5	97065	112	97009	6740191	69.44
1960-1969	3	0.00087	0.00087	0.5	96953	84	96911	6643182	68.52
1960-1969	4	0.00071	0.00071	0.5	96869	68	96835	6546271	67.58
1960-1969	5	0.00061	0.00061	0.5	96800	59	96771	6449437	66.63
1960-1969	6	0.00055	0.00055	0.5	96741	53	96715	6352666	65.67
1960-1969	7	0.00049	0.00049	0.5	96688	48	96665	6255951	64.70
1960-1969	8	0.00045	0.00045	0.5	96641	43	96619	6159286	63.73
1960-1969	9	0.00042	0.00042	0.5	96597	41	96577	6062667	62.76
1960-1969	10	0.00041	0.00041	0.5	96557	39	96537	5966090	61.79
1960-1969	11	0.00042	0.00042	0.5	96517	41	96497	5869553	60.81
1960-1969	12	0.00045	0.00045	0.5	96477	43	96455	5773056	59.84
1960-1969	13	0.00052	0.00052	0.5	96433	50	96408	5676601	58.87
1960-1969	14	0.00063	0.00063	0.5	96383	60	96353	5580192	57.90
1960-1969	15	0.00076	0.00076	0.5	96323	73	96287	5483839	56.93
1960-1969	16	0.00097	0.00097	0.5	96250	93	96203	5387552	55.97
1960-1969	17	0.00114	0.00114	0.5	96157	109	96102	5291349	55.03
1960-1969	18	0.00132	0.00132	0.5	96047	127	95984	5195247	54.09
1960-1969	19	0.00140	0.00139	0.5	95921	134	95854	5099263	53.16
1960-1969	20	0.00139	0.00139	0.5	95787	133	95721	5003409	52.23
1960-1969	21	0.00147	0.00147	0.5	95654	141	95584	4907689	51.31
1960-1969	22	0.00151	0.00151	0.5	95514	144	95441	4812105	50.38
1960-1969	23	0.00148	0.00148	0.5	95369	141	95299	4716663	49.46
1960-1969	24	0.00147	0.00147	0.5	95229	140	95159	4621364	48.53
1960-1969	25	0.00152	0.00151	0.5	95088	144	95016	4526206	47.60
1960-1969	26	0.00154	0.00154	0.5	94944	146	94871	4431189	46.67
1960-1969	27	0.00156	0.00156	0.5	94798	148	94724	4336318	45.74
1960-1969	28	0.00165	0.00164	0.5	94650	156	94572	4241594	44.81
1960-1969	29	0.00165	0.00165	0.5	94494	156	94417	4147022	43.89
1960-1969	30	0.00177	0.00177	0.5	94339	167	94255	4052605	42.96
1960-1969	31	0.00182	0.00182	0.5	94172	172	94086	3958350	42.03
1960-1969	32	0.00197	0.00197	0.5	94000	185	93907	3864264	41.11
1960-1969	33	0.00210	0.00210	0.5	93815	197	93716	3770357	40.19
1960-1969	34	0.00226	0.00226	0.5	93618	211	93512	3676641	39.27
1960-1969	35	0.00245	0.00245	0.5	93406	229	93292	3583129	38.36
1960-1969	36	0.00259	0.00259	0.5	93178	241	93057	3489837	37.45
1960-1969	37	0.00279	0.00278	0.5	92936	259	92807	3396780	36.55
1960-1969	38	0.00310	0.00309	0.5	92678	287	92534	3303973	35.65
1960-1969	39	0.00332	0.00332	0.5	92391	306	92238	3211439	34.76
1960-1969	40	0.00365	0.00364	0.5	92084	335	91917	3119201	33.87
1960-1969	41	0.00388	0.00387	0.5	91749	355	91571	3027284	33.00
1960-1969	42	0.00441	0.00440	0.5	91393	402	91193	2935713	32.12
1960-1969	43	0.00472	0.00471	0.5	90992	428	90778	2844521	31.26
1960-1969	44	0.00506	0.00505	0.5	90563	457	90335	2753743	30.41
1960-1969	45	0.00552	0.00551	0.5	90106	496	89858	2663408	29.56
1960-1969	46	0.00590	0.00588	0.5	89610	527	89346	2573551	28.72
1960-1969	47	0.00657	0.00655	0.5	89083	584	88791	2484205	27.89
1960-1969	48	0.00711	0.00708	0.5	88499	627	88186	2395414	27.07
1960-1969	49	0.00769	0.00766	0.5	87872	673	87536	2307228	26.26
1960-1969	50	0.00860	0.00857	0.5	87199	747	86825	2219693	25.46
1960-1969	51	0.00899	0.00895	0.5	86452	774	86065	2132867	24.67
1960-1969	52	0.01019	0.01014	0.5	85678	869	85244	2046802	23.89
1960-1969	53	0.01080	0.01074	0.5	84810	911	84354	1961558	23.13
1960-1969	54	0.01166	0.01160	0.5	83899	973	83412	1877204	22.37
1960-1969	55	0.01251	0.01243	0.5	82926	1031	82410	1793792	21.63
1960-1969	56	0.01342	0.01333	0.5	81895	1091	81349	1711381	20.90
1960-1969	57	0.01434	0.01423	0.5	80803	1150	80228	1630032	20.17
1960-1969	58	0.01564	0.01552	0.5	79653	1236	79035	1549804	19.46
1960-1969	59	0.01674	0.01661	0.5	78417	1302	77766	1470769	18.76
1960-1969	60	0.01842	0.01826	0.5	77115	1408	76411	1393003	18.06
1960-1969	61	0.01878	0.01861	0.5	75707	1409	75003	1316593	17.39
1960-1969	62	0.02164	0.02141	0.5	74298	1591	73503	1241590	16.71
1960-1969	63	0.02268	0.02243	0.5	72707	1630	71892	1168087	16.07
1960-1969	64	0.02448	0.02419	0.5	71077	1719	70217	1096195	15.42
1960-1969	65	0.02802	0.02763	0.5	69358	1916	68400	1025978	14.79
1960-1969	66	0.02840	0.02800	0.5	67441	1889	66497	957578	14.20
1960-1969	67	0.03151	0.03102	0.5	65553	2033	64536	891081	13.59
1960-1969	68	0.03365	0.03309	0.5	63520	2102	62469	826545	13.01
1960-1969	69	0.03535	0.03473	0.5	61417	2133	60351	764076	12.44
1960-1969	70	0.03955	0.03878	0.5	59284	2299	58135	703725	11.87
1960-1969	71	0.04008	0.03930	0.5	56985	2239	55865	645591	11.33
1960-1969	72	0.04643	0.04537	0.5	54746	2484	53504	589725	10.77
1960-1969	73	0.04900	0.04783	0.5	52262	2500	51012	536222	10.26
1960-1969	74	0.05313	0.05176	0.5	49762	2575	48474	485210	9.75
1960-1969	75	0.05853	0.05686	0.5	47187	2683	45845	436736	9.26
1960-1969	76	0.06204	0.06017	0.5	44503	2678	43164	390891	8.78
1960-1969	77	0.06518	0.06313	0.5	41826	2640	40505	347726	8.31
1960-1969	78	0.07270	0.07015	0.5	39185	2749	37811	307221	7.84
1960-1969	79	0.07847	0.07551	0.5	36436	2751	35061	269410	7.39
1960-1969	80	0.09067	0.08674	0.5	33685	2922	32224	234349	6.96
1960-1969	81	0.09251	0.08842	0.5	30763	2720	29403	202125	6.57
1960-1969	82	0.10600	0.10066	0.5	28043	2823	26632	172722	6.16
1960-1969	83	0.11765	0.11111	0.5	25220	2802	23819	146090	5.79
1960-1969	84	0.13099	0.12294	0.5	22418	2756	21040	122271	5.45
1960-1969	85	0.14093	0.13166	0.5	19662	2589	18368	101231	5.15
1960-1969	86	0.15434	0.14328	0.5	17073	2446	15850	82863	4.85
1960-1969	87	0.16903	0.15586	0.5	14627	2280	13487	67013	4.58
1960-1969	88	0.18040	0.16548	0.5	12347	2043	11326	53525	4.33
1960-1969	89	0.19631	0.17876	0.5	10304	1842	9383	42200	4.10
1960-1969	90	0.21472	0.19391	0.5	8462	1641	7642	32817	3.88
1960-1969	91	0.21941	0.19772	0.5	6821	1349	6147	25175	3.69
1960-1969	92	0.23981	0.21414	0.5	5473	1172	4887	19028	3.48
1960-1969	93	0.25764	0.22823	0.5	4301	982	3810	14141	3.29
1960-1969	94	0.27482	0.24162	0.5	3319	802	2918	10331	3.11
1960-1969	95	0.29437	0.25660	0.5	2517	646	2194	7413	2.95
1960-1969	96	0.31472	0.27193	0.5	1871	509	1617	5219	2.79
1960-1969	97	0.33583	0.28755	0.5	1362	392	1167	3602	2.64
1960-1969	98	0.35766	0.30340	0.5	971	294	823	2436	2.51
1960-1969	99	0.38012	0.31941	0.5	676	216	568	1612	2.38
1960-1969	100	0.40315	0.33552	0.5	460	154	383	1044	2.27
1960-1969	101	0.42664	0.35163	0.5	306	108	252	661	2.16
1960-1969	102	0.45050	0.36768	0.5	198	73	162	409	2.06
1960-1969	103	0.47461	0.38359	0.5	125	48	101	247	1.97
1960-1969	104	0.49888	0.39928	0.5	77	31	62	146	1.89
1960-1969	105	0.52318	0.41470	0.5	46	19	37	84	1.81
1960-1969	106	0.54740	0.42977	0.5	27	12	21	47	1.74
1960-1969	107	0.57141	0.44444	0.5	15	7	12	26	1.68
1960-1969	108	0.59512	0.45865	0.5	9	4	7	14	1.63
1960-1969	109	0.61842	0.47236	0.5	5	2	4	7	1.59
1960-1969	110+	0.64120	1.00000	1.56	2	2	4	4	1.56
1970-1979	0	0.01886	0.01855	0.1	100000	1855	98332	7143485	71.43
1970-1979	1	0.00128	0.00128	0.5	98145	125	98082	7045154	71.78
1970-1979	2	0.00084	0.00084	0.5	98020	83	97978	6947071	70.87
1970-1979	3	0.00065	0.00065	0.5	97937	63	97905	6849093	69.93
1970-1979	4	0.00054	0.00054	0.5	97874	53	97847	6751188	68.98
1970-1979	5	0.00049	0.00049	0.5	97821	48	97796	6653340	68.02
1970-1979	6	0.00045	0.00045	0.5	97772	44	97750	6555544	67.05
1970-1979	7	0.00041	0.00041	0.5	97729	40	97709	6457794	66.08
1970-1979	8	0.00037	0.00037	0.5	97689	36	97671	6360085	65.11
1970-1979	9	0.00036	0.00036	0.5	97652	35	97635	6262414	64.13
1970-1979	10	0.00035	0.00035	0.5	97617	34	97600	6164779	63.15
1970-1979	11	0.00035	0.00035	0.5	97583	34	97566	6067179	62.17
1970-1979	12	0.00038	0.00038	0.5	97549	37	97530	5969613	61.20
1970-1979	13	0.00046	0.00046	0.5	97512	45	97489	5872083	60.22
1970-1979	14	0.00057	0.00057	0.5	97467	55	97439	5774594	59.25
1970-1979	15	0.00072	0.00072	0.5	97411	70	97376	5677155	58.28
1970-1979	16	0.00097	0.00097	0.5	97341	94	97294	5579779	57.32
1970-1979	17	0.00116	0.00116	0.5	97247	113	97190	5482485	56.38
1970-1979	18	0.00136	0.00136	0.5	97134	132	97068	5385295	55.44
1970-1979	19	0.00143	0.00142	0.5	97002	138	96933	5288227	54.52
1970-1979	20	0.00141	0.00141	0.5	96864	137	96796	5191294	53.59
1970-1979	21	0.00146	0.00145	0.5	96727	141	96657	5094498	52.67
1970-1979	22	0.00146	0.00146	0.5	96587	141	96516	4997842	51.74
1970-1979	23	0.00145	0.00145	0.5	96445	140	96375	4901326	50.82
1970-1979	24	0.00144	0.00144	0.5	96305	138	96236	4804950	49.89
1970-1979	25	0.00147	0.00147	0.5	96167	141	96096	4708714	48.96
1970-1979	26	0.00145	0.00145	0.5	96026	139	95957	4612618	48.04
1970-1979	27	0.00149	0.00149	0.5	95887	143	95816	4516661	47.10
1970-1979	28	0.00150	0.00149	0.5	95744	143	95673	4420845	46.17
1970-1979	29	0.00155	0.00155	0.5	95601	148	95527	4325173	45.24
1970-1979	30	0.00156	0.00156	0.5	95453	149	95378	4229646	44.31
1970-1979	31	0.00162	0.00162	0.5	95304	154	95227	4134267	43.38
1970-1979	32	0.00174	0.00174	0.5	95150	165	95067	4039041	42.45
1970-1979	33	0.00181	0.00181	0.5	94985	172	94899	3943973	41.52
1970-1979	34	0.00196	0.00196	0.5	94813	185	94720	3849075	40.60
1970-1979	35	0.00210	0.00210	0.5	94628	199	94528	3754354	39.68
1970-1979	36	0.00226	0.00226	0.5	94429	213	94322	3659826	38.76
1970-1979	37	0.00246	0.00245	0.5	94216	231	94100	3565504	37.84
1970-1979	38	0.00270	0.00270	0.5	93985	254	93858	3471404	36.94
1970-1979	39	0.00294	0.00293	0.5	93731	275	93594	3377546	36.03
1970-1979	40	0.00319	0.00319	0.5	93456	298	93307	3283953	35.14
1970-1979	41	0.00342	0.00342	0.5	93158	318	92999	3190646	34.25
1970-1979	42	0.00391	0.00390	0.5	92840	362	92659	3097647	33.37
1970-1979	43	0.00415	0.00414	0.5	92478	383	92286	3004988	32.49
1970-1979	44	0.00459	0.00458	0.5	92095	422	91884	2912702	31.63
1970-1979	45	0.00497	0.00495	0.5	91673	454	91446	2820818	30.77
1970-1979	46	0.00545	0.00543	0.5	91219	496	90971	2729372	29.92
1970-1979	47	0.00595	0.00593	0.5	90723	538	90454	2638401	29.08
1970-1979	48	0.00646	0.00644	0.5	90185	581	89895	2547947	28.25
1970-1979	49	0.00699	0.00696	0.5	89605	624	89293	2458052	27.43
1970-1979	50	0.00774	0.00771	0.5	88981	686	88637	2368759	26.62
1970-1979	51	0.00821	0.00818	0.5	88294	722	87933	2280122	25.82
1970-1979	52	0.00908	0.00904	0.5	87572	792	87176	2192189	25.03
1970-1979	53	0.00967	0.00962	0.5	86780	835	86363	2105013	24.26
1970-1979	54	0.01044	0.01039	0.5	85945	893	85498	2018650	23.49
1970-1979	55	0.01122	0.01116	0.5	85052	949	84577	1933152	22.73
1970-1979	56	0.01223	0.01216	0.5	84103	1023	83592	1848574	21.98
1970-1979	57	0.01322	0.01313	0.5	83080	1091	82535	1764983	21.24
1970-1979	58	0.01421	0.01411	0.5	81990	1157	81411	1682448	20.52
1970-1979	59	0.01534	0.01523	0.5	80832	1231	80217	1601037	19.81
1970-1979	60	0.01652	0.01638	0.5	79601	1304	78950	1520820	19.11
1970-1979	61	0.01762	0.01747	0.5	78298	1368	77614	1441871	18.42
1970-1979	62	0.01967	0.01947	0.5	76930	1498	76181	1364257	17.73
1970-1979	63	0.02079	0.02057	0.5	75432	1552	74656	1288076	17.08
1970-1979	64	0.02227	0.02203	0.5	73880	1627	73066	1213420	16.42
1970-1979	65	0.02394	0.02366	0.5	72253	1709	71398	1140354	15.78
1970-1979	66	0.02502	0.02472	0.5	70543	1743	69671	1068956	15.15
1970-1979	67	0.02705	0.02669	0.5	68800	1836	67882	999284	14.52
1970-1979	68	0.02906	0.02864	0.5	66963	1918	66004	931403	13.91
1970-1979	69	0.03125	0.03077	0.5	65045	2001	64045	865399	13.30
1970-1979	70	0.03486	0.03426	0.5	63044	2160	61964	801354	12.71
1970-1979	71	0.03632	0.03567	0.5	60884	2172	59798	739390	12.14
1970-1979	72	0.04051	0.03971	0.5	58712	2331	57546	679592	11.58
1970-1979	73	0.04319	0.04228	0.5	56381	2384	55189	622046	11.03
1970-1979	74	0.04700	0.04592	0.5	53997	2480	52757	566857	10.50
1970-1979	75	0.05119	0.04992	0.5	51517	2572	50232	514100	9.98
1970-1979	76	0.05463	0.05318	0.5	48946	2603	47644	463868	9.48
1970-1979	77	0.05903	0.05734	0.5	46343	2657	45014	416224	8.98
1970-1979	78	0.06503	0.06298	0.5	43686	2752	42310	371210	8.50
1970-1979	79	0.07047	0.06808	0.5	40934	2787	39541	328900	8.03
1970-1979	80	0.07926	0.07624	0.5	38148	2908	36693	289359	7.59
1970-1979	81	0.08380	0.08043	0.5	35239	2834	33822	252666	7.17
1970-1979	82	0.09345	0.08928	0.5	32405	2893	30958	218844	6.75
1970-1979	83	0.10278	0.09775	0.5	29512	2885	28069	187885	6.37
1970-1979	84	0.11361	0.10751	0.5	26627	2863	25196	159816	6.00
1970-1979	85	0.12216	0.11513	0.5	23764	2736	22396	134620	5.66
1970-1979	86	0.13461	0.12613	0.5	21029	2652	19702	112224	5.34
1970-1979	87	0.14550	0.13563	0.5	18376	2492	17130	92521	5.03
1970-1979	88	0.15746	0.14597	0.5	15884	2319	14725	75391	4.75
1970-1979	89	0.17180	0.15821	0.5	13565	2146	12492	60666	4.47
1970-1979	90	0.18722	0.17120	0.5	11419	1955	10442	48174	4.22
1970-1979	91	0.19733	0.17961	0.5	9464	1700	8614	37733	3.99
1970-1979	92	0.21624	0.19514	0.5	7764	1515	7007	29118	3.75
1970-1979	93	0.23385	0.20937	0.5	6249	1308	5595	22111	3.54
1970-1979	94	0.25297	0.22457	0.5	4941	1110	4386	16516	3.34
1970-1979	95	0.26810	0.23641	0.5	3831	906	3378	12130	3.17
1970-1979	96	0.28776	0.25157	0.5	2926	736	2558	8752	2.99
1970-1979	97	0.30831	0.26713	0.5	2190	585	1897	6194	2.83
1970-1979	98	0.32971	0.28305	0.5	1605	454	1378	4297	2.68
1970-1979	99	0.35189	0.29924	0.5	1150	344	978	2920	2.54
1970-1979	100	0.37478	0.31564	0.5	806	254	679	1941	2.41
1970-1979	101	0.39831	0.33216	0.5	552	183	460	1262	2.29
1970-1979	102	0.42236	0.34872	0.5	368	128	304	802	2.18
1970-1979	103	0.44684	0.36524	0.5	240	88	196	498	2.08
1970-1979	104	0.47163	0.38163	0.5	152	58	123	302	1.98
1970-1979	105	0.49660	0.39782	0.5	94	37	75	179	1.90
1970-1979	106	0.52163	0.41372	0.5	57	23	45	103	1.82
1970-1979	107	0.54659	0.42927	0.5	33	14	26	58	1.75
1970-1979	108	0.57135	0.44440	0.5	19	8	15	32	1.69
1970-1979	109	0.59580	0.45905	0.5	11	5	8	17	1.64
1970-1979	110+	0.61981	1.00000	1.61	6	6	9	9	1.61
1980-1989	0	0.01212	0.01198	0.08	100000	1198	98900	7394098	73.94
1980-1989	1	0.00094	0.00094	0.5	98802	93	98755	7295198	73.84
1980-1989	2	0.00063	0.00063	0.5	98709	63	98677	7196443	72.91
1980-1989	3	0.00047	0.00047	0.5	98646	47	98623	7097766	71.95
1980-1989	4	0.00038	0.00038	0.5	98599	37	98581	6999143	70.99
1980-1989	5	0.00032	0.00032	0.5	98562	32	98546	6900563	70.01
1980-1989	6	0.00031	0.00031	0.5	98530	30	98515	6802017	69.03
1980-1989	7	0.00028	0.00028	0.5	98500	27	98486	6703502	68.06
1980-1989	8	0.00028	0.00028	0.5	98472	28	98459	6605016	67.07
1980-1989	9	0.00025	0.00025	0.5	98445	25	98432	6506557	66.09
1980-1989	10	0.00025	0.00025	0.5	98420	24	98407	6408125	65.11
1980-1989	11	0.00026	0.00026	0.5	98395	26	98382	6309718	64.13
1980-1989	12	0.00030	0.00030	0.5	98370	29	98355	6211335	63.14
1980-1989	13	0.00034	0.00034	0.5	98340	33	98324	6112980	62.16
1980-1989	14	0.00042	0.00042	0.5	98307	42	98286	6014657	61.18
1980-1989	15	0.00055	0.00055	0.5	98265	55	98238	5916371	60.21
1980-1989	16	0.00082	0.00082	0.5	98211	80	98171	5818132	59.24
1980-1989	17	0.00097	0.00097	0.5	98131	96	98083	5719962	58.29
1980-1989	18	0.00117	0.00117	0.5	98035	115	97978	5621879	57.35
1980-1989	19	0.00117	0.00117	0.5	97920	115	97863	5523901	56.41
1980-1989	20	0.00121	0.00121	0.5	97806	118	97746	5426038	55.48
1980-1989	21	0.00126	0.00126	0.5	97687	123	97625	5328292	54.54
1980-1989	22	0.00128	0.00128	0.5	97564	125	97501	5230667	53.61
1980-1989	23	0.00130	0.00130	0.5	97439	126	97376	5133165	52.68
1980-1989	24	0.00129	0.00129	0.5	97313	126	97250	5035789	51.75
1980-1989	25	0.00130	0.00130	0.5	97187	126	97124	4938540	50.81
1980-1989	26	0.00131	0.00131	0.5	97061	127	96998	4841416	49.88
1980-1989	27	0.00133	0.00133	0.5	96934	129	96869	4744418	48.94
1980-1989	28	0.00143	0.00143	0.5	96805	138	96736	4647549	48.01
1980-1989	29	0.00135	0.00135	0.5	96667	130	96601	4550813	47.08
1980-1989	30	0.00144	0.00144	0.5	96536	139	96466	4454212	46.14
1980-1989	31	0.00149	0.00149	0.5	96397	144	96325	4357745	45.21
1980-1989	32	0.00155	0.00154	0.5	96253	149	96178	4261420	44.27
1980-1989	33	0.00163	0.00163	0.5	96104	157	96026	4165242	43.34
1980-1989	34	0.00163	0.00163	0.5	95947	156	95869	4069216	42.41
1980-1989	35	0.00172	0.00172	0.5	95791	164	95709	3973347	41.48
1980-1989	36	0.00182	0.00182	0.5	95626	174	95539	3877639	40.55
1980-1989	37	0.00194	0.00194	0.5	95452	185	95360	3782099	39.62
1980-1989	38	0.00216	0.00216	0.5	95267	205	95165	3686739	38.70
1980-1989	39	0.00217	0.00216	0.5	95062	206	94959	3591575	37.78
1980-1989	40	0.00237	0.00237	0.5	94856	224	94744	3496616	36.86
1980-1989	41	0.00259	0.00259	0.5	94632	245	94509	3401872	35.95
1980-1989	42	0.00286	0.00286	0.5	94387	270	94252	3307362	35.04
1980-1989	43	0.00309	0.00308	0.5	94117	290	93972	3213110	34.14
1980-1989	44	0.00333	0.00332	0.5	93827	312	93671	3119138	33.24
1980-1989	45	0.00368	0.00367	0.5	93515	344	93344	3025467	32.35
1980-1989	46	0.00403	0.00402	0.5	93172	375	92984	2932123	31.47
1980-1989	47	0.00435	0.00434	0.5	92797	403	92595	2839139	30.60
1980-1989	48	0.00503	0.00502	0.5	92394	463	92162	2746543	29.73
1980-1989	49	0.00522	0.00521	0.5	91930	479	91691	2654381	28.87
1980-1989	50	0.00585	0.00583	0.5	91452	533	91185	2562690	28.02
1980-1989	51	0.00651	0.00648	0.5	90918	590	90624	2471505	27.18
1980-1989	52	0.00718	0.00716	0.5	90329	647	90005	2380882	26.36
1980-1989	53	0.00783	0.00780	0.5	89682	699	89333	2290876	25.54
1980-1989	54	0.00840	0.00837	0.5	88983	745	88611	2201544	24.74
1980-1989	55	0.00927	0.00923	0.5	88238	815	87831	2112933	23.95
1980-1989	56	0.01009	0.01004	0.5	87424	878	86985	2025102	23.16
1980-1989	57	0.01083	0.01077	0.5	86546	933	86080	1938117	22.39
1980-1989	58	0.01233	0.01225	0.5	85614	1049	85089	1852037	21.63
1980-1989	59	0.01281	0.01273	0.5	84564	1076	84026	1766948	20.89
1980-1989	60	0.01409	0.01399	0.5	83488	1168	82904	1682922	20.16
1980-1989	61	0.01521	0.01509	0.5	82320	1243	81699	1600018	19.44
1980-1989	62	0.01693	0.01679	0.5	81078	1361	80397	1518318	18.73
1980-1989	63	0.01789	0.01773	0.5	79716	1413	79010	1437921	18.04
1980-1989	64	0.01888	0.01870	0.5	78303	1464	77571	1358912	17.35
1980-1989	65	0.02087	0.02066	0.5	76839	1587	76045	1281341	16.68
1980-1989	66	0.02228	0.02204	0.5	75251	1658	74422	1205295	16.02
1980-1989	67	0.02370	0.02343	0.5	73593	1724	72731	1130873	15.37
1980-1989	68	0.02611	0.02578	0.5	71869	1853	70943	1058142	14.72
1980-1989	69	0.02768	0.02730	0.5	70016	1912	69061	987200	14.10
1980-1989	70	0.03027	0.02982	0.5	68105	2031	67089	918139	13.48
1980-1989	71	0.03241	0.03189	0.5	66074	2107	65021	851050	12.88
1980-1989	72	0.03619	0.03555	0.5	63967	2274	62830	786029	12.29
1980-1989	73	0.03929	0.03853	0.5	61693	2377	60505	723199	11.72
1980-1989	74	0.04131	0.04047	0.5	59316	2401	58116	662694	11.17
1980-1989	75	0.04506	0.04407	0.5	56915	2508	55661	604579	10.62
1980-1989	76	0.04923	0.04805	0.5	54407	2614	53100	548918	10.09
1980-1989	77	0.05241	0.05107	0.5	51793	2645	50470	495818	9.57
1980-1989	78	0.05781	0.05618	0.5	49147	2761	47767	445348	9.06
1980-1989	79	0.06104	0.05923	0.5	46386	2747	45012	397581	8.57
1980-1989	80	0.07095	0.06852	0.5	43639	2990	42144	352569	8.08
1980-1989	81	0.07648	0.07366	0.5	40649	2994	39152	310425	7.64
1980-1989	82	0.08385	0.08047	0.5	37654	3030	36139	271273	7.20
1980-1989	83	0.09263	0.08853	0.5	34624	3065	33092	235134	6.79
1980-1989	84	0.10060	0.09578	0.5	31559	3023	30048	202042	6.40
1980-1989	85	0.10984	0.10412	0.5	28536	2971	27051	171995	6.03
1980-1989	86	0.12072	0.11385	0.5	25565	2911	24110	144944	5.67
1980-1989	87	0.13226	0.12406	0.5	22654	2810	21249	120834	5.33
1980-1989	88	0.14253	0.13305	0.5	19844	2640	18524	99585	5.02
1980-1989	89	0.15596	0.14468	0.5	17204	2489	15959	81061	4.71
1980-1989	90	0.17130	0.15778	0.5	14715	2322	13554	65102	4.42
1980-1989	91	0.18464	0.16903	0.5	12393	2095	11346	51548	4.16
1980-1989	92	0.20255	0.18392	0.5	10298	1894	9351	40202	3.90
1980-1989	93	0.22031	0.19845	0.5	8404	1668	7570	30851	3.67
1980-1989	94	0.23912	0.21359	0.5	6736	1439	6017	23281	3.46
1980-1989	95	0.25619	0.22710	0.5	5297	1203	4696	17264	3.26
1980-1989	96	0.27637	0.24282	0.5	4094	994	3597	12568	3.07
1980-1989	97	0.29758	0.25904	0.5	3100	803	2699	8971	2.89
1980-1989	98	0.31977	0.27569	0.5	2297	633	1980	6272	2.73
1980-1989	99	0.34288	0.29270	0.5	1664	487	1420	4292	2.58
1980-1989	100	0.36682	0.30997	0.5	1177	365	994	2871	2.44
1980-1989	101	0.39151	0.32742	0.5	812	266	679	1877	2.31
1980-1989	102	0.41684	0.34495	0.5	546	188	452	1198	2.19
1980-1989	103	0.44269	0.36246	0.5	358	130	293	746	2.08
1980-1989	104	0.46891	0.37985	0.5	228	87	185	453	1.99
1980-1989	105	0.49536	0.39703	0.5	141	56	113	268	1.89
1980-1989	106	0.52191	0.41390	0.5	85	35	68	155	1.81
1980-1989	107	0.54838	0.43037	0.5	50	22	39	87	1.74
1980-1989	108	0.57463	0.44638	0.5	28	13	22	48	1.68
1980-1989	109	0.60052	0.46184	0.5	16	7	12	26	1.63
1980-1989	110+	0.62590	1.00000	1.6	8	8	14	14	1.60
1990-1999	0	0.00905	0.00898	0.07	100000	898	99168	7519785	75.20
1990-1999	1	0.00072	0.00072	0.5	99102	71	99067	7420617	74.88
1990-1999	2	0.00048	0.00048	0.5	99031	47	99007	7321551	73.93
1990-1999	3	0.00037	0.00037	0.5	98984	36	98965	7222544	72.97
1990-1999	4	0.00029	0.00029	0.5	98947	29	98933	7123578	71.99
1990-1999	5	0.00025	0.00025	0.5	98919	25	98906	7024645	71.01
1990-1999	6	0.00023	0.00023	0.5	98894	23	98882	6925739	70.03
1990-1999	7	0.00021	0.00021	0.5	98871	21	98860	6826857	69.05
1990-1999	8	0.00021	0.00021	0.5	98850	21	98839	6727997	68.06
1990-1999	9	0.00020	0.00020	0.5	98829	19	98819	6629158	67.08
1990-1999	10	0.00019	0.00019	0.5	98809	19	98800	6530339	66.09
1990-1999	11	0.00020	0.00020	0.5	98790	20	98780	6431539	65.10
1990-1999	12	0.00024	0.00024	0.5	98770	24	98758	6332760	64.12
1990-1999	13	0.00030	0.00030	0.5	98746	30	98731	6234002	63.13
1990-1999	14	0.00040	0.00040	0.5	98716	40	98696	6135271	62.15
1990-1999	15	0.00054	0.00054	0.5	98677	53	98650	6036574	61.18
1990-1999	16	0.00079	0.00079	0.5	98624	78	98584	5937924	60.21
1990-1999	17	0.00094	0.00093	0.5	98545	92	98499	5839340	59.26
1990-1999	18	0.00112	0.00112	0.5	98453	111	98398	5740840	58.31
1990-1999	19	0.00112	0.00112	0.5	98343	110	98288	5642442	57.38
1990-1999	20	0.00111	0.00111	0.5	98232	109	98178	5544155	56.44
1990-1999	21	0.00118	0.00118	0.5	98124	116	98066	5445977	55.50
1990-1999	22	0.00116	0.00116	0.5	98008	114	97951	5347911	54.57
1990-1999	23	0.00116	0.00116	0.5	97894	114	97837	5249960	53.63
1990-1999	24	0.00113	0.00113	0.5	97780	110	97725	5152123	52.69
1990-1999	25	0.00117	0.00117	0.5	97670	114	97613	5054397	51.75
1990-1999	26	0.00120	0.00120	0.5	97556	117	97498	4956784	50.81
1990-1999	27	0.00126	0.00126	0.5	97439	122	97378	4859286	49.87
1990-1999	28	0.00134	0.00134	0.5	97317	130	97252	4761908	48.93
1990-1999	29	0.00136	0.00136	0.5	97187	132	97121	4664656	48.00
1990-1999	30	0.00142	0.00142	0.5	97055	138	96986	4567535	47.06
1990-1999	31	0.00155	0.00155	0.5	96917	150	96842	4470549	46.13
1990-1999	32	0.00159	0.00159	0.5	96767	154	96690	4373707	45.20
1990-1999	33	0.00171	0.00171	0.5	96613	165	96531	4277017	44.27
1990-1999	34	0.00175	0.00175	0.5	96449	169	96364	4180486	43.34
1990-1999	35	0.00186	0.00186	0.5	96280	179	96191	4084122	42.42
1990-1999	36	0.00199	0.00198	0.5	96101	191	96006	3987931	41.50
1990-1999	37	0.00210	0.00210	0.5	95911	201	95810	3891925	40.58
1990-1999	38	0.00229	0.00229	0.5	95709	219	95600	3796115	39.66
1990-1999	39	0.00231	0.00230	0.5	95490	220	95380	3700515	38.75
1990-1999	40	0.00245	0.00244	0.5	95270	233	95154	3605135	37.84
1990-1999	41	0.00266	0.00266	0.5	95037	252	94911	3509982	36.93
1990-1999	42	0.00284	0.00283	0.5	94785	268	94651	3415071	36.03
1990-1999	43	0.00304	0.00304	0.5	94516	287	94373	3320420	35.13
1990-1999	44	0.00316	0.00315	0.5	94229	297	94081	3226047	34.24
1990-1999	45	0.00339	0.00338	0.5	93932	318	93773	3131967	33.34
1990-1999	46	0.00376	0.00376	0.5	93614	352	93438	3038193	32.45
1990-1999	47	0.00403	0.00402	0.5	93262	375	93075	2944755	31.57
1990-1999	48	0.00445	0.00444	0.5	92888	413	92681	2851680	30.70
1990-1999	49	0.00460	0.00459	0.5	92475	424	92263	2758999	29.84
1990-1999	50	0.00500	0.00498	0.5	92050	459	91821	2666736	28.97
1990-1999	51	0.00558	0.00556	0.5	91592	509	91337	2574915	28.11
1990-1999	52	0.00613	0.00612	0.5	91082	557	90804	2483578	27.27
1990-1999	53	0.00665	0.00663	0.5	90525	600	90225	2392774	26.43
1990-1999	54	0.00713	0.00710	0.5	89925	639	89606	2302549	25.61
1990-1999	55	0.00787	0.00784	0.5	89287	700	88937	2212943	24.78
1990-1999	56	0.00873	0.00869	0.5	88587	770	88202	2124007	23.98
1990-1999	57	0.00943	0.00938	0.5	87817	824	87405	2035805	23.18
1990-1999	58	0.01064	0.01058	0.5	86993	921	86533	1948399	22.40
1990-1999	59	0.01116	0.01110	0.5	86072	955	85595	1861867	21.63
1990-1999	60	0.01225	0.01218	0.5	85117	1037	84599	1776272	20.87
1990-1999	61	0.01369	0.01359	0.5	84080	1143	83509	1691673	20.12
1990-1999	62	0.01497	0.01486	0.5	82938	1232	82321	1608164	19.39
1990-1999	63	0.01604	0.01591	0.5	81705	1300	81055	1525843	18.67
1990-1999	64	0.01709	0.01695	0.5	80405	1363	79724	1444788	17.97
1990-1999	65	0.01840	0.01824	0.5	79043	1441	78322	1365064	17.27
1990-1999	66	0.01992	0.01972	0.5	77601	1530	76836	1286742	16.58
1990-1999	67	0.02111	0.02089	0.5	76071	1589	75276	1209906	15.91
1990-1999	68	0.02338	0.02311	0.5	74482	1721	73621	1134630	15.23
1990-1999	69	0.02526	0.02495	0.5	72761	1815	71853	1061009	14.58
1990-1999	70	0.02709	0.02673	0.5	70946	1896	69998	989155	13.94
1990-1999	71	0.02993	0.02949	0.5	69049	2036	68031	919158	13.31
1990-1999	72	0.03243	0.03191	0.5	67013	2139	65944	851126	12.70
1990-1999	73	0.03527	0.03466	0.5	64875	2249	63750	785182	12.10
1990-1999	74	0.03767	0.03697	0.5	62626	2315	61469	721432	11.52
1990-1999	75	0.04073	0.03992	0.5	60311	2407	59107	659963	10.94
1990-1999	76	0.04437	0.04341	0.5	57903	2514	56647	600856	10.38
1990-1999	77	0.04847	0.04732	0.5	55390	2621	54079	544210	9.83
1990-1999	78	0.05258	0.05123	0.5	52769	2704	51417	490130	9.29
1990-1999	79	0.05727	0.05567	0.5	50065	2787	48672	438713	8.76
1990-1999	80	0.06657	0.06443	0.5	47278	3046	45755	390042	8.25
1990-1999	81	0.07250	0.06996	0.5	44232	3094	42685	344287	7.78
1990-1999	82	0.07992	0.07685	0.5	41137	3161	39557	301602	7.33
1990-1999	83	0.08781	0.08412	0.5	37976	3194	36379	262046	6.90
1990-1999	84	0.09611	0.09170	0.5	34782	3189	33187	225667	6.49
1990-1999	85	0.10581	0.10050	0.5	31592	3175	30005	192480	6.09
1990-1999	86	0.11597	0.10961	0.5	28417	3115	26860	162475	5.72
1990-1999	87	0.12753	0.11988	0.5	25302	3033	23786	135615	5.36
1990-1999	88	0.13981	0.13067	0.5	22269	2910	20814	111830	5.02
1990-1999	89	0.15340	0.14247	0.5	19359	2758	17980	91016	4.70
1990-1999	90	0.16891	0.15576	0.5	16601	2586	15308	73036	4.40
1990-1999	91	0.18384	0.16837	0.5	14015	2360	12835	57727	4.12
1990-1999	92	0.20307	0.18435	0.5	11656	2149	10581	44892	3.85
1990-1999	93	0.22145	0.19937	0.5	9507	1895	8559	34311	3.61
1990-1999	94	0.24215	0.21600	0.5	7611	1644	6789	25752	3.38
1990-1999	95	0.26153	0.23128	0.5	5967	1380	5277	18962	3.18
1990-1999	96	0.28351	0.24831	0.5	4587	1139	4018	13685	2.98
1990-1999	97	0.30663	0.26587	0.5	3448	917	2990	9667	2.80
1990-1999	98	0.33083	0.28387	0.5	2531	719	2172	6678	2.64
1990-1999	99	0.35603	0.30223	0.5	1813	548	1539	4505	2.49
1990-1999	100	0.38212	0.32082	0.5	1265	406	1062	2967	2.35
1990-1999	101	0.40897	0.33954	0.5	859	292	713	1905	2.22
1990-1999	102	0.43645	0.35827	0.5	567	203	466	1191	2.10
1990-1999	103	0.46438	0.37688	0.5	364	137	296	726	1.99
1990-1999	104	0.49261	0.39526	0.5	227	90	182	430	1.90
1990-1999	105	0.52094	0.41329	0.5	137	57	109	248	1.81
1990-1999	106	0.54920	0.43088	0.5	81	35	63	139	1.73
1990-1999	107	0.57719	0.44792	0.5	46	21	36	76	1.66
1990-1999	108	0.60475	0.46435	0.5	25	12	19	40	1.60
1990-1999	109	0.63171	0.48007	0.5	14	7	10	21	1.55
1990-1999	110+	0.65791	1.00000	1.52	7	7	11	11	1.52
2000-2009	0	0.00792	0.00787	0.07	100000	787	99269	7649083	76.49
2000-2009	1	0.00056	0.00056	0.5	99213	55	99186	7549814	76.10
2000-2009	2	0.00037	0.00037	0.5	99158	36	99140	7450628	75.14
2000-2009	3	0.00027	0.00027	0.5	99122	27	99108	7351488	74.17
2000-2009	4	0.00022	0.00022	0.5	99095	21	99084	7252380	73.19
2000-2009	5	0.00018	0.00018	0.5	99073	18	99064	7153296	72.20
2000-2009	6	0.00016	0.00016	0.5	99055	16	99047	7054231	71.22
2000-2009	7	0.00016	0.00016	0.5	99039	15	99031	6955184	70.23
2000-2009	8	0.00015	0.00015	0.5	99024	15	99016	6856153	69.24
2000-2009	9	0.00016	0.00016	0.5	99009	15	99001	6757137	68.25
2000-2009	10	0.00015	0.00015	0.5	98993	15	98986	6658136	67.26
2000-2009	11	0.00017	0.00017	0.5	98979	17	98970	6559150	66.27
2000-2009	12	0.00018	0.00018	0.5	98962	18	98953	6460179	65.28
2000-2009	13	0.00022	0.00022	0.5	98944	22	98933	6361227	64.29
2000-2009	14	0.00028	0.00028	0.5	98922	28	98908	6262294	63.31
2000-2009	15	0.00038	0.00038	0.5	98894	37	98875	6163386	62.32
2000-2009	16	0.00057	0.00057	0.5	98857	56	98829	6064510	61.35
2000-2009	17	0.00072	0.00072	0.5	98801	71	98765	5965682	60.38
2000-2009	18	0.00092	0.00092	0.5	98730	90	98684	5866917	59.42
2000-2009	19	0.00102	0.00102	0.5	98639	101	98589	5768232	58.48
2000-2009	20	0.00106	0.00106	0.5	98538	105	98486	5669643	57.54
2000-2009	21	0.00112	0.00112	0.5	98434	110	98379	5571157	56.60
2000-2009	22	0.00111	0.00111	0.5	98324	110	98269	5472778	55.66
2000-2009	23	0.00112	0.00112	0.5	98214	110	98159	5374509	54.72
2000-2009	24	0.00113	0.00113	0.5	98104	111	98049	5276350	53.78
2000-2009	25	0.00113	0.00113	0.5	97993	111	97938	5178302	52.84
2000-2009	26	0.00116	0.00116	0.5	97882	113	97826	5080364	51.90
2000-2009	27	0.00115	0.00115	0.5	97769	112	97713	4982538	50.96
2000-2009	28	0.00118	0.00118	0.5	97657	115	97600	4884825	50.02
2000-2009	29	0.00123	0.00123	0.5	97542	120	97482	4787225	49.08
2000-2009	30	0.00122	0.00122	0.5	97422	119	97362	4689743	48.14
2000-2009	31	0.00128	0.00128	0.5	97303	125	97240	4592381	47.20
2000-2009	32	0.00131	0.00131	0.5	97178	127	97115	4495140	46.26
2000-2009	33	0.00137	0.00137	0.5	97051	133	96985	4398026	45.32
2000-2009	34	0.00145	0.00145	0.5	96918	141	96848	4301041	44.38
2000-2009	35	0.00156	0.00156	0.5	96777	151	96702	4204193	43.44
2000-2009	36	0.00164	0.00164	0.5	96626	158	96547	4107492	42.51
2000-2009	37	0.00179	0.00179	0.5	96468	173	96382	4010945	41.58
2000-2009	38	0.00192	0.00192	0.5	96295	185	96203	3914563	40.65
2000-2009	39	0.00208	0.00207	0.5	96111	199	96011	3818360	39.73
2000-2009	40	0.00227	0.00227	0.5	95911	217	95803	3722349	38.81
2000-2009	41	0.00247	0.00247	0.5	95694	236	95576	3626546	37.90
2000-2009	42	0.00268	0.00268	0.5	95458	255	95330	3530971	36.99
2000-2009	43	0.00294	0.00294	0.5	95202	280	95062	3435641	36.09
2000-2009	44	0.00320	0.00320	0.5	94922	304	94771	3340578	35.19
2000-2009	45	0.00344	0.00344	0.5	94619	325	94456	3245807	34.30
2000-2009	46	0.00373	0.00373	0.5	94294	351	94118	3151351	33.42
2000-2009	47	0.00402	0.00401	0.5	93942	377	93754	3057233	32.54
2000-2009	48	0.00434	0.00433	0.5	93566	406	93363	2963479	31.67
2000-2009	49	0.00470	0.00469	0.5	93160	437	92942	2870116	30.81
2000-2009	50	0.00508	0.00507	0.5	92723	470	92488	2777174	29.95
2000-2009	51	0.00547	0.00545	0.5	92253	503	92002	2684686	29.10
2000-2009	52	0.00585	0.00583	0.5	91750	535	91482	2592684	28.26
2000-2009	53	0.00627	0.00625	0.5	91215	570	90930	2501202	27.42
2000-2009	54	0.00669	0.00667	0.5	90645	605	90343	2410272	26.59
2000-2009	55	0.00723	0.00720	0.5	90040	648	89716	2319929	25.77
2000-2009	56	0.00771	0.00768	0.5	89392	686	89049	2230213	24.95
2000-2009	57	0.00834	0.00830	0.5	88705	736	88337	2141165	24.14
2000-2009	58	0.00900	0.00896	0.5	87969	788	87575	2052827	23.34
2000-2009	59	0.00974	0.00969	0.5	87181	845	86759	1965252	22.54
2000-2009	60	0.01061	0.01056	0.5	86336	911	85880	1878494	21.76
2000-2009	61	0.01128	0.01122	0.5	85425	958	84946	1792613	20.98
2000-2009	62	0.01243	0.01235	0.5	84467	1044	83945	1707668	20.22
2000-2009	63	0.01338	0.01329	0.5	83423	1109	82869	1623723	19.46
2000-2009	64	0.01452	0.01441	0.5	82314	1187	81721	1540854	18.72
2000-2009	65	0.01570	0.01558	0.5	81128	1264	80496	1459133	17.99
2000-2009	66	0.01692	0.01678	0.5	79864	1340	79194	1378637	17.26
2000-2009	67	0.01825	0.01808	0.5	78524	1420	77814	1299443	16.55
2000-2009	68	0.01966	0.01947	0.5	77104	1501	76353	1221630	15.84
2000-2009	69	0.02146	0.02123	0.5	75602	1605	74800	1145276	15.15
2000-2009	70	0.02354	0.02326	0.5	73997	1721	73136	1070477	14.47
2000-2009	71	0.02536	0.02504	0.5	72276	1810	71371	997340	13.80
2000-2009	72	0.02778	0.02740	0.5	70466	1931	69500	925969	13.14
2000-2009	73	0.03039	0.02994	0.5	68535	2052	67509	856469	12.50
2000-2009	74	0.03308	0.03255	0.5	66483	2164	65401	788960	11.87
2000-2009	75	0.03648	0.03583	0.5	64319	2304	63167	723559	11.25
2000-2009	76	0.03967	0.03890	0.5	62015	2412	60809	660392	10.65
2000-2009	77	0.04367	0.04274	0.5	59603	2547	58329	599583	10.06
2000-2009	78	0.04765	0.04654	0.5	57056	2655	55728	541253	9.49
2000-2009	79	0.05263	0.05128	0.5	54400	2790	53005	485526	8.93
2000-2009	80	0.06114	0.05933	0.5	51611	3062	50080	432520	8.38
2000-2009	81	0.06732	0.06512	0.5	48549	3162	46968	382441	7.88
2000-2009	82	0.07462	0.07193	0.5	45387	3265	43754	335473	7.39
2000-2009	83	0.08266	0.07938	0.5	42122	3344	40450	291719	6.93
2000-2009	84	0.09190	0.08786	0.5	38778	3407	37075	251268	6.48
2000-2009	85	0.10179	0.09686	0.5	35371	3426	33658	214194	6.06
2000-2009	86	0.11315	0.10709	0.5	31945	3421	30235	180535	5.65
2000-2009	87	0.12549	0.11808	0.5	28524	3368	26840	150301	5.27
2000-2009	88	0.13994	0.13079	0.5	25156	3290	23511	123461	4.91
2000-2009	89	0.15512	0.14396	0.5	21866	3148	20292	99950	4.57
2000-2009	90	0.17206	0.15843	0.5	18718	2965	17235	79658	4.26
2000-2009	91	0.18990	0.17343	0.5	15753	2732	14387	62422	3.96
2000-2009	92	0.21081	0.19071	0.5	13021	2483	11779	48036	3.69
2000-2009	93	0.23330	0.20893	0.5	10538	2202	9437	36256	3.44
2000-2009	94	0.25592	0.22689	0.5	8336	1891	7390	26820	3.22
2000-2009	95	0.27550	0.24214	0.5	6445	1561	5664	19429	3.01
2000-2009	96	0.30052	0.26127	0.5	4884	1276	4246	13765	2.82
2000-2009	97	0.32684	0.28093	0.5	3608	1014	3101	9519	2.64
2000-2009	98	0.35433	0.30100	0.5	2594	781	2204	6418	2.47
2000-2009	99	0.38286	0.32135	0.5	1814	583	1522	4214	2.32
2000-2009	100	0.41228	0.34182	0.5	1231	421	1020	2692	2.19
2000-2009	101	0.44238	0.36225	0.5	810	293	663	1671	2.06
2000-2009	102	0.47295	0.38250	0.5	517	198	418	1008	1.95
2000-2009	103	0.50378	0.40241	0.5	319	128	255	590	1.85
2000-2009	104	0.53462	0.42185	0.5	191	80	150	335	1.76
2000-2009	105	0.56524	0.44069	0.5	110	49	86	185	1.68
2000-2009	106	0.59541	0.45882	0.5	62	28	48	99	1.60
2000-2009	107	0.62492	0.47614	0.5	33	16	25	51	1.54
2000-2009	108	0.65356	0.49259	0.5	17	9	13	26	1.48
2000-2009	109	0.68116	0.50811	0.5	9	5	7	13	1.44
2000-2009	110+	0.70757	1.00000	1.41	4	4	6	6	1.41
2010-2019	0	0.00667	0.00662	0.07	100000	662	99382	7770113	77.70
2010-2019	1	0.00047	0.00047	0.5	99338	46	99314	7670732	77.22
2010-2019	2	0.00031	0.00031	0.5	99291	31	99276	7571417	76.25
2010-2019	3	0.00023	0.00023	0.5	99261	23	99249	7472142	75.28
2010-2019	4	0.00018	0.00018	0.5	99238	18	99229	7372892	74.30
2010-2019	5	0.00015	0.00015	0.5	99220	15	99212	7273664	73.31
2010-2019	6	0.00013	0.00013	0.5	99205	13	99198	7174451	72.32
2010-2019	7	0.00013	0.00013	0.5	99192	13	99185	7075253	71.33
2010-2019	8	0.00013	0.00013	0.5	99179	13	99172	6976068	70.34
2010-2019	9	0.00012	0.00012	0.5	99166	12	99160	6876896	69.35
2010-2019	10	0.00012	0.00012	0.5	99154	12	99148	6777736	68.36
2010-2019	11	0.00013	0.00013	0.5	99142	13	99135	6678588	67.36
2010-2019	12	0.00015	0.00015	0.5	99129	15	99122	6579453	66.37
2010-2019	13	0.00018	0.00018	0.5	99114	18	99106	6480331	65.38
2010-2019	14	0.00022	0.00022	0.5	99097	22	99086	6381226	64.39
2010-2019	15	0.00029	0.00029	0.5	99075	28	99060	6282140	63.41
2010-2019	16	0.00040	0.00040	0.5	99046	40	99026	6183080	62.43
2010-2019	17	0.00052	0.00052	0.5	99007	51	98981	6084054	61.45
2010-2019	18	0.00071	0.00071	0.5	98955	70	98920	5985073	60.48
2010-2019	19	0.00081	0.00081	0.5	98885	80	98845	5886152	59.52
2010-2019	20	0.00086	0.00086	0.5	98805	85	98763	5787307	58.57
2010-2019	21	0.00096	0.00096	0.5	98721	95	98673	5688544	57.62
2010-2019	22	0.00099	0.00099	0.5	98626	98	98577	5589871	56.68
2010-2019	23	0.00102	0.00102	0.5	98528	101	98478	5491294	55.73
2010-2019	24	0.00106	0.00106	0.5	98427	105	98375	5392816	54.79
2010-2019	25	0.00110	0.00110	0.5	98323	108	98268	5294441	53.85
2010-2019	26	0.00112	0.00112	0.5	98214	110	98159	5196173	52.91
2010-2019	27	0.00118	0.00118	0.5	98104	116	98046	5098013	51.97
2010-2019	28	0.00123	0.00123	0.5	97989	121	97928	4999967	51.03
2010-2019	29	0.00127	0.00127	0.5	97868	124	97806	4902039	50.09
2010-2019	30	0.00131	0.00131	0.5	97743	128	97679	4804233	49.15
2010-2019	31	0.00137	0.00137	0.5	97615	134	97548	4706554	48.22
2010-2019	32	0.00143	0.00143	0.5	97481	139	97412	4609006	47.28
2010-2019	33	0.00150	0.00150	0.5	97342	146	97269	4511594	46.35
2010-2019	34	0.00155	0.00154	0.5	97196	150	97121	4414325	45.42
2010-2019	35	0.00162	0.00162	0.5	97046	157	96967	4317204	44.49
2010-2019	36	0.00168	0.00168	0.5	96889	162	96808	4220237	43.56
2010-2019	37	0.00176	0.00176	0.5	96727	171	96641	4123429	42.63
2010-2019	38	0.00186	0.00186	0.5	96556	180	96466	4026788	41.70
2010-2019	39	0.00197	0.00197	0.5	96376	190	96282	3930322	40.78
2010-2019	40	0.00207	0.00206	0.5	96187	199	96088	3834040	39.86
2010-2019	41	0.00219	0.00219	0.5	95988	210	95883	3737952	38.94
2010-2019	42	0.00235	0.00235	0.5	95779	225	95666	3642069	38.03
2010-2019	43	0.00252	0.00252	0.5	95554	241	95433	3546403	37.11
2010-2019	44	0.00271	0.00270	0.5	95313	258	95184	3450970	36.21
2010-2019	45	0.00298	0.00298	0.5	95055	283	94914	3355785	35.30
2010-2019	46	0.00327	0.00327	0.5	94772	310	94618	3260872	34.41
2010-2019	47	0.00357	0.00356	0.5	94463	336	94295	3166254	33.52
2010-2019	48	0.00389	0.00388	0.5	94126	365	93944	3071959	32.64
2010-2019	49	0.00425	0.00424	0.5	93761	398	93562	2978016	31.76
2010-2019	50	0.00470	0.00469	0.5	93363	438	93145	2884453	30.89
2010-2019	51	0.00514	0.00513	0.5	92926	476	92688	2791309	30.04
2010-2019	52	0.00558	0.00556	0.5	92449	514	92192	2698621	29.19
2010-2019	53	0.00609	0.00608	0.5	91935	559	91656	2606429	28.35
2010-2019	54	0.00661	0.00659	0.5	91376	602	91075	2514773	27.52
2010-2019	55	0.00721	0.00719	0.5	90774	652	90448	2423698	26.70
2010-2019	56	0.00782	0.00779	0.5	90122	702	89771	2333250	25.89
2010-2019	57	0.00843	0.00839	0.5	89420	750	89045	2243479	25.09
2010-2019	58	0.00899	0.00895	0.5	88670	793	88273	2154434	24.30
2010-2019	59	0.00959	0.00954	0.5	87876	839	87457	2066161	23.51
2010-2019	60	0.01028	0.01023	0.5	87038	890	86593	1978704	22.73
2010-2019	61	0.01097	0.01091	0.5	86147	940	85677	1892111	21.96
2010-2019	62	0.01169	0.01163	0.5	85208	991	84712	1806434	21.20
2010-2019	63	0.01260	0.01252	0.5	84217	1055	83689	1721722	20.44
2010-2019	64	0.01336	0.01327	0.5	83162	1104	82610	1638032	19.70
2010-2019	65	0.01413	0.01403	0.5	82058	1151	81482	1555422	18.96
2010-2019	66	0.01507	0.01496	0.5	80907	1210	80301	1473940	18.22
2010-2019	67	0.01622	0.01609	0.5	79696	1282	79055	1393638	17.49
2010-2019	68	0.01746	0.01731	0.5	78414	1358	77735	1314583	16.76
2010-2019	69	0.01888	0.01870	0.5	77057	1441	76336	1236848	16.05
2010-2019	70	0.02044	0.02023	0.5	75615	1530	74850	1160512	15.35
2010-2019	71	0.02217	0.02193	0.5	74085	1625	73273	1085662	14.65
2010-2019	72	0.02422	0.02393	0.5	72461	1734	71594	1012389	13.97
2010-2019	73	0.02617	0.02584	0.5	70727	1827	69813	940795	13.30
2010-2019	74	0.02876	0.02835	0.5	68900	1953	67923	870982	12.64
2010-2019	75	0.03152	0.03103	0.5	66946	2078	65907	803059	12.00
2010-2019	76	0.03437	0.03379	0.5	64869	2192	63773	737151	11.36
2010-2019	77	0.03758	0.03689	0.5	62677	2312	61521	673379	10.74
2010-2019	78	0.04132	0.04049	0.5	60365	2444	59143	611858	10.14
2010-2019	79	0.04568	0.04466	0.5	57921	2587	56627	552715	9.54
2010-2019	80	0.05251	0.05117	0.5	55334	2832	53918	496088	8.97
2010-2019	81	0.05855	0.05689	0.5	52502	2987	51009	442170	8.42
2010-2019	82	0.06525	0.06319	0.5	49516	3129	47951	391161	7.90
2010-2019	83	0.07239	0.06986	0.5	46387	3241	44767	343210	7.40
2010-2019	84	0.08075	0.07761	0.5	43146	3349	41472	298443	6.92
2010-2019	85	0.09029	0.08639	0.5	39798	3438	38079	256971	6.46
2010-2019	86	0.10097	0.09612	0.5	36360	3495	34612	218892	6.02
2010-2019	87	0.11246	0.10647	0.5	32865	3499	31115	184280	5.61
2010-2019	88	0.12582	0.11838	0.5	29366	3476	27628	153164	5.22
2010-2019	89	0.14049	0.13127	0.5	25890	3399	24190	125537	4.85
2010-2019	90	0.15763	0.14611	0.5	22491	3286	20848	101347	4.51
2010-2019	91	0.17478	0.16074	0.5	19205	3087	17661	80499	4.19
2010-2019	92	0.19398	0.17683	0.5	16118	2850	14693	62837	3.90
2010-2019	93	0.21507	0.19419	0.5	13268	2576	11980	48144	3.63
2010-2019	94	0.23873	0.21327	0.5	10691	2280	9551	36165	3.38
2010-2019	95	0.25704	0.22777	0.5	8411	1916	7453	26614	3.16
2010-2019	96	0.28186	0.24705	0.5	6495	1605	5693	19160	2.95
2010-2019	97	0.30811	0.26698	0.5	4891	1306	4238	13467	2.75
2010-2019	98	0.33568	0.28743	0.5	3585	1030	3070	9230	2.57
2010-2019	99	0.36444	0.30827	0.5	2555	787	2161	6160	2.41
2010-2019	100	0.39423	0.32931	0.5	1767	582	1476	3999	2.26
2010-2019	101	0.42485	0.35042	0.5	1185	415	977	2523	2.13
2010-2019	102	0.45610	0.37140	0.5	770	286	627	1545	2.01
2010-2019	103	0.48772	0.39210	0.5	484	190	389	919	1.90
2010-2019	104	0.51947	0.41236	0.5	294	121	234	529	1.80
2010-2019	105	0.55109	0.43204	0.5	173	75	136	296	1.71
2010-2019	106	0.58234	0.45102	0.5	98	44	76	160	1.63
2010-2019	107	0.61296	0.46917	0.5	54	25	41	84	1.57
2010-2019	108	0.64275	0.48642	0.5	29	14	22	43	1.51
2010-2019	109	0.67149	0.50271	0.5	15	7	11	21	1.46
2010-2019	110+	0.69903	1.00000	1.43	7	7	10	10	1.43
2020-2022	0	0.00630	0.00626	0.07	100000	626	99415	7574706	75.75
2020-2022	1	0.00047	0.00047	0.5	99374	47	99350	7475291	75.22
2020-2022	2	0.00031	0.00031	0.5	99327	31	99311	7375941	74.26
2020-2022	3	0.00023	0.00023	0.5	99296	23	99284	7276630	73.28
2020-2022	4	0.00018	0.00018	0.5	99273	18	99264	7177346	72.30
2020-2022	5	0.00017	0.00017	0.5	99254	16	99246	7078082	71.31
2020-2022	6	0.00014	0.00014	0.5	99238	14	99231	6978836	70.32
2020-2022	7	0.00012	0.00012	0.5	99224	12	99218	6879605	69.33
2020-2022	8	0.00012	0.00012	0.5	99212	12	99206	6780387	68.34
2020-2022	9	0.00012	0.00012	0.5	99200	12	99194	6681181	67.35
2020-2022	10	0.00014	0.00014	0.5	99188	13	99181	6581988	66.36
2020-2022	11	0.00015	0.00015	0.5	99174	14	99167	6482806	65.37
2020-2022	12	0.00016	0.00016	0.5	99160	16	99152	6383639	64.38
2020-2022	13	0.00022	0.00022	0.5	99144	21	99133	6284487	63.39
2020-2022	14	0.00027	0.00027	0.5	99123	27	99109	6185354	62.40
2020-2022	15	0.00035	0.00035	0.5	99096	35	99078	6086245	61.42
2020-2022	16	0.00049	0.00049	0.5	99061	49	99037	5987166	60.44
2020-2022	17	0.00067	0.00066	0.5	99012	66	98979	5888130	59.47
2020-2022	18	0.00090	0.00090	0.5	98946	89	98902	5789150	58.51
2020-2022	19	0.00102	0.00102	0.5	98858	101	98808	5690248	57.56
2020-2022	20	0.00110	0.00110	0.5	98757	109	98703	5591441	56.62
2020-2022	21	0.00123	0.00123	0.5	98648	121	98588	5492738	55.68
2020-2022	22	0.00125	0.00124	0.5	98527	123	98465	5394150	54.75
2020-2022	23	0.00133	0.00133	0.5	98404	130	98339	5295685	53.82
2020-2022	24	0.00140	0.00140	0.5	98274	138	98205	5197346	52.89
2020-2022	25	0.00149	0.00149	0.5	98136	146	98063	5099141	51.96
2020-2022	26	0.00155	0.00155	0.5	97990	152	97914	5001078	51.04
2020-2022	27	0.00164	0.00164	0.5	97838	160	97758	4903163	50.11
2020-2022	28	0.00172	0.00172	0.5	97678	168	97594	4805405	49.20
2020-2022	29	0.00185	0.00185	0.5	97510	181	97420	4707811	48.28
2020-2022	30	0.00190	0.00190	0.5	97330	185	97237	4610391	47.37
2020-2022	31	0.00202	0.00201	0.5	97145	196	97047	4513154	46.46
2020-2022	32	0.00213	0.00213	0.5	96949	207	96846	4416107	45.55
2020-2022	33	0.00222	0.00222	0.5	96743	215	96635	4319261	44.65
2020-2022	34	0.00232	0.00231	0.5	96528	223	96416	4222626	43.75
2020-2022	35	0.00237	0.00237	0.5	96304	228	96190	4126210	42.85
2020-2022	36	0.00247	0.00247	0.5	96076	237	95958	4030019	41.95
2020-2022	37	0.00264	0.00264	0.5	95839	253	95713	3934062	41.05
2020-2022	38	0.00272	0.00272	0.5	95586	260	95456	3838349	40.16
2020-2022	39	0.00293	0.00293	0.5	95326	279	95187	3742893	39.26
2020-2022	40	0.00306	0.00305	0.5	95047	290	94902	3647706	38.38
2020-2022	41	0.00329	0.00328	0.5	94757	311	94602	3552804	37.49
2020-2022	42	0.00338	0.00338	0.5	94446	319	94286	3458202	36.62
2020-2022	43	0.00353	0.00352	0.5	94127	331	93961	3363916	35.74
2020-2022	44	0.00373	0.00372	0.5	93795	349	93621	3269955	34.86
2020-2022	45	0.00396	0.00396	0.5	93447	370	93262	3176334	33.99
2020-2022	46	0.00414	0.00414	0.5	93077	385	92884	3083072	33.12
2020-2022	47	0.00445	0.00444	0.5	92692	411	92486	2990187	32.26
2020-2022	48	0.00482	0.00481	0.5	92281	444	92059	2897701	31.40
2020-2022	49	0.00514	0.00513	0.5	91837	471	91601	2805642	30.55
2020-2022	50	0.00558	0.00557	0.5	91366	508	91112	2714041	29.71
2020-2022	51	0.00596	0.00595	0.5	90858	540	90587	2622929	28.87
2020-2022	52	0.00647	0.00645	0.5	90317	582	90026	2532342	28.04
2020-2022	53	0.00689	0.00687	0.5	89735	616	89427	2442316	27.22
2020-2022	54	0.00750	0.00747	0.5	89119	666	88786	2352889	26.40
2020-2022	55	0.00825	0.00821	0.5	88453	726	88090	2264103	25.60
2020-2022	56	0.00889	0.00885	0.5	87726	777	87338	2176013	24.80
2020-2022	57	0.00968	0.00963	0.5	86950	838	86531	2088675	24.02
2020-2022	58	0.01043	0.01038	0.5	86112	894	85665	2002145	23.25
2020-2022	59	0.01133	0.01127	0.5	85218	960	84738	1916479	22.49
2020-2022	60	0.01224	0.01216	0.5	84258	1025	83746	1831741	21.74
2020-2022	61	0.01320	0.01312	0.5	83233	1092	82687	1747996	21.00
2020-2022	62	0.01420	0.01410	0.5	82141	1158	81562	1665308	20.27
2020-2022	63	0.01533	0.01521	0.5	80983	1232	80367	1583746	19.56
2020-2022	64	0.01620	0.01607	0.5	79751	1282	79111	1503379	18.85
2020-2022	65	0.01707	0.01693	0.5	78470	1328	77806	1424268	18.15
2020-2022	66	0.01815	0.01799	0.5	77141	1388	76448	1346463	17.45
2020-2022	67	0.01915	0.01897	0.5	75754	1437	75035	1270015	16.77
2020-2022	68	0.02042	0.02021	0.5	74317	1502	73566	1194980	16.08
2020-2022	69	0.02174	0.02151	0.5	72814	1566	72031	1121414	15.40
2020-2022	70	0.02347	0.02320	0.5	71248	1653	70422	1049383	14.73
2020-2022	71	0.02524	0.02493	0.5	69596	1735	68728	978961	14.07
2020-2022	72	0.02714	0.02678	0.5	67861	1817	66952	910232	13.41
2020-2022	73	0.02978	0.02935	0.5	66044	1938	65075	843280	12.77
2020-2022	74	0.03206	0.03156	0.5	64105	2023	63094	778205	12.14
2020-2022	75	0.03512	0.03452	0.5	62083	2143	61011	715111	11.52
2020-2022	76	0.03836	0.03764	0.5	59940	2256	58812	654100	10.91
2020-2022	77	0.04310	0.04219	0.5	57684	2434	56467	595289	10.32
2020-2022	78	0.04732	0.04623	0.5	55250	2554	53973	538822	9.75
2020-2022	79	0.05182	0.05051	0.5	52696	2662	51365	484849	9.20
2020-2022	80	0.05717	0.05559	0.5	50034	2781	48644	433483	8.66
2020-2022	81	0.06286	0.06094	0.5	47253	2880	45813	384840	8.14
2020-2022	82	0.06967	0.06733	0.5	44374	2988	42880	339026	7.64
2020-2022	83	0.07726	0.07439	0.5	41386	3079	39847	296147	7.16
2020-2022	84	0.08569	0.08217	0.5	38307	3148	36734	256300	6.69
2020-2022	85	0.09538	0.09104	0.5	35160	3201	33559	219566	6.24
2020-2022	86	0.10586	0.10054	0.5	31959	3213	30352	186007	5.82
2020-2022	87	0.11827	0.11167	0.5	28746	3210	27141	155655	5.41
2020-2022	88	0.13226	0.12405	0.5	25536	3168	23952	128514	5.03
2020-2022	89	0.14733	0.13722	0.5	22368	3069	20833	104562	4.67
2020-2022	90	0.16538	0.15275	0.5	19299	2948	17825	83729	4.34
2020-2022	91	0.18464	0.16904	0.5	16351	2764	14969	65905	4.03
2020-2022	92	0.20514	0.18606	0.5	13587	2528	12323	50936	3.75
2020-2022	93	0.22742	0.20420	0.5	11059	2258	9930	38613	3.49
2020-2022	94	0.25105	0.22305	0.5	8801	1963	7819	28683	3.26
2020-2022	95	0.26966	0.23762	0.5	6838	1625	6025	20864	3.05
2020-2022	96	0.29521	0.25724	0.5	5213	1341	4542	14839	2.85
2020-2022	97	0.32214	0.27745	0.5	3872	1074	3335	10296	2.66
2020-2022	98	0.35035	0.29812	0.5	2798	834	2381	6961	2.49
2020-2022	99	0.37967	0.31909	0.5	1964	627	1650	4581	2.33
2020-2022	100	0.40993	0.34020	0.5	1337	455	1110	2931	2.19
2020-2022	101	0.44093	0.36128	0.5	882	319	723	1821	2.06
2020-2022	102	0.47244	0.38216	0.5	563	215	456	1098	1.95
2020-2022	103	0.50420	0.40268	0.5	348	140	278	642	1.85
2020-2022	104	0.53596	0.42269	0.5	208	88	164	364	1.75
2020-2022	105	0.56747	0.44205	0.5	120	53	94	200	1.67
2020-2022	106	0.59848	0.46064	0.5	67	31	52	107	1.59
2020-2022	107	0.62875	0.47836	0.5	36	17	27	55	1.53
2020-2022	108	0.65807	0.49515	0.5	19	9	14	28	1.47
2020-2022	109	0.68625	0.51094	0.5	10	5	7	14	1.43
2020-2022	110+	0.71315	1.00000	1.4	5	5	7	7	1.40
