Reg4: Reg4, Lifetables (period 5x10), Both sexes Last modified: February 4 2025, MPv5 (May07) 

Year     	Age	mx	qx	ax	lx	dx	Lx	Tx	ex
1941-1949	0	0.03793	0.03675	0.15	100000	3675	96890	6635867	66.36
1941-1949	1-4	0.00215	0.00856	1.54	96325	824	383275	6538977	67.88
1941-1949	5-9	0.00093	0.00464	2.35	95501	443	476329	6155702	64.46
1941-1949	10-14	0.00088	0.00441	2.67	95058	419	474314	5679373	59.75
1941-1949	15-19	0.00157	0.00782	2.7	94639	740	471494	5205059	55.00
1941-1949	20-24	0.00217	0.01079	2.53	93898	1014	466990	4733565	50.41
1941-1949	25-29	0.00214	0.01062	2.5	92885	987	461961	4266575	45.93
1941-1949	30-34	0.00252	0.01252	2.61	91898	1150	456736	3804615	41.40
1941-1949	35-39	0.00356	0.01767	2.64	90748	1604	449957	3347879	36.89
1941-1949	40-44	0.00516	0.02547	2.64	89144	2270	440370	2897922	32.51
1941-1949	45-49	0.00761	0.03739	2.64	86873	3248	426685	2457552	28.29
1941-1949	50-54	0.01107	0.05391	2.62	83625	4508	407390	2030867	24.29
1941-1949	55-59	0.01591	0.07664	2.61	79117	6064	381121	1623478	20.52
1941-1949	60-64	0.02305	0.10922	2.61	73053	7979	346164	1242357	17.01
1941-1949	65-69	0.03464	0.15988	2.6	65074	10404	300378	896193	13.77
1941-1949	70-74	0.05263	0.23329	2.57	54670	12754	242317	595814	10.90
1941-1949	75-79	0.08138	0.33822	2.51	41916	14177	174215	353497	8.43
1941-1949	80-84	0.11785	0.45263	2.44	27739	12556	106543	179282	6.46
1941-1949	85-89	0.18021	0.60666	2.31	15184	9211	51115	72740	4.79
1941-1949	90-94	0.25266	0.72694	2.08	5972	4342	17183	21624	3.62
1941-1949	95-99	0.35267	0.84476	1.92	1631	1378	3906	4441	2.72
1941-1949	100-104	0.46503	0.91653	1.7	253	232	499	535	2.11
1941-1949	105-109	0.58206	0.95649	1.49	21	20	35	36	1.71
1941-1949	110+	0.67530	1.00000	1.48	1	1	1	1	1.48
1950-1959	0	0.02723	0.02660	0.12	100000	2660	97670	6994560	69.95
1950-1959	1-4	0.00122	0.00485	1.58	97340	472	388216	6896890	70.85
1950-1959	5-9	0.00052	0.00262	2.33	96868	254	483660	6508674	67.19
1950-1959	10-14	0.00051	0.00253	2.72	96614	244	482512	6025014	62.36
1950-1959	15-19	0.00106	0.00528	2.72	96369	508	480690	5542502	57.51
1950-1959	20-24	0.00139	0.00693	2.53	95861	665	477660	5061812	52.80
1950-1959	25-29	0.00143	0.00714	2.52	95196	680	474296	4584152	48.15
1950-1959	30-34	0.00168	0.00839	2.6	94517	793	470679	4109856	43.48
1950-1959	35-39	0.00238	0.01182	2.66	93724	1107	466032	3639177	38.83
1950-1959	40-44	0.00375	0.01858	2.68	92616	1720	459083	3173144	34.26
1950-1959	45-49	0.00601	0.02965	2.67	90896	2695	448211	2714062	29.86
1950-1959	50-54	0.00918	0.04494	2.65	88201	3964	431674	2265851	25.69
1950-1959	55-59	0.01349	0.06535	2.63	84237	5505	408125	1834177	21.77
1950-1959	60-64	0.01985	0.09480	2.63	78732	7464	375944	1426052	18.11
1950-1959	65-69	0.03024	0.14100	2.61	71268	10048	332279	1050107	14.73
1950-1959	70-74	0.04564	0.20550	2.58	61220	12581	275669	717829	11.73
1950-1959	75-79	0.07060	0.30069	2.54	48639	14625	207158	442160	9.09
1950-1959	80-84	0.10554	0.41664	2.47	34014	14172	134278	235001	6.91
1950-1959	85-89	0.16478	0.57296	2.34	19843	11369	68995	100724	5.08
1950-1959	90-94	0.24254	0.71773	2.16	8473	6082	25074	31729	3.74
1950-1959	95-99	0.34373	0.83773	1.94	2392	2004	5829	6655	2.78
1950-1959	100-104	0.46170	0.91556	1.7	388	355	770	825	2.13
1950-1959	105-109	0.58517	0.95757	1.49	33	31	54	56	1.70
1950-1959	110+	0.68320	1.00000	1.46	1	1	2	2	1.46
1960-1969	0	0.02260	0.02215	0.11	100000	2215	98031	7106101	71.06
1960-1969	1-4	0.00097	0.00388	1.62	97785	379	390235	7008070	71.67
1960-1969	5-9	0.00043	0.00214	2.28	97405	208	486462	6617834	67.94
1960-1969	10-14	0.00040	0.00199	2.72	97197	194	485544	6131373	63.08
1960-1969	15-19	0.00102	0.00509	2.83	97004	494	483946	5645829	58.20
1960-1969	20-24	0.00137	0.00682	2.48	96510	658	480893	5161883	53.49
1960-1969	25-29	0.00136	0.00677	2.52	95852	649	477652	4680990	48.84
1960-1969	30-34	0.00161	0.00804	2.61	95203	765	474184	4203338	44.15
1960-1969	35-39	0.00226	0.01122	2.66	94438	1059	469713	3729154	39.49
1960-1969	40-44	0.00348	0.01726	2.69	93378	1612	463161	3259440	34.91
1960-1969	45-49	0.00547	0.02702	2.67	91766	2480	453063	2796280	30.47
1960-1969	50-54	0.00859	0.04213	2.66	89287	3761	437628	2343216	26.24
1960-1969	55-59	0.01295	0.06283	2.63	85526	5373	414917	1905588	22.28
1960-1969	60-64	0.01916	0.09160	2.62	80152	7342	383289	1490671	18.60
1960-1969	65-69	0.02833	0.13259	2.59	72810	9654	340785	1107382	15.21
1960-1969	70-74	0.04255	0.19295	2.59	63156	12186	286368	766597	12.14
1960-1969	75-79	0.06488	0.27968	2.54	50970	14255	219722	480229	9.42
1960-1969	80-84	0.10062	0.40178	2.49	36715	14751	146598	260507	7.10
1960-1969	85-89	0.15919	0.56004	2.35	21964	12301	77271	113908	5.19
1960-1969	90-94	0.23781	0.71040	2.17	9663	6865	28866	36638	3.79
1960-1969	95-99	0.34398	0.83857	1.94	2798	2347	6822	7772	2.78
1960-1969	100-104	0.46722	0.91859	1.7	452	415	888	950	2.10
1960-1969	105-109	0.59605	0.96035	1.47	37	35	59	61	1.67
1960-1969	110+	0.69769	1.00000	1.43	1	1	2	2	1.43
1970-1979	0	0.01486	0.01466	0.09	100000	1466	98665	7318522	73.19
1970-1979	1-4	0.00078	0.00310	1.65	98534	306	393418	7219856	73.27
1970-1979	5-9	0.00036	0.00182	2.3	98229	179	490660	6826439	69.50
1970-1979	10-14	0.00036	0.00179	2.76	98050	175	489855	6335779	64.62
1970-1979	15-19	0.00111	0.00554	2.87	97875	543	488219	5845923	59.73
1970-1979	20-24	0.00149	0.00741	2.48	97332	721	484846	5357704	55.05
1970-1979	25-29	0.00140	0.00697	2.5	96611	673	481372	4872858	50.44
1970-1979	30-34	0.00149	0.00742	2.56	95938	711	477954	4391487	45.77
1970-1979	35-39	0.00201	0.00998	2.63	95226	950	473879	3913532	41.10
1970-1979	40-44	0.00301	0.01497	2.66	94276	1411	468082	3439653	36.48
1970-1979	45-49	0.00475	0.02350	2.66	92865	2182	459226	2971571	32.00
1970-1979	50-54	0.00726	0.03571	2.65	90683	3238	445804	2512345	27.70
1970-1979	55-59	0.01113	0.05423	2.65	87445	4742	426063	2066541	23.63
1970-1979	60-64	0.01692	0.08132	2.63	82703	6726	397577	1640478	19.84
1970-1979	65-69	0.02452	0.11581	2.6	75977	8799	358808	1242901	16.36
1970-1979	70-74	0.03673	0.16871	2.59	67179	11334	308557	884092	13.16
1970-1979	75-79	0.05632	0.24757	2.56	55845	13826	245469	575535	10.31
1970-1979	80-84	0.08601	0.35437	2.52	42019	14890	173122	330066	7.86
1970-1979	85-89	0.13588	0.50237	2.41	27129	13629	100300	156944	5.79
1970-1979	90-94	0.20981	0.66408	2.24	13500	8965	42731	56644	4.20
1970-1979	95-99	0.30674	0.80192	2.03	4535	3637	11856	13913	3.07
1970-1979	100-104	0.42598	0.89769	1.78	898	806	1893	2057	2.29
1970-1979	105-109	0.55612	0.95054	1.54	92	87	157	164	1.78
1970-1979	110+	0.66179	1.00000	1.51	5	5	7	7	1.51
1980-1989	0	0.00991	0.00982	0.08	100000	982	99092	7537128	75.37
1980-1989	1-4	0.00055	0.00221	1.58	99018	219	395543	7438035	75.12
1980-1989	5-9	0.00026	0.00129	2.39	98799	128	493663	7042492	71.28
1980-1989	10-14	0.00028	0.00141	2.81	98671	139	493052	6548829	66.37
1980-1989	15-19	0.00091	0.00456	2.87	98532	450	491701	6055778	61.46
1980-1989	20-24	0.00120	0.00600	2.5	98082	588	488943	5564077	56.73
1980-1989	25-29	0.00122	0.00607	2.51	97494	592	485999	5075133	52.06
1980-1989	30-34	0.00139	0.00692	2.57	96902	671	482882	4589134	47.36
1980-1989	35-39	0.00175	0.00872	2.59	96231	839	479136	4106252	42.67
1980-1989	40-44	0.00242	0.01201	2.64	95392	1146	474253	3627116	38.02
1980-1989	45-49	0.00371	0.01838	2.66	94246	1733	467186	3152863	33.45
1980-1989	50-54	0.00588	0.02900	2.67	92514	2683	456315	2685677	29.03
1980-1989	55-59	0.00930	0.04552	2.66	89831	4089	439576	2229362	24.82
1980-1989	60-64	0.01429	0.06909	2.63	85742	5924	414667	1789786	20.87
1980-1989	65-69	0.02135	0.10158	2.62	79817	8108	379827	1375119	17.23
1980-1989	70-74	0.03286	0.15232	2.6	71710	10923	332380	995292	13.88
1980-1989	75-79	0.04985	0.22228	2.57	60787	13512	271068	662912	10.91
1980-1989	80-84	0.07876	0.32955	2.52	47275	15579	197796	391844	8.29
1980-1989	85-89	0.12465	0.47225	2.43	31696	14968	120081	194048	6.12
1980-1989	90-94	0.19507	0.63753	2.28	16727	10664	54669	73967	4.42
1980-1989	95-99	0.29339	0.78737	2.06	6063	4774	16272	19298	3.18
1980-1989	100-104	0.41440	0.89131	1.8	1289	1149	2773	3026	2.35
1980-1989	105-109	0.54852	0.94868	1.55	140	133	242	253	1.81
1980-1989	110+	0.65825	1.00000	1.52	7	7	11	11	1.52
1990-1999	0	0.00702	0.00697	0.07	100000	697	99350	7688622	76.89
1990-1999	1-4	0.00038	0.00153	1.59	99303	152	396846	7589273	76.43
1990-1999	5-9	0.00018	0.00090	2.39	99151	89	495523	7192427	72.54
1990-1999	10-14	0.00024	0.00118	2.9	99062	117	495065	6696904	67.60
1990-1999	15-19	0.00081	0.00404	2.85	98945	400	493866	6201838	62.68
1990-1999	20-24	0.00103	0.00512	2.47	98546	505	491452	5707972	57.92
1990-1999	25-29	0.00104	0.00519	2.56	98041	509	488965	5216520	53.21
1990-1999	30-34	0.00135	0.00672	2.63	97532	656	486108	4727555	48.47
1990-1999	35-39	0.00179	0.00889	2.62	96877	861	482331	4241446	43.78
1990-1999	40-44	0.00243	0.01208	2.63	96015	1159	477323	3759115	39.15
1990-1999	45-49	0.00336	0.01666	2.62	94856	1580	470526	3281792	34.60
1990-1999	50-54	0.00496	0.02453	2.66	93276	2288	461033	2811266	30.14
1990-1999	55-59	0.00775	0.03808	2.67	90988	3465	446856	2350233	25.83
1990-1999	60-64	0.01235	0.06002	2.65	87523	5253	425245	1903377	21.75
1990-1999	65-69	0.01864	0.08926	2.63	82270	7343	393980	1478132	17.97
1990-1999	70-74	0.02898	0.13550	2.61	74926	10152	350377	1084152	14.47
1990-1999	75-79	0.04456	0.20116	2.58	64774	13030	292391	733774	11.33
1990-1999	80-84	0.07382	0.31257	2.55	51744	16173	219101	441383	8.53
1990-1999	85-89	0.11928	0.45754	2.46	35571	16275	136442	222282	6.25
1990-1999	90-94	0.19272	0.63393	2.3	19296	12232	63471	85840	4.45
1990-1999	95-99	0.29440	0.78943	2.06	7064	5576	18941	22369	3.17
1990-1999	100-104	0.42238	0.89674	1.79	1487	1334	3158	3428	2.30
1990-1999	105-109	0.56351	0.95320	1.53	154	146	260	270	1.76
1990-1999	110+	0.67779	1.00000	1.48	7	7	11	11	1.48
2000-2009	0	0.00576	0.00573	0.06	100000	573	99464	7864280	78.64
2000-2009	1-4	0.00028	0.00112	1.6	99427	112	397440	7764816	78.10
2000-2009	5-9	0.00014	0.00068	2.4	99316	67	496403	7367376	74.18
2000-2009	10-14	0.00017	0.00084	2.83	99248	83	496061	6870973	69.23
2000-2009	15-19	0.00060	0.00300	2.96	99165	297	495219	6374912	64.29
2000-2009	20-24	0.00087	0.00435	2.47	98868	430	493252	5879693	59.47
2000-2009	25-29	0.00085	0.00425	2.51	98437	418	491145	5386442	54.72
2000-2009	30-34	0.00098	0.00491	2.61	98019	481	488945	4895297	49.94
2000-2009	35-39	0.00136	0.00679	2.66	97538	662	486139	4406352	45.18
2000-2009	40-44	0.00207	0.01029	2.67	96876	997	482051	3920213	40.47
2000-2009	45-49	0.00316	0.01567	2.66	95879	1502	475875	3438161	35.86
2000-2009	50-54	0.00462	0.02283	2.64	94377	2155	466796	2962286	31.39
2000-2009	55-59	0.00663	0.03266	2.64	92222	3012	454003	2495491	27.06
2000-2009	60-64	0.01006	0.04914	2.65	89210	4384	435735	2041488	22.88
2000-2009	65-69	0.01529	0.07378	2.64	84826	6258	409359	1605752	18.93
2000-2009	70-74	0.02405	0.11380	2.64	78568	8941	371735	1196394	15.23
2000-2009	75-79	0.03858	0.17663	2.61	69627	12298	318770	824659	11.84
2000-2009	80-84	0.06693	0.28797	2.58	57329	16509	246669	505889	8.82
2000-2009	85-89	0.11420	0.44373	2.49	40820	18113	158606	259220	6.35
2000-2009	90-94	0.19230	0.63374	2.31	22707	14390	74833	100614	4.43
2000-2009	95-99	0.30100	0.79820	2.06	8317	6638	22054	25781	3.10
2000-2009	100-104	0.43952	0.90707	1.76	1678	1522	3464	3726	2.22
2000-2009	105-109	0.58975	0.96003	1.49	156	150	254	263	1.68
2000-2009	110+	0.70861	1.00000	1.41	6	6	9	9	1.41
2010-2019	0	0.00475	0.00473	0.06	100000	473	99556	8011930	80.12
2010-2019	1-4	0.00022	0.00087	1.58	99527	86	397900	7912373	79.50
2010-2019	5-9	0.00010	0.00050	2.39	99441	50	497075	7514473	75.57
2010-2019	10-14	0.00013	0.00066	2.85	99391	66	496814	7017398	70.60
2010-2019	15-19	0.00045	0.00224	2.98	99325	222	496177	6520584	65.65
2010-2019	20-24	0.00079	0.00395	2.55	99103	391	494558	6024407	60.79
2010-2019	25-29	0.00089	0.00445	2.55	98712	439	492485	5529848	56.02
2010-2019	30-34	0.00105	0.00522	2.57	98273	513	490120	5037363	51.26
2010-2019	35-39	0.00130	0.00649	2.59	97760	635	487273	4547244	46.51
2010-2019	40-44	0.00177	0.00881	2.64	97125	855	483608	4059971	41.80
2010-2019	45-49	0.00272	0.01350	2.69	96270	1300	478343	3576363	37.15
2010-2019	50-54	0.00422	0.02089	2.66	94970	1984	470208	3098020	32.62
2010-2019	55-59	0.00632	0.03116	2.64	92986	2897	458085	2627813	28.26
2010-2019	60-64	0.00912	0.04462	2.63	90089	4020	440902	2169728	24.08
2010-2019	65-69	0.01295	0.06282	2.63	86070	5407	417513	1728826	20.09
2010-2019	70-74	0.01984	0.09478	2.64	80662	7645	385283	1311313	16.26
2010-2019	75-79	0.03225	0.14982	2.63	73017	10939	339190	926030	12.68
2010-2019	80-84	0.05785	0.25414	2.61	62078	15777	272710	586840	9.45
2010-2019	85-89	0.10158	0.40591	2.53	46301	18794	185024	314129	6.78
2010-2019	90-94	0.17732	0.60340	2.35	27507	16598	93605	129106	4.69
2010-2019	95-99	0.28351	0.77830	2.1	10909	8491	29949	35501	3.25
2010-2019	100-104	0.42359	0.89885	1.8	2419	2174	5132	5552	2.30
2010-2019	105-109	0.57830	0.95763	1.51	245	234	405	420	1.72
2010-2019	110+	0.70172	1.00000	1.43	10	10	15	15	1.43
2020-2022	0	0.00441	0.00439	0.06	100000	439	99588	7835655	78.36
2020-2022	1-4	0.00021	0.00083	1.56	99561	82	398043	7736067	77.70
2020-2022	5-9	0.00010	0.00049	2.43	99479	49	497268	7338024	73.76
2020-2022	10-14	0.00015	0.00076	2.92	99430	75	496993	6840757	68.80
2020-2022	15-19	0.00058	0.00288	2.99	99355	286	496197	6343764	63.85
2020-2022	20-24	0.00105	0.00523	2.6	99068	518	494098	5847567	59.03
2020-2022	25-29	0.00133	0.00664	2.6	98550	654	491182	5353469	54.32
2020-2022	30-34	0.00169	0.00840	2.57	97896	822	487478	4862288	49.67
2020-2022	35-39	0.00203	0.01012	2.58	97073	982	482991	4374809	45.07
2020-2022	40-44	0.00257	0.01279	2.59	96091	1229	477492	3891819	40.50
2020-2022	45-49	0.00345	0.01711	2.64	94862	1623	470476	3414326	35.99
2020-2022	50-54	0.00502	0.02478	2.64	93239	2311	460738	2943850	31.57
2020-2022	55-59	0.00747	0.03672	2.64	90928	3339	446768	2483112	27.31
2020-2022	60-64	0.01094	0.05330	2.62	87589	4669	426816	2036344	23.25
2020-2022	65-69	0.01514	0.07304	2.6	82920	6057	400071	1609528	19.41
2020-2022	70-74	0.02206	0.10484	2.63	76864	8058	365211	1209457	15.74
2020-2022	75-79	0.03579	0.16501	2.64	68806	11354	317202	844246	12.27
2020-2022	80-84	0.06104	0.26627	2.6	57452	15298	250616	527044	9.17
2020-2022	85-89	0.10729	0.42345	2.51	42154	17850	166371	276428	6.56
2020-2022	90-94	0.18602	0.62150	2.33	24304	15105	81200	110056	4.53
2020-2022	95-99	0.29625	0.79354	2.07	9199	7300	24641	28856	3.14
2020-2022	100-104	0.43943	0.90755	1.77	1899	1724	3923	4216	2.22
2020-2022	105-109	0.59491	0.96143	1.48	176	169	284	293	1.67
2020-2022	110+	0.71718	1.00000	1.39	7	7	9	9	1.39
