Reg4: Reg4, Lifetables (period 1x10), Both sexes Last modified: February 4 2025, MPv5 (May07) 

Year     	Age	mx	qx	ax	lx	dx	Lx	Tx	ex
1941-1949	0	0.03793	0.03675	0.15	100000	3675	96890	6635867	66.36
1941-1949	1	0.00368	0.00367	0.5	96325	354	96148	6538977	67.88
1941-1949	2	0.00210	0.00210	0.5	95971	201	95871	6442829	67.13
1941-1949	3	0.00156	0.00156	0.5	95770	149	95695	6346958	66.27
1941-1949	4	0.00125	0.00125	0.5	95621	120	95561	6251263	65.38
1941-1949	5	0.00109	0.00109	0.5	95501	104	95449	6155702	64.46
1941-1949	6	0.00099	0.00099	0.5	95397	95	95350	6060253	63.53
1941-1949	7	0.00092	0.00092	0.5	95303	87	95259	5964903	62.59
1941-1949	8	0.00085	0.00085	0.5	95215	81	95175	5869644	61.65
1941-1949	9	0.00080	0.00080	0.5	95134	76	95096	5774469	60.70
1941-1949	10	0.00077	0.00077	0.5	95058	73	95021	5679373	59.75
1941-1949	11	0.00079	0.00078	0.5	94985	75	94947	5584352	58.79
1941-1949	12	0.00084	0.00084	0.5	94910	80	94870	5489404	57.84
1941-1949	13	0.00094	0.00094	0.5	94830	89	94786	5394534	56.89
1941-1949	14	0.00108	0.00108	0.5	94741	102	94690	5299749	55.94
1941-1949	15	0.00125	0.00124	0.5	94639	118	94580	5205059	55.00
1941-1949	16	0.00141	0.00141	0.5	94521	133	94454	5110479	54.07
1941-1949	17	0.00157	0.00157	0.5	94388	148	94314	5016024	53.14
1941-1949	18	0.00173	0.00173	0.5	94240	163	94158	4921711	52.23
1941-1949	19	0.00189	0.00189	0.5	94076	178	93987	4827553	51.32
1941-1949	20	0.00205	0.00204	0.5	93898	192	93802	4733565	50.41
1941-1949	21	0.00216	0.00216	0.5	93707	202	93606	4639763	49.51
1941-1949	22	0.00222	0.00221	0.5	93505	207	93401	4546157	48.62
1941-1949	23	0.00223	0.00223	0.5	93297	208	93194	4452756	47.73
1941-1949	24	0.00220	0.00220	0.5	93090	205	92987	4359563	46.83
1941-1949	25	0.00215	0.00215	0.5	92885	200	92785	4266575	45.93
1941-1949	26	0.00211	0.00211	0.5	92685	196	92587	4173790	45.03
1941-1949	27	0.00210	0.00210	0.5	92490	194	92392	4081203	44.13
1941-1949	28	0.00213	0.00213	0.5	92295	196	92197	3988810	43.22
1941-1949	29	0.00219	0.00218	0.5	92099	201	91999	3896613	42.31
1941-1949	30	0.00227	0.00227	0.5	91898	208	91794	3804615	41.40
1941-1949	31	0.00237	0.00236	0.5	91690	217	91581	3712821	40.49
1941-1949	32	0.00249	0.00249	0.5	91473	228	91359	3621239	39.59
1941-1949	33	0.00264	0.00264	0.5	91246	241	91125	3529880	38.69
1941-1949	34	0.00283	0.00282	0.5	91005	257	90876	3438755	37.79
1941-1949	35	0.00305	0.00305	0.5	90748	277	90609	3347879	36.89
1941-1949	36	0.00329	0.00329	0.5	90471	297	90322	3257270	36.00
1941-1949	37	0.00354	0.00353	0.5	90174	319	90014	3166948	35.12
1941-1949	38	0.00382	0.00382	0.5	89855	343	89683	3076933	34.24
1941-1949	39	0.00412	0.00412	0.5	89512	368	89328	2987250	33.37
1941-1949	40	0.00442	0.00441	0.5	89144	393	88947	2897922	32.51
1941-1949	41	0.00472	0.00471	0.5	88750	418	88541	2808975	31.65
1941-1949	42	0.00510	0.00509	0.5	88332	450	88108	2720434	30.80
1941-1949	43	0.00555	0.00554	0.5	87883	487	87639	2632326	29.95
1941-1949	44	0.00600	0.00598	0.5	87396	523	87135	2544687	29.12
1941-1949	45	0.00652	0.00650	0.5	86873	565	86591	2457552	28.29
1941-1949	46	0.00704	0.00702	0.5	86309	606	86006	2370961	27.47
1941-1949	47	0.00757	0.00754	0.5	85703	646	85380	2284955	26.66
1941-1949	48	0.00815	0.00812	0.5	85057	690	84712	2199575	25.86
1941-1949	49	0.00883	0.00879	0.5	84367	742	83996	2114863	25.07
1941-1949	50	0.00960	0.00956	0.5	83625	799	83225	2030867	24.29
1941-1949	51	0.01027	0.01022	0.5	82826	847	82403	1947642	23.51
1941-1949	52	0.01099	0.01093	0.5	81979	896	81531	1865239	22.75
1941-1949	53	0.01183	0.01176	0.5	81084	953	80607	1783708	22.00
1941-1949	54	0.01272	0.01264	0.5	80130	1013	79624	1703101	21.25
1941-1949	55	0.01372	0.01363	0.5	79117	1078	78578	1623478	20.52
1941-1949	56	0.01473	0.01462	0.5	78039	1141	77468	1544900	19.80
1941-1949	57	0.01583	0.01570	0.5	76898	1208	76294	1467432	19.08
1941-1949	58	0.01707	0.01692	0.5	75690	1281	75050	1391138	18.38
1941-1949	59	0.01839	0.01822	0.5	74409	1356	73731	1316088	17.69
1941-1949	60	0.01984	0.01964	0.5	73053	1435	72336	1242357	17.01
1941-1949	61	0.02126	0.02104	0.5	71618	1507	70865	1170021	16.34
1941-1949	62	0.02289	0.02263	0.5	70112	1586	69318	1099156	15.68
1941-1949	63	0.02482	0.02452	0.5	68525	1680	67685	1029838	15.03
1941-1949	64	0.02685	0.02649	0.5	66845	1771	65960	962153	14.39
1941-1949	65	0.02928	0.02886	0.5	65074	1878	64135	896193	13.77
1941-1949	66	0.03184	0.03134	0.5	63196	1980	62206	832057	13.17
1941-1949	67	0.03451	0.03392	0.5	61216	2077	60177	769852	12.58
1941-1949	68	0.03763	0.03693	0.5	59139	2184	58047	709674	12.00
1941-1949	69	0.04093	0.04011	0.5	56955	2284	55813	651627	11.44
1941-1949	70	0.04462	0.04364	0.5	54670	2386	53477	595814	10.90
1941-1949	71	0.04823	0.04709	0.5	52284	2462	51053	542337	10.37
1941-1949	72	0.05238	0.05104	0.5	49822	2543	48551	491284	9.86
1941-1949	73	0.05748	0.05588	0.5	47279	2642	45958	442733	9.36
1941-1949	74	0.06288	0.06097	0.5	44638	2721	43277	396774	8.89
1941-1949	75	0.06912	0.06681	0.5	41916	2801	40516	353497	8.43
1941-1949	76	0.07543	0.07269	0.5	39116	2843	37694	312982	8.00
1941-1949	77	0.08168	0.07847	0.5	36272	2846	34849	275288	7.59
1941-1949	78	0.08914	0.08534	0.5	33426	2853	32000	240438	7.19
1941-1949	79	0.09720	0.09270	0.5	30573	2834	29156	208439	6.82
1941-1949	80	0.09982	0.09508	0.5	27739	2637	26421	179282	6.46
1941-1949	81	0.10925	0.10359	0.5	25102	2600	23802	152862	6.09
1941-1949	82	0.11954	0.11280	0.5	22502	2538	21233	129060	5.74
1941-1949	83	0.13070	0.12269	0.5	19963	2449	18739	107827	5.40
1941-1949	84	0.14255	0.13306	0.5	17514	2331	16349	89089	5.09
1941-1949	85	0.15502	0.14387	0.5	15184	2184	14091	72740	4.79
1941-1949	86	0.16893	0.15578	0.5	12999	2025	11987	58648	4.51
1941-1949	87	0.18471	0.16910	0.5	10974	1856	10046	46661	4.25
1941-1949	88	0.20204	0.18350	0.5	9119	1673	8282	36615	4.02
1941-1949	89	0.21955	0.19783	0.5	7445	1473	6709	28333	3.81
1941-1949	90	0.23487	0.21019	0.5	5972	1255	5345	21624	3.62
1941-1949	91	0.24827	0.22085	0.5	4717	1042	4196	16280	3.45
1941-1949	92	0.25982	0.22995	0.5	3675	845	3253	12084	3.29
1941-1949	93	0.26907	0.23716	0.5	2830	671	2495	8831	3.12
1941-1949	94	0.27871	0.24462	0.5	2159	528	1895	6336	2.93
1941-1949	95	0.32364	0.27856	0.5	1631	454	1404	4441	2.72
1941-1949	96	0.34528	0.29445	0.5	1177	346	1003	3038	2.58
1941-1949	97	0.36760	0.31053	0.5	830	258	701	2034	2.45
1941-1949	98	0.39053	0.32673	0.5	572	187	479	1333	2.33
1941-1949	99	0.41399	0.34299	0.5	385	132	319	854	2.22
1941-1949	100	0.43786	0.35922	0.5	253	91	208	535	2.11
1941-1949	101	0.46206	0.37534	0.5	162	61	132	327	2.02
1941-1949	102	0.48646	0.39128	0.5	101	40	82	196	1.93
1941-1949	103	0.51095	0.40697	0.5	62	25	49	114	1.85
1941-1949	104	0.53541	0.42234	0.5	37	15	29	65	1.78
1941-1949	105	0.55972	0.43733	0.5	21	9	17	36	1.71
1941-1949	106	0.58378	0.45188	0.5	12	5	9	20	1.65
1941-1949	107	0.60746	0.46594	0.5	7	3	5	10	1.59
1941-1949	108	0.63067	0.47948	0.5	3	2	3	5	1.54
1941-1949	109	0.65332	0.49245	0.5	2	1	1	3	1.51
1941-1949	110+	0.67530	1.00000	1.48	1	1	1	1	1.48
1950-1959	0	0.02723	0.02660	0.12	100000	2660	97670	6994560	69.95
1950-1959	1	0.00198	0.00198	0.5	97340	192	97244	6896890	70.85
1950-1959	2	0.00124	0.00124	0.5	97148	121	97087	6799646	69.99
1950-1959	3	0.00092	0.00092	0.5	97027	90	96982	6702558	69.08
1950-1959	4	0.00072	0.00072	0.5	96937	69	96903	6605576	68.14
1950-1959	5	0.00062	0.00062	0.5	96868	60	96838	6508674	67.19
1950-1959	6	0.00057	0.00057	0.5	96808	55	96780	6411836	66.23
1950-1959	7	0.00052	0.00052	0.5	96752	50	96727	6315056	65.27
1950-1959	8	0.00047	0.00047	0.5	96702	46	96679	6218329	64.30
1950-1959	9	0.00044	0.00044	0.5	96657	43	96635	6121649	63.33
1950-1959	10	0.00043	0.00043	0.5	96614	41	96593	6025014	62.36
1950-1959	11	0.00043	0.00043	0.5	96573	42	96552	5928421	61.39
1950-1959	12	0.00047	0.00047	0.5	96531	46	96508	5831869	60.41
1950-1959	13	0.00054	0.00054	0.5	96485	53	96459	5735361	59.44
1950-1959	14	0.00065	0.00065	0.5	96433	63	96401	5638903	58.48
1950-1959	15	0.00080	0.00080	0.5	96369	77	96331	5542502	57.51
1950-1959	16	0.00094	0.00094	0.5	96292	90	96247	5446171	56.56
1950-1959	17	0.00108	0.00108	0.5	96202	104	96150	5349924	55.61
1950-1959	18	0.00119	0.00119	0.5	96098	115	96040	5253774	54.67
1950-1959	19	0.00127	0.00127	0.5	95983	122	95922	5157734	53.74
1950-1959	20	0.00133	0.00133	0.5	95861	128	95797	5061812	52.80
1950-1959	21	0.00139	0.00139	0.5	95733	133	95667	4966015	51.87
1950-1959	22	0.00140	0.00140	0.5	95600	133	95533	4870348	50.94
1950-1959	23	0.00142	0.00142	0.5	95467	135	95399	4774815	50.02
1950-1959	24	0.00142	0.00142	0.5	95331	135	95264	4679416	49.09
1950-1959	25	0.00141	0.00141	0.5	95196	135	95129	4584152	48.15
1950-1959	26	0.00141	0.00141	0.5	95062	134	94995	4489023	47.22
1950-1959	27	0.00142	0.00142	0.5	94928	135	94860	4394028	46.29
1950-1959	28	0.00144	0.00144	0.5	94793	137	94725	4299167	45.35
1950-1959	29	0.00148	0.00147	0.5	94656	140	94587	4204443	44.42
1950-1959	30	0.00152	0.00152	0.5	94517	144	94445	4109856	43.48
1950-1959	31	0.00159	0.00159	0.5	94373	150	94298	4015411	42.55
1950-1959	32	0.00168	0.00168	0.5	94223	158	94144	3921114	41.62
1950-1959	33	0.00177	0.00177	0.5	94065	166	93982	3826970	40.68
1950-1959	34	0.00186	0.00186	0.5	93899	175	93811	3732988	39.76
1950-1959	35	0.00200	0.00200	0.5	93724	188	93630	3639177	38.83
1950-1959	36	0.00216	0.00216	0.5	93536	202	93435	3545547	37.91
1950-1959	37	0.00235	0.00234	0.5	93334	219	93225	3452112	36.99
1950-1959	38	0.00256	0.00256	0.5	93115	238	92996	3358887	36.07
1950-1959	39	0.00281	0.00281	0.5	92877	261	92747	3265891	35.16
1950-1959	40	0.00309	0.00309	0.5	92616	286	92473	3173144	34.26
1950-1959	41	0.00340	0.00339	0.5	92330	313	92174	3080671	33.37
1950-1959	42	0.00373	0.00372	0.5	92017	342	91846	2988497	32.48
1950-1959	43	0.00405	0.00405	0.5	91675	371	91489	2896651	31.60
1950-1959	44	0.00448	0.00447	0.5	91304	408	91100	2805162	30.72
1950-1959	45	0.00494	0.00493	0.5	90896	448	90672	2714062	29.86
1950-1959	46	0.00542	0.00541	0.5	90448	489	90203	2623390	29.00
1950-1959	47	0.00599	0.00597	0.5	89958	537	89690	2533187	28.16
1950-1959	48	0.00656	0.00654	0.5	89421	585	89129	2443497	27.33
1950-1959	49	0.00718	0.00715	0.5	88836	635	88518	2354369	26.50
1950-1959	50	0.00772	0.00769	0.5	88201	679	87861	2265851	25.69
1950-1959	51	0.00840	0.00836	0.5	87522	732	87156	2177989	24.89
1950-1959	52	0.00919	0.00915	0.5	86790	794	86393	2090833	24.09
1950-1959	53	0.00993	0.00988	0.5	85996	850	85571	2004440	23.31
1950-1959	54	0.01074	0.01068	0.5	85146	910	84692	1918868	22.54
1950-1959	55	0.01154	0.01147	0.5	84237	967	83754	1834177	21.77
1950-1959	56	0.01244	0.01236	0.5	83270	1029	82756	1750423	21.02
1950-1959	57	0.01337	0.01328	0.5	82241	1092	81695	1667668	20.28
1950-1959	58	0.01451	0.01440	0.5	81149	1169	80565	1585973	19.54
1950-1959	59	0.01573	0.01561	0.5	79980	1248	79356	1505408	18.82
1950-1959	60	0.01682	0.01668	0.5	78732	1313	78075	1426052	18.11
1950-1959	61	0.01811	0.01794	0.5	77418	1389	76724	1347977	17.41
1950-1959	62	0.01977	0.01958	0.5	76029	1488	75285	1271253	16.72
1950-1959	63	0.02149	0.02127	0.5	74541	1585	73748	1195968	16.04
1950-1959	64	0.02340	0.02313	0.5	72956	1688	72112	1122219	15.38
1950-1959	65	0.02556	0.02524	0.5	71268	1799	70369	1050107	14.73
1950-1959	66	0.02773	0.02735	0.5	69469	1900	68519	979739	14.10
1950-1959	67	0.03027	0.02982	0.5	67569	2015	66562	911219	13.49
1950-1959	68	0.03278	0.03225	0.5	65555	2114	64498	844657	12.88
1950-1959	69	0.03564	0.03501	0.5	63441	2221	62330	780159	12.30
1950-1959	70	0.03849	0.03776	0.5	61220	2312	60064	717829	11.73
1950-1959	71	0.04177	0.04092	0.5	58908	2410	57703	657765	11.17
1950-1959	72	0.04571	0.04469	0.5	56498	2525	55235	600062	10.62
1950-1959	73	0.04959	0.04839	0.5	53973	2612	52667	544827	10.09
1950-1959	74	0.05444	0.05300	0.5	51361	2722	50000	492160	9.58
1950-1959	75	0.05954	0.05782	0.5	48639	2812	47233	442160	9.09
1950-1959	76	0.06481	0.06278	0.5	45827	2877	44388	394927	8.62
1950-1959	77	0.07066	0.06825	0.5	42950	2931	41484	350538	8.16
1950-1959	78	0.07740	0.07452	0.5	40019	2982	38528	309054	7.72
1950-1959	79	0.08508	0.08161	0.5	37037	3023	35525	270527	7.30
1950-1959	80	0.08857	0.08482	0.5	34014	2885	32572	235001	6.91
1950-1959	81	0.09680	0.09234	0.5	31129	2874	29692	202430	6.50
1950-1959	82	0.10668	0.10128	0.5	28255	2862	26824	172738	6.11
1950-1959	83	0.11762	0.11109	0.5	25393	2821	23983	145914	5.75
1950-1959	84	0.12872	0.12094	0.5	22572	2730	21207	121931	5.40
1950-1959	85	0.14085	0.13158	0.5	19843	2611	18537	100724	5.08
1950-1959	86	0.15414	0.14311	0.5	17232	2466	15999	82187	4.77
1950-1959	87	0.16834	0.15527	0.5	14766	2293	13619	66188	4.48
1950-1959	88	0.18444	0.16887	0.5	12473	2106	11420	52569	4.21
1950-1959	89	0.20097	0.18262	0.5	10367	1893	9420	41149	3.97
1950-1959	90	0.21622	0.19512	0.5	8473	1653	7647	31729	3.74
1950-1959	91	0.23130	0.20733	0.5	6820	1414	6113	24082	3.53
1950-1959	92	0.24922	0.22161	0.5	5406	1198	4807	17969	3.32
1950-1959	93	0.26986	0.23777	0.5	4208	1001	3708	13162	3.13
1950-1959	94	0.29134	0.25430	0.5	3208	816	2800	9454	2.95
1950-1959	95	0.31302	0.27066	0.5	2392	647	2068	6655	2.78
1950-1959	96	0.33557	0.28736	0.5	1744	501	1494	4587	2.63
1950-1959	97	0.35893	0.30431	0.5	1243	378	1054	3093	2.49
1950-1959	98	0.38300	0.32144	0.5	865	278	726	2039	2.36
1950-1959	99	0.40768	0.33865	0.5	587	199	487	1313	2.24
1950-1959	100	0.43287	0.35585	0.5	388	138	319	825	2.13
1950-1959	101	0.45843	0.37295	0.5	250	93	203	506	2.02
1950-1959	102	0.48424	0.38985	0.5	157	61	126	303	1.93
1950-1959	103	0.51016	0.40647	0.5	96	39	76	177	1.85
1950-1959	104	0.53604	0.42274	0.5	57	24	45	100	1.77
1950-1959	105	0.56175	0.43857	0.5	33	14	26	56	1.70
1950-1959	106	0.58715	0.45390	0.5	18	8	14	30	1.63
1950-1959	107	0.61211	0.46867	0.5	10	5	8	16	1.58
1950-1959	108	0.63651	0.48284	0.5	5	3	4	8	1.53
1950-1959	109	0.66023	0.49637	0.5	3	1	2	4	1.49
1950-1959	110+	0.68320	1.00000	1.46	1	1	2	2	1.46
1960-1969	0	0.02260	0.02215	0.11	100000	2215	98031	7106101	71.06
1960-1969	1	0.00153	0.00153	0.5	97785	150	97710	7008070	71.67
1960-1969	2	0.00098	0.00098	0.5	97635	96	97587	6910360	70.78
1960-1969	3	0.00075	0.00075	0.5	97539	73	97503	6812773	69.85
1960-1969	4	0.00062	0.00062	0.5	97466	61	97436	6715270	68.90
1960-1969	5	0.00053	0.00053	0.5	97405	52	97380	6617834	67.94
1960-1969	6	0.00046	0.00046	0.5	97354	45	97331	6520455	66.98
1960-1969	7	0.00042	0.00042	0.5	97308	41	97288	6423124	66.01
1960-1969	8	0.00038	0.00038	0.5	97268	37	97249	6325836	65.04
1960-1969	9	0.00034	0.00034	0.5	97230	33	97214	6228587	64.06
1960-1969	10	0.00033	0.00033	0.5	97197	32	97181	6131373	63.08
1960-1969	11	0.00035	0.00035	0.5	97165	34	97148	6034192	62.10
1960-1969	12	0.00037	0.00037	0.5	97131	36	97113	5937044	61.12
1960-1969	13	0.00043	0.00043	0.5	97095	42	97074	5839931	60.15
1960-1969	14	0.00051	0.00051	0.5	97053	49	97028	5742857	59.17
1960-1969	15	0.00065	0.00065	0.5	97004	63	96972	5645829	58.20
1960-1969	16	0.00087	0.00087	0.5	96941	85	96898	5548857	57.24
1960-1969	17	0.00104	0.00104	0.5	96856	100	96806	5451958	56.29
1960-1969	18	0.00123	0.00123	0.5	96756	119	96696	5355152	55.35
1960-1969	19	0.00131	0.00131	0.5	96637	127	96573	5258456	54.41
1960-1969	20	0.00134	0.00134	0.5	96510	129	96445	5161883	53.49
1960-1969	21	0.00142	0.00142	0.5	96381	136	96313	5065438	52.56
1960-1969	22	0.00140	0.00140	0.5	96244	134	96177	4969125	51.63
1960-1969	23	0.00139	0.00139	0.5	96110	133	96043	4872948	50.70
1960-1969	24	0.00130	0.00130	0.5	95977	125	95914	4776904	49.77
1960-1969	25	0.00135	0.00135	0.5	95852	130	95787	4680990	48.84
1960-1969	26	0.00132	0.00132	0.5	95722	126	95659	4585203	47.90
1960-1969	27	0.00134	0.00133	0.5	95596	128	95532	4489543	46.96
1960-1969	28	0.00138	0.00138	0.5	95469	131	95403	4394011	46.03
1960-1969	29	0.00141	0.00141	0.5	95337	134	95270	4298608	45.09
1960-1969	30	0.00144	0.00144	0.5	95203	137	95134	4203338	44.15
1960-1969	31	0.00150	0.00150	0.5	95066	143	94994	4108204	43.21
1960-1969	32	0.00161	0.00161	0.5	94923	153	94846	4013210	42.28
1960-1969	33	0.00173	0.00173	0.5	94770	164	94688	3918364	41.35
1960-1969	34	0.00178	0.00178	0.5	94606	168	94522	3823676	40.42
1960-1969	35	0.00191	0.00190	0.5	94438	180	94348	3729154	39.49
1960-1969	36	0.00206	0.00206	0.5	94258	194	94161	3634806	38.56
1960-1969	37	0.00221	0.00221	0.5	94064	208	93960	3540645	37.64
1960-1969	38	0.00243	0.00243	0.5	93856	228	93742	3446685	36.72
1960-1969	39	0.00267	0.00267	0.5	93628	250	93503	3352944	35.81
1960-1969	40	0.00288	0.00287	0.5	93378	268	93244	3259440	34.91
1960-1969	41	0.00306	0.00306	0.5	93110	285	92968	3166196	34.00
1960-1969	42	0.00348	0.00348	0.5	92825	323	92664	3073229	33.11
1960-1969	43	0.00380	0.00380	0.5	92502	351	92327	2980565	32.22
1960-1969	44	0.00418	0.00418	0.5	92151	385	91959	2888238	31.34
1960-1969	45	0.00453	0.00452	0.5	91766	415	91559	2796280	30.47
1960-1969	46	0.00492	0.00491	0.5	91351	448	91127	2704721	29.61
1960-1969	47	0.00545	0.00544	0.5	90903	494	90656	2613594	28.75
1960-1969	48	0.00593	0.00591	0.5	90409	535	90141	2522938	27.91
1960-1969	49	0.00655	0.00653	0.5	89874	587	89580	2432797	27.07
1960-1969	50	0.00714	0.00712	0.5	89287	635	88969	2343216	26.24
1960-1969	51	0.00784	0.00781	0.5	88651	693	88305	2254247	25.43
1960-1969	52	0.00852	0.00848	0.5	87959	746	87586	2165942	24.62
1960-1969	53	0.00938	0.00933	0.5	87213	814	86806	2078356	23.83
1960-1969	54	0.01016	0.01011	0.5	86399	873	85962	1991550	23.05
1960-1969	55	0.01092	0.01086	0.5	85526	929	85061	1905588	22.28
1960-1969	56	0.01194	0.01187	0.5	84596	1004	84095	1820527	21.52
1960-1969	57	0.01293	0.01285	0.5	83593	1074	83056	1736433	20.77
1960-1969	58	0.01401	0.01392	0.5	82519	1148	81945	1653377	20.04
1960-1969	59	0.01509	0.01497	0.5	81371	1218	80761	1571432	19.31
1960-1969	60	0.01625	0.01612	0.5	80152	1292	79506	1490671	18.60
1960-1969	61	0.01747	0.01732	0.5	78860	1366	78177	1411165	17.89
1960-1969	62	0.01946	0.01927	0.5	77494	1493	76748	1332988	17.20
1960-1969	63	0.02058	0.02037	0.5	76001	1548	75227	1256240	16.53
1960-1969	64	0.02231	0.02207	0.5	74453	1643	73631	1181013	15.86
1960-1969	65	0.02456	0.02426	0.5	72810	1767	71927	1107382	15.21
1960-1969	66	0.02605	0.02571	0.5	71043	1827	70130	1035455	14.57
1960-1969	67	0.02832	0.02793	0.5	69217	1933	68250	965325	13.95
1960-1969	68	0.03056	0.03010	0.5	67284	2025	66271	897075	13.33
1960-1969	69	0.03274	0.03221	0.5	65258	2102	64207	830804	12.73
1960-1969	70	0.03613	0.03548	0.5	63156	2241	62036	766597	12.14
1960-1969	71	0.03839	0.03767	0.5	60915	2295	59768	704561	11.57
1960-1969	72	0.04299	0.04209	0.5	58621	2467	57387	644793	11.00
1960-1969	73	0.04626	0.04521	0.5	56153	2539	54884	587406	10.46
1960-1969	74	0.05057	0.04932	0.5	53615	2644	52293	532521	9.93
1960-1969	75	0.05559	0.05408	0.5	50970	2757	49592	480229	9.42
1960-1969	76	0.05968	0.05795	0.5	48214	2794	46817	430637	8.93
1960-1969	77	0.06471	0.06268	0.5	45420	2847	43997	383820	8.45
1960-1969	78	0.07053	0.06813	0.5	42573	2901	41123	339823	7.98
1960-1969	79	0.07743	0.07454	0.5	39673	2957	38194	298701	7.53
1960-1969	80	0.08493	0.08147	0.5	36715	2991	35220	260507	7.10
1960-1969	81	0.09003	0.08615	0.5	33724	2905	32271	225287	6.68
1960-1969	82	0.10140	0.09650	0.5	30819	2974	29332	193016	6.26
1960-1969	83	0.11281	0.10678	0.5	27845	2973	26358	163684	5.88
1960-1969	84	0.12416	0.11690	0.5	24871	2908	23418	137326	5.52
1960-1969	85	0.13496	0.12643	0.5	21964	2777	20575	113908	5.19
1960-1969	86	0.14879	0.13848	0.5	19187	2657	17858	93333	4.86
1960-1969	87	0.16539	0.15276	0.5	16530	2525	15267	75474	4.57
1960-1969	88	0.17634	0.16205	0.5	14005	2270	12870	60207	4.30
1960-1969	89	0.19367	0.17657	0.5	11735	2072	10699	47337	4.03
1960-1969	90	0.21273	0.19228	0.5	9663	1858	8734	36638	3.79
1960-1969	91	0.22408	0.20150	0.5	7805	1573	7019	27904	3.58
1960-1969	92	0.24417	0.21760	0.5	6232	1356	5554	20885	3.35
1960-1969	93	0.26863	0.23682	0.5	4876	1155	4299	15331	3.14
1960-1969	94	0.28312	0.24801	0.5	3721	923	3260	11032	2.96
1960-1969	95	0.31195	0.26986	0.5	2798	755	2421	7772	2.78
1960-1969	96	0.33545	0.28727	0.5	2043	587	1750	5351	2.62
1960-1969	97	0.35984	0.30497	0.5	1456	444	1234	3601	2.47
1960-1969	98	0.38502	0.32286	0.5	1012	327	849	2367	2.34
1960-1969	99	0.41087	0.34085	0.5	685	234	569	1518	2.22
1960-1969	100	0.43727	0.35882	0.5	452	162	371	950	2.10
1960-1969	101	0.46407	0.37667	0.5	290	109	235	579	2.00
1960-1969	102	0.49112	0.39430	0.5	181	71	145	344	1.90
1960-1969	103	0.51825	0.41160	0.5	109	45	87	199	1.82
1960-1969	104	0.54531	0.42848	0.5	64	28	51	112	1.74
1960-1969	105	0.57214	0.44487	0.5	37	16	29	61	1.67
1960-1969	106	0.59858	0.46070	0.5	20	9	16	33	1.60
1960-1969	107	0.62448	0.47589	0.5	11	5	8	17	1.55
1960-1969	108	0.64970	0.49040	0.5	6	3	4	9	1.50
1960-1969	109	0.67414	0.50419	0.5	3	1	2	4	1.46
1960-1969	110+	0.69769	1.00000	1.43	1	1	2	2	1.43
1970-1979	0	0.01486	0.01466	0.09	100000	1466	98665	7318522	73.19
1970-1979	1	0.00117	0.00117	0.5	98534	115	98477	7219856	73.27
1970-1979	2	0.00081	0.00081	0.5	98419	79	98380	7121380	72.36
1970-1979	3	0.00064	0.00064	0.5	98340	63	98309	7023000	71.42
1970-1979	4	0.00050	0.00050	0.5	98277	49	98253	6924691	70.46
1970-1979	5	0.00044	0.00044	0.5	98229	43	98207	6826439	69.50
1970-1979	6	0.00041	0.00041	0.5	98186	40	98166	6728231	68.53
1970-1979	7	0.00036	0.00036	0.5	98146	36	98128	6630066	67.55
1970-1979	8	0.00032	0.00032	0.5	98110	31	98095	6531938	66.58
1970-1979	9	0.00030	0.00030	0.5	98079	29	98064	6433843	65.60
1970-1979	10	0.00030	0.00030	0.5	98050	30	98035	6335779	64.62
1970-1979	11	0.00030	0.00030	0.5	98020	29	98006	6237744	63.64
1970-1979	12	0.00032	0.00032	0.5	97991	31	97976	6139738	62.66
1970-1979	13	0.00039	0.00039	0.5	97960	38	97941	6041762	61.68
1970-1979	14	0.00048	0.00048	0.5	97922	47	97898	5943821	60.70
1970-1979	15	0.00067	0.00067	0.5	97875	65	97842	5845923	59.73
1970-1979	16	0.00091	0.00091	0.5	97809	89	97764	5748081	58.77
1970-1979	17	0.00113	0.00113	0.5	97720	110	97665	5650317	57.82
1970-1979	18	0.00136	0.00136	0.5	97610	133	97543	5552652	56.89
1970-1979	19	0.00149	0.00149	0.5	97477	145	97405	5455109	55.96
1970-1979	20	0.00147	0.00147	0.5	97332	143	97260	5357704	55.05
1970-1979	21	0.00152	0.00152	0.5	97189	147	97115	5260444	54.13
1970-1979	22	0.00152	0.00152	0.5	97041	148	96968	5163328	53.21
1970-1979	23	0.00148	0.00148	0.5	96894	143	96822	5066361	52.29
1970-1979	24	0.00144	0.00144	0.5	96750	139	96681	4969539	51.36
1970-1979	25	0.00140	0.00140	0.5	96611	136	96543	4872858	50.44
1970-1979	26	0.00140	0.00140	0.5	96475	135	96408	4776315	49.51
1970-1979	27	0.00137	0.00137	0.5	96341	132	96275	4679907	48.58
1970-1979	28	0.00142	0.00141	0.5	96209	136	96141	4583632	47.64
1970-1979	29	0.00140	0.00140	0.5	96073	135	96005	4487492	46.71
1970-1979	30	0.00141	0.00141	0.5	95938	135	95870	4391487	45.77
1970-1979	31	0.00144	0.00143	0.5	95803	137	95734	4295616	44.84
1970-1979	32	0.00147	0.00147	0.5	95665	141	95595	4199882	43.90
1970-1979	33	0.00151	0.00151	0.5	95524	144	95452	4104288	42.97
1970-1979	34	0.00161	0.00161	0.5	95380	154	95303	4008836	42.03
1970-1979	35	0.00174	0.00174	0.5	95226	166	95143	3913532	41.10
1970-1979	36	0.00188	0.00188	0.5	95060	179	94971	3818389	40.17
1970-1979	37	0.00199	0.00199	0.5	94881	189	94787	3723418	39.24
1970-1979	38	0.00211	0.00211	0.5	94693	199	94593	3628631	38.32
1970-1979	39	0.00230	0.00230	0.5	94493	217	94385	3534038	37.40
1970-1979	40	0.00254	0.00254	0.5	94276	239	94156	3439653	36.48
1970-1979	41	0.00270	0.00269	0.5	94037	253	93910	3345497	35.58
1970-1979	42	0.00304	0.00304	0.5	93783	285	93641	3251587	34.67
1970-1979	43	0.00327	0.00326	0.5	93498	305	93346	3157946	33.78
1970-1979	44	0.00353	0.00353	0.5	93194	329	93029	3064600	32.88
1970-1979	45	0.00394	0.00394	0.5	92865	365	92682	2971571	32.00
1970-1979	46	0.00436	0.00435	0.5	92499	403	92298	2878889	31.12
1970-1979	47	0.00471	0.00470	0.5	92097	433	91880	2786591	30.26
1970-1979	48	0.00516	0.00514	0.5	91664	472	91428	2694711	29.40
1970-1979	49	0.00560	0.00559	0.5	91192	509	90937	2603283	28.55
1970-1979	50	0.00611	0.00609	0.5	90683	553	90406	2512345	27.70
1970-1979	51	0.00672	0.00669	0.5	90130	603	89829	2421939	26.87
1970-1979	52	0.00716	0.00714	0.5	89527	639	89207	2332110	26.05
1970-1979	53	0.00782	0.00779	0.5	88888	693	88541	2242903	25.23
1970-1979	54	0.00854	0.00851	0.5	88195	750	87820	2154361	24.43
1970-1979	55	0.00936	0.00932	0.5	87445	815	87037	2066541	23.63
1970-1979	56	0.01010	0.01005	0.5	86630	871	86194	1979504	22.85
1970-1979	57	0.01114	0.01108	0.5	85759	950	85284	1893310	22.08
1970-1979	58	0.01206	0.01199	0.5	84809	1017	84300	1808026	21.32
1970-1979	59	0.01308	0.01300	0.5	83792	1089	83248	1723725	20.57
1970-1979	60	0.01428	0.01418	0.5	82703	1173	82117	1640478	19.84
1970-1979	61	0.01543	0.01531	0.5	81530	1248	80906	1558361	19.11
1970-1979	62	0.01697	0.01683	0.5	80282	1351	79606	1477455	18.40
1970-1979	63	0.01837	0.01820	0.5	78931	1437	78213	1397849	17.71
1970-1979	64	0.01977	0.01957	0.5	77494	1517	76736	1319636	17.03
1970-1979	65	0.02119	0.02096	0.5	75977	1593	75181	1242901	16.36
1970-1979	66	0.02240	0.02216	0.5	74385	1648	73561	1167720	15.70
1970-1979	67	0.02459	0.02429	0.5	72737	1767	71853	1094159	15.04
1970-1979	68	0.02613	0.02579	0.5	70970	1830	70054	1022306	14.40
1970-1979	69	0.02876	0.02835	0.5	69139	1960	68159	952251	13.77
1970-1979	70	0.03116	0.03068	0.5	67179	2061	66148	884092	13.16
1970-1979	71	0.03389	0.03333	0.5	65118	2170	64033	817944	12.56
1970-1979	72	0.03685	0.03619	0.5	62948	2278	61809	753911	11.98
1970-1979	73	0.03966	0.03889	0.5	60670	2359	59490	692103	11.41
1970-1979	74	0.04319	0.04228	0.5	58310	2465	57078	632613	10.85
1970-1979	75	0.04782	0.04670	0.5	55845	2608	54541	575535	10.31
1970-1979	76	0.05156	0.05027	0.5	53237	2676	51899	520994	9.79
1970-1979	77	0.05618	0.05464	0.5	50561	2763	49179	469095	9.28
1970-1979	78	0.06161	0.05977	0.5	47798	2857	46370	419916	8.79
1970-1979	79	0.06720	0.06502	0.5	44941	2922	43480	373546	8.31
1970-1979	80	0.07222	0.06970	0.5	42019	2929	40555	330066	7.86
1970-1979	81	0.07811	0.07517	0.5	39091	2939	37621	289511	7.41
1970-1979	82	0.08611	0.08256	0.5	36152	2985	34660	251890	6.97
1970-1979	83	0.09571	0.09134	0.5	33167	3029	31653	217230	6.55
1970-1979	84	0.10508	0.09983	0.5	30138	3009	28633	185578	6.16
1970-1979	85	0.11427	0.10809	0.5	27129	2932	25663	156944	5.79
1970-1979	86	0.12698	0.11940	0.5	24197	2889	22752	131281	5.43
1970-1979	87	0.13874	0.12974	0.5	21308	2765	19925	108529	5.09
1970-1979	88	0.15106	0.14045	0.5	18543	2604	17241	88604	4.78
1970-1979	89	0.16565	0.15298	0.5	15939	2438	14719	71363	4.48
1970-1979	90	0.18406	0.16855	0.5	13500	2275	12363	56644	4.20
1970-1979	91	0.19638	0.17882	0.5	11225	2007	10221	44281	3.94
1970-1979	92	0.21643	0.19529	0.5	9218	1800	8317	34060	3.70
1970-1979	93	0.23570	0.21085	0.5	7417	1564	6635	25743	3.47
1970-1979	94	0.25382	0.22524	0.5	5853	1318	5194	19107	3.26
1970-1979	95	0.27495	0.24172	0.5	4535	1096	3987	13913	3.07
1970-1979	96	0.29693	0.25855	0.5	3439	889	2994	9926	2.89
1970-1979	97	0.31995	0.27583	0.5	2550	703	2198	6932	2.72
1970-1979	98	0.34395	0.29348	0.5	1846	542	1575	4734	2.56
1970-1979	99	0.36884	0.31141	0.5	1305	406	1101	3158	2.42
1970-1979	100	0.39451	0.32951	0.5	898	296	750	2057	2.29
1970-1979	101	0.42083	0.34768	0.5	602	209	498	1307	2.17
1970-1979	102	0.44767	0.36580	0.5	393	144	321	809	2.06
1970-1979	103	0.47488	0.38376	0.5	249	96	201	488	1.96
1970-1979	104	0.50229	0.40146	0.5	154	62	123	287	1.87
1970-1979	105	0.52973	0.41881	0.5	92	38	73	164	1.78
1970-1979	106	0.55705	0.43570	0.5	53	23	42	91	1.71
1970-1979	107	0.58406	0.45205	0.5	30	14	23	50	1.64
1970-1979	108	0.61062	0.46780	0.5	17	8	13	26	1.59
1970-1979	109	0.63657	0.48288	0.5	9	4	7	14	1.54
1970-1979	110+	0.66179	1.00000	1.51	5	5	7	7	1.51
1980-1989	0	0.00991	0.00982	0.08	100000	982	99092	7537128	75.37
1980-1989	1	0.00088	0.00088	0.5	99018	88	98974	7438035	75.12
1980-1989	2	0.00058	0.00058	0.5	98930	57	98902	7339061	74.18
1980-1989	3	0.00042	0.00042	0.5	98873	41	98852	7240160	73.23
1980-1989	4	0.00033	0.00033	0.5	98831	32	98815	7141308	72.26
1980-1989	5	0.00029	0.00029	0.5	98799	29	98785	7042492	71.28
1980-1989	6	0.00027	0.00027	0.5	98771	27	98757	6943707	70.30
1980-1989	7	0.00025	0.00025	0.5	98744	25	98731	6844950	69.32
1980-1989	8	0.00025	0.00025	0.5	98719	25	98706	6746219	68.34
1980-1989	9	0.00023	0.00023	0.5	98694	23	98683	6647512	67.35
1980-1989	10	0.00021	0.00021	0.5	98671	21	98661	6548829	66.37
1980-1989	11	0.00024	0.00024	0.5	98651	23	98639	6450168	65.38
1980-1989	12	0.00026	0.00026	0.5	98627	26	98614	6351530	64.40
1980-1989	13	0.00031	0.00031	0.5	98601	30	98586	6252915	63.42
1980-1989	14	0.00040	0.00040	0.5	98571	39	98551	6154329	62.44
1980-1989	15	0.00054	0.00054	0.5	98532	53	98505	6055778	61.46
1980-1989	16	0.00076	0.00076	0.5	98479	75	98442	5957272	60.49
1980-1989	17	0.00092	0.00092	0.5	98404	91	98359	5858831	59.54
1980-1989	18	0.00117	0.00117	0.5	98313	115	98255	5760472	58.59
1980-1989	19	0.00118	0.00118	0.5	98198	115	98140	5662217	57.66
1980-1989	20	0.00115	0.00115	0.5	98082	113	98026	5564077	56.73
1980-1989	21	0.00123	0.00123	0.5	97969	121	97909	5466051	55.79
1980-1989	22	0.00123	0.00123	0.5	97849	121	97788	5368142	54.86
1980-1989	23	0.00122	0.00122	0.5	97728	119	97669	5270354	53.93
1980-1989	24	0.00118	0.00118	0.5	97609	115	97552	5172685	52.99
1980-1989	25	0.00119	0.00119	0.5	97494	116	97436	5075133	52.06
1980-1989	26	0.00121	0.00121	0.5	97378	118	97319	4977697	51.12
1980-1989	27	0.00120	0.00120	0.5	97260	116	97202	4880379	50.18
1980-1989	28	0.00127	0.00127	0.5	97143	123	97082	4783177	49.24
1980-1989	29	0.00122	0.00122	0.5	97020	118	96961	4686095	48.30
1980-1989	30	0.00127	0.00127	0.5	96902	123	96841	4589134	47.36
1980-1989	31	0.00133	0.00133	0.5	96779	129	96715	4492293	46.42
1980-1989	32	0.00142	0.00142	0.5	96650	137	96581	4395579	45.48
1980-1989	33	0.00145	0.00145	0.5	96513	140	96443	4298997	44.54
1980-1989	34	0.00147	0.00147	0.5	96373	141	96302	4202555	43.61
1980-1989	35	0.00155	0.00155	0.5	96231	149	96157	4106252	42.67
1980-1989	36	0.00169	0.00169	0.5	96082	163	96001	4010096	41.74
1980-1989	37	0.00173	0.00173	0.5	95920	166	95836	3914095	40.81
1980-1989	38	0.00193	0.00192	0.5	95753	184	95661	3818258	39.88
1980-1989	39	0.00185	0.00185	0.5	95569	177	95481	3722597	38.95
1980-1989	40	0.00207	0.00206	0.5	95392	197	95294	3627116	38.02
1980-1989	41	0.00226	0.00225	0.5	95195	215	95088	3531822	37.10
1980-1989	42	0.00243	0.00243	0.5	94981	231	94866	3436734	36.18
1980-1989	43	0.00257	0.00256	0.5	94750	243	94629	3341869	35.27
1980-1989	44	0.00277	0.00276	0.5	94507	261	94377	3247240	34.36
1980-1989	45	0.00308	0.00307	0.5	94246	290	94102	3152863	33.45
1980-1989	46	0.00338	0.00337	0.5	93957	317	93798	3058762	32.55
1980-1989	47	0.00363	0.00362	0.5	93640	339	93470	2964963	31.66
1980-1989	48	0.00421	0.00420	0.5	93300	392	93105	2871493	30.78
1980-1989	49	0.00426	0.00425	0.5	92909	395	92711	2778389	29.90
1980-1989	50	0.00473	0.00472	0.5	92514	437	92295	2685677	29.03
1980-1989	51	0.00543	0.00541	0.5	92077	498	91828	2593382	28.17
1980-1989	52	0.00596	0.00595	0.5	91578	544	91306	2501555	27.32
1980-1989	53	0.00639	0.00637	0.5	91034	580	90744	2410248	26.48
1980-1989	54	0.00691	0.00689	0.5	90454	623	90142	2319505	25.64
1980-1989	55	0.00774	0.00771	0.5	89831	693	89485	2229362	24.82
1980-1989	56	0.00850	0.00847	0.5	89138	755	88761	2139878	24.01
1980-1989	57	0.00907	0.00903	0.5	88383	798	87984	2051117	23.21
1980-1989	58	0.01035	0.01029	0.5	87585	901	87134	1963133	22.41
1980-1989	59	0.01093	0.01087	0.5	86684	942	86213	1875998	21.64
1980-1989	60	0.01198	0.01191	0.5	85742	1021	85231	1789786	20.87
1980-1989	61	0.01306	0.01297	0.5	84721	1099	84171	1704555	20.12
1980-1989	62	0.01461	0.01451	0.5	83622	1213	83015	1620384	19.38
1980-1989	63	0.01556	0.01544	0.5	82408	1272	81772	1537369	18.66
1980-1989	64	0.01639	0.01626	0.5	81136	1319	80477	1455596	17.94
1980-1989	65	0.01798	0.01782	0.5	79817	1422	79106	1375119	17.23
1980-1989	66	0.01952	0.01933	0.5	78395	1515	77638	1296013	16.53
1980-1989	67	0.02121	0.02099	0.5	76880	1614	76073	1218375	15.85
1980-1989	68	0.02345	0.02318	0.5	75267	1745	74394	1142302	15.18
1980-1989	69	0.02495	0.02464	0.5	73522	1812	72616	1067908	14.53
1980-1989	70	0.02755	0.02718	0.5	71710	1949	70735	995292	13.88
1980-1989	71	0.02991	0.02947	0.5	69761	2056	68733	924557	13.25
1980-1989	72	0.03320	0.03265	0.5	67705	2211	66599	855824	12.64
1980-1989	73	0.03609	0.03545	0.5	65494	2322	64333	789224	12.05
1980-1989	74	0.03848	0.03776	0.5	63172	2385	61979	724891	11.47
1980-1989	75	0.04196	0.04109	0.5	60787	2498	59538	662912	10.91
1980-1989	76	0.04629	0.04524	0.5	58289	2637	56970	603374	10.35
1980-1989	77	0.04995	0.04873	0.5	55652	2712	54296	546404	9.82
1980-1989	78	0.05399	0.05257	0.5	52940	2783	51548	492108	9.30
1980-1989	79	0.05916	0.05746	0.5	50157	2882	48716	440560	8.78
1980-1989	80	0.06589	0.06379	0.5	47275	3016	45767	391844	8.29
1980-1989	81	0.07218	0.06967	0.5	44259	3084	42717	346077	7.82
1980-1989	82	0.07984	0.07678	0.5	41175	3161	39595	303360	7.37
1980-1989	83	0.08651	0.08292	0.5	38014	3152	36438	263765	6.94
1980-1989	84	0.09515	0.09083	0.5	34862	3166	33279	227327	6.52
1980-1989	85	0.10465	0.09945	0.5	31696	3152	30120	194048	6.12
1980-1989	86	0.11543	0.10913	0.5	28544	3115	26986	163929	5.74
1980-1989	87	0.12656	0.11903	0.5	25429	3027	23915	136943	5.39
1980-1989	88	0.13870	0.12971	0.5	22402	2906	20949	113028	5.05
1980-1989	89	0.15287	0.14201	0.5	19496	2769	18112	92079	4.72
1980-1989	90	0.16737	0.15445	0.5	16727	2584	15436	73967	4.42
1980-1989	91	0.18209	0.16689	0.5	14144	2361	12964	58531	4.14
1980-1989	92	0.20131	0.18290	0.5	11783	2155	10706	45568	3.87
1980-1989	93	0.22017	0.19834	0.5	9628	1910	8673	34862	3.62
1980-1989	94	0.24022	0.21446	0.5	7719	1655	6891	26189	3.39
1980-1989	95	0.26090	0.23080	0.5	6063	1399	5364	19298	3.18
1980-1989	96	0.28288	0.24783	0.5	4664	1156	4086	13934	2.99
1980-1989	97	0.30601	0.26540	0.5	3508	931	3042	9848	2.81
1980-1989	98	0.33024	0.28344	0.5	2577	730	2212	6806	2.64
1980-1989	99	0.35547	0.30182	0.5	1847	557	1568	4594	2.49
1980-1989	100	0.38160	0.32046	0.5	1289	413	1083	3026	2.35
1980-1989	101	0.40852	0.33923	0.5	876	297	727	1944	2.22
1980-1989	102	0.43606	0.35801	0.5	579	207	475	1216	2.10
1980-1989	103	0.46408	0.37667	0.5	372	140	302	741	1.99
1980-1989	104	0.49239	0.39511	0.5	232	92	186	439	1.90
1980-1989	105	0.52081	0.41321	0.5	140	58	111	253	1.81
1980-1989	106	0.54916	0.43086	0.5	82	35	65	142	1.73
1980-1989	107	0.57726	0.44796	0.5	47	21	36	78	1.66
1980-1989	108	0.60491	0.46444	0.5	26	12	20	41	1.60
1980-1989	109	0.63196	0.48022	0.5	14	7	11	21	1.55
1980-1989	110+	0.65825	1.00000	1.52	7	7	11	11	1.52
1990-1999	0	0.00702	0.00697	0.07	100000	697	99350	7688622	76.89
1990-1999	1	0.00061	0.00061	0.5	99303	60	99272	7589273	76.43
1990-1999	2	0.00040	0.00040	0.5	99242	39	99222	7490000	75.47
1990-1999	3	0.00029	0.00029	0.5	99203	29	99188	7390778	74.50
1990-1999	4	0.00023	0.00023	0.5	99174	23	99162	7291589	73.52
1990-1999	5	0.00021	0.00021	0.5	99151	21	99141	7192427	72.54
1990-1999	6	0.00018	0.00018	0.5	99130	18	99121	7093286	71.56
1990-1999	7	0.00017	0.00017	0.5	99113	17	99104	6994165	70.57
1990-1999	8	0.00017	0.00017	0.5	99095	17	99087	6895061	69.58
1990-1999	9	0.00016	0.00016	0.5	99078	16	99070	6795974	68.59
1990-1999	10	0.00017	0.00017	0.5	99062	17	99054	6696904	67.60
1990-1999	11	0.00018	0.00018	0.5	99046	18	99037	6597850	66.61
1990-1999	12	0.00021	0.00021	0.5	99028	21	99018	6498813	65.63
1990-1999	13	0.00026	0.00026	0.5	99007	26	98994	6399796	64.64
1990-1999	14	0.00036	0.00036	0.5	98981	36	98963	6300802	63.66
1990-1999	15	0.00048	0.00048	0.5	98945	48	98921	6201838	62.68
1990-1999	16	0.00069	0.00069	0.5	98898	68	98864	6102917	61.71
1990-1999	17	0.00084	0.00084	0.5	98830	83	98788	6004053	60.75
1990-1999	18	0.00101	0.00101	0.5	98747	100	98697	5905265	59.80
1990-1999	19	0.00103	0.00103	0.5	98647	101	98596	5806568	58.86
1990-1999	20	0.00103	0.00103	0.5	98546	102	98495	5707972	57.92
1990-1999	21	0.00106	0.00106	0.5	98444	105	98392	5609477	56.98
1990-1999	22	0.00104	0.00104	0.5	98340	103	98288	5511085	56.04
1990-1999	23	0.00101	0.00101	0.5	98237	99	98187	5412797	55.10
1990-1999	24	0.00099	0.00099	0.5	98138	97	98089	5314609	54.15
1990-1999	25	0.00099	0.00099	0.5	98041	97	97993	5216520	53.21
1990-1999	26	0.00099	0.00099	0.5	97944	97	97896	5118527	52.26
1990-1999	27	0.00102	0.00102	0.5	97847	100	97797	5020631	51.31
1990-1999	28	0.00110	0.00109	0.5	97747	107	97694	4922834	50.36
1990-1999	29	0.00110	0.00110	0.5	97640	108	97586	4825141	49.42
1990-1999	30	0.00115	0.00114	0.5	97532	112	97477	4727555	48.47
1990-1999	31	0.00128	0.00128	0.5	97421	125	97358	4630078	47.53
1990-1999	32	0.00136	0.00136	0.5	97296	133	97230	4532720	46.59
1990-1999	33	0.00144	0.00144	0.5	97164	140	97094	4435490	45.65
1990-1999	34	0.00152	0.00152	0.5	97024	147	96950	4338396	44.71
1990-1999	35	0.00156	0.00156	0.5	96877	151	96801	4241446	43.78
1990-1999	36	0.00167	0.00167	0.5	96726	161	96645	4144645	42.85
1990-1999	37	0.00179	0.00179	0.5	96565	172	96478	4048000	41.92
1990-1999	38	0.00196	0.00196	0.5	96392	189	96298	3951522	40.99
1990-1999	39	0.00195	0.00195	0.5	96203	188	96109	3855224	40.07
1990-1999	40	0.00209	0.00208	0.5	96015	200	95915	3759115	39.15
1990-1999	41	0.00231	0.00231	0.5	95815	222	95704	3663200	38.23
1990-1999	42	0.00241	0.00241	0.5	95594	230	95478	3567495	37.32
1990-1999	43	0.00260	0.00260	0.5	95363	248	95239	3472017	36.41
1990-1999	44	0.00273	0.00273	0.5	95115	260	94986	3376778	35.50
1990-1999	45	0.00290	0.00290	0.5	94856	275	94718	3281792	34.60
1990-1999	46	0.00314	0.00313	0.5	94581	296	94433	3187074	33.70
1990-1999	47	0.00334	0.00334	0.5	94285	315	94127	3092641	32.80
1990-1999	48	0.00369	0.00368	0.5	93970	346	93797	2998513	31.91
1990-1999	49	0.00373	0.00372	0.5	93624	349	93450	2904716	31.03
1990-1999	50	0.00407	0.00407	0.5	93276	379	93086	2811266	30.14
1990-1999	51	0.00455	0.00454	0.5	92897	421	92686	2718180	29.26
1990-1999	52	0.00499	0.00497	0.5	92475	460	92245	2625494	28.39
1990-1999	53	0.00546	0.00545	0.5	92015	501	91765	2533249	27.53
1990-1999	54	0.00577	0.00575	0.5	91514	526	91251	2441484	26.68
1990-1999	55	0.00638	0.00636	0.5	90988	578	90699	2350233	25.83
1990-1999	56	0.00700	0.00698	0.5	90409	631	90094	2259535	24.99
1990-1999	57	0.00770	0.00767	0.5	89778	689	89434	2169441	24.16
1990-1999	58	0.00864	0.00860	0.5	89090	766	88707	2080007	23.35
1990-1999	59	0.00911	0.00907	0.5	88323	801	87923	1991300	22.55
1990-1999	60	0.01017	0.01011	0.5	87523	885	87080	1903377	21.75
1990-1999	61	0.01141	0.01135	0.5	86637	983	86146	1816297	20.96
1990-1999	62	0.01249	0.01242	0.5	85654	1064	85122	1730152	20.20
1990-1999	63	0.01337	0.01328	0.5	84591	1123	84029	1645029	19.45
1990-1999	64	0.01445	0.01435	0.5	83467	1198	82868	1561000	18.70
1990-1999	65	0.01563	0.01551	0.5	82270	1276	81632	1478132	17.97
1990-1999	66	0.01694	0.01680	0.5	80993	1361	80313	1396500	17.24
1990-1999	67	0.01853	0.01836	0.5	79633	1462	78902	1316187	16.53
1990-1999	68	0.02049	0.02028	0.5	78171	1586	77378	1237286	15.83
1990-1999	69	0.02190	0.02166	0.5	76585	1659	75756	1159907	15.15
1990-1999	70	0.02420	0.02391	0.5	74926	1792	74031	1084152	14.47
1990-1999	71	0.02656	0.02621	0.5	73135	1917	72176	1010121	13.81
1990-1999	72	0.02915	0.02873	0.5	71217	2046	70194	937945	13.17
1990-1999	73	0.03183	0.03133	0.5	69171	2167	68087	867751	12.54
1990-1999	74	0.03384	0.03328	0.5	67004	2230	65889	799663	11.93
1990-1999	75	0.03734	0.03666	0.5	64774	2375	63587	733774	11.33
1990-1999	76	0.04094	0.04012	0.5	62400	2503	61148	670187	10.74
1990-1999	77	0.04479	0.04381	0.5	59896	2624	58584	609039	10.17
1990-1999	78	0.04842	0.04728	0.5	57272	2708	55918	550455	9.61
1990-1999	79	0.05305	0.05168	0.5	54564	2820	53154	494537	9.06
1990-1999	80	0.06087	0.05908	0.5	51744	3057	50216	441383	8.53
1990-1999	81	0.06702	0.06485	0.5	48687	3157	47109	391167	8.03
1990-1999	82	0.07405	0.07141	0.5	45530	3251	43905	344058	7.56
1990-1999	83	0.08206	0.07883	0.5	42279	3333	40613	300153	7.10
1990-1999	84	0.09060	0.08667	0.5	38946	3376	37259	259541	6.66
1990-1999	85	0.09890	0.09424	0.5	35571	3352	33895	222282	6.25
1990-1999	86	0.11009	0.10434	0.5	32219	3362	30538	188387	5.85
1990-1999	87	0.12092	0.11403	0.5	28857	3290	27212	157850	5.47
1990-1999	88	0.13347	0.12512	0.5	25566	3199	23967	130638	5.11
1990-1999	89	0.14746	0.13733	0.5	22368	3072	20832	106671	4.77
1990-1999	90	0.16320	0.15089	0.5	19296	2911	17840	85840	4.45
1990-1999	91	0.17928	0.16453	0.5	16384	2696	15036	68000	4.15
1990-1999	92	0.19793	0.18010	0.5	13689	2465	12456	52963	3.87
1990-1999	93	0.22040	0.19853	0.5	11223	2228	10109	40508	3.61
1990-1999	94	0.24055	0.21472	0.5	8995	1931	8029	30398	3.38
1990-1999	95	0.26007	0.23015	0.5	7064	1626	6251	22369	3.17
1990-1999	96	0.28330	0.24815	0.5	5438	1349	4763	16118	2.96
1990-1999	97	0.30780	0.26675	0.5	4089	1091	3543	11355	2.78
1990-1999	98	0.33350	0.28583	0.5	2998	857	2569	7812	2.61
1990-1999	99	0.36029	0.30529	0.5	2141	654	1814	5242	2.45
1990-1999	100	0.38804	0.32499	0.5	1487	483	1246	3428	2.30
1990-1999	101	0.41661	0.34479	0.5	1004	346	831	2182	2.17
1990-1999	102	0.44581	0.36455	0.5	658	240	538	1352	2.05
1990-1999	103	0.47546	0.38414	0.5	418	161	338	814	1.95
1990-1999	104	0.50534	0.40341	0.5	257	104	206	476	1.85
1990-1999	105	0.53524	0.42224	0.5	154	65	121	270	1.76
1990-1999	106	0.56495	0.44052	0.5	89	39	69	149	1.68
1990-1999	107	0.59425	0.45813	0.5	50	23	38	80	1.61
1990-1999	108	0.62294	0.47500	0.5	27	13	21	42	1.55
1990-1999	109	0.65084	0.49105	0.5	14	7	11	21	1.51
1990-1999	110+	0.67779	1.00000	1.48	7	7	11	11	1.48
2000-2009	0	0.00576	0.00573	0.06	100000	573	99464	7864280	78.64
2000-2009	1	0.00045	0.00045	0.5	99427	45	99405	7764816	78.10
2000-2009	2	0.00029	0.00029	0.5	99382	29	99368	7665412	77.13
2000-2009	3	0.00021	0.00021	0.5	99354	21	99343	7566044	76.15
2000-2009	4	0.00018	0.00018	0.5	99333	18	99324	7466700	75.17
2000-2009	5	0.00016	0.00016	0.5	99316	15	99308	7367376	74.18
2000-2009	6	0.00014	0.00014	0.5	99300	14	99293	7268068	73.19
2000-2009	7	0.00012	0.00012	0.5	99286	12	99280	7168775	72.20
2000-2009	8	0.00013	0.00013	0.5	99274	13	99267	7069495	71.21
2000-2009	9	0.00013	0.00013	0.5	99261	13	99255	6970228	70.22
2000-2009	10	0.00013	0.00013	0.5	99248	13	99242	6870973	69.23
2000-2009	11	0.00014	0.00014	0.5	99236	13	99229	6771731	68.24
2000-2009	12	0.00015	0.00015	0.5	99222	15	99215	6672502	67.25
2000-2009	13	0.00018	0.00018	0.5	99207	18	99198	6573288	66.26
2000-2009	14	0.00024	0.00024	0.5	99189	24	99177	6474089	65.27
2000-2009	15	0.00033	0.00033	0.5	99165	32	99149	6374912	64.29
2000-2009	16	0.00045	0.00045	0.5	99133	45	99110	6275764	63.31
2000-2009	17	0.00058	0.00058	0.5	99088	57	99059	6176654	62.34
2000-2009	18	0.00078	0.00078	0.5	99030	78	98991	6077595	61.37
2000-2009	19	0.00086	0.00086	0.5	98952	85	98910	5978604	60.42
2000-2009	20	0.00088	0.00088	0.5	98868	87	98824	5879693	59.47
2000-2009	21	0.00090	0.00090	0.5	98781	89	98737	5780869	58.52
2000-2009	22	0.00089	0.00089	0.5	98692	88	98648	5682132	57.57
2000-2009	23	0.00085	0.00084	0.5	98605	83	98563	5583484	56.62
2000-2009	24	0.00085	0.00085	0.5	98521	84	98479	5484921	55.67
2000-2009	25	0.00084	0.00084	0.5	98437	82	98396	5386442	54.72
2000-2009	26	0.00086	0.00086	0.5	98355	85	98313	5288046	53.76
2000-2009	27	0.00085	0.00085	0.5	98270	83	98229	5189733	52.81
2000-2009	28	0.00084	0.00084	0.5	98187	83	98146	5091504	51.86
2000-2009	29	0.00087	0.00087	0.5	98105	85	98062	4993358	50.90
2000-2009	30	0.00088	0.00088	0.5	98019	86	97976	4895297	49.94
2000-2009	31	0.00094	0.00094	0.5	97933	92	97887	4797320	48.99
2000-2009	32	0.00097	0.00097	0.5	97841	95	97794	4699433	48.03
2000-2009	33	0.00103	0.00103	0.5	97746	100	97696	4601640	47.08
2000-2009	34	0.00110	0.00110	0.5	97646	108	97592	4503944	46.13
2000-2009	35	0.00117	0.00117	0.5	97538	114	97481	4406352	45.18
2000-2009	36	0.00124	0.00124	0.5	97424	120	97364	4308871	44.23
2000-2009	37	0.00133	0.00133	0.5	97303	129	97239	4211507	43.28
2000-2009	38	0.00147	0.00147	0.5	97174	143	97103	4114269	42.34
2000-2009	39	0.00160	0.00160	0.5	97031	155	96953	4017166	41.40
2000-2009	40	0.00173	0.00173	0.5	96876	168	96792	3920213	40.47
2000-2009	41	0.00188	0.00188	0.5	96708	182	96617	3823421	39.54
2000-2009	42	0.00205	0.00205	0.5	96526	198	96427	3726804	38.61
2000-2009	43	0.00224	0.00224	0.5	96328	216	96220	3630377	37.69
2000-2009	44	0.00243	0.00243	0.5	96112	233	95995	3534157	36.77
2000-2009	45	0.00265	0.00264	0.5	95879	254	95752	3438161	35.86
2000-2009	46	0.00290	0.00290	0.5	95625	277	95487	3342409	34.95
2000-2009	47	0.00314	0.00313	0.5	95348	299	95199	3246923	34.05
2000-2009	48	0.00343	0.00342	0.5	95050	325	94887	3151724	33.16
2000-2009	49	0.00367	0.00367	0.5	94724	347	94550	3056837	32.27
2000-2009	50	0.00396	0.00395	0.5	94377	373	94190	2962286	31.39
2000-2009	51	0.00423	0.00423	0.5	94004	397	93805	2868096	30.51
2000-2009	52	0.00462	0.00461	0.5	93607	431	93391	2774291	29.64
2000-2009	53	0.00500	0.00499	0.5	93175	465	92943	2680900	28.77
2000-2009	54	0.00528	0.00527	0.5	92711	488	92466	2587957	27.91
2000-2009	55	0.00572	0.00570	0.5	92222	526	91959	2495491	27.06
2000-2009	56	0.00609	0.00607	0.5	91696	556	91418	2403532	26.21
2000-2009	57	0.00655	0.00653	0.5	91140	595	90842	2312113	25.37
2000-2009	58	0.00707	0.00705	0.5	90544	638	90225	2221271	24.53
2000-2009	59	0.00777	0.00774	0.5	89906	696	89558	2131046	23.70
2000-2009	60	0.00855	0.00851	0.5	89210	760	88831	2041488	22.88
2000-2009	61	0.00912	0.00908	0.5	88451	803	88049	1952657	22.08
2000-2009	62	0.00999	0.00994	0.5	87648	871	87212	1864608	21.27
2000-2009	63	0.01084	0.01078	0.5	86777	935	86309	1777395	20.48
2000-2009	64	0.01189	0.01182	0.5	85841	1015	85334	1691086	19.70
2000-2009	65	0.01290	0.01282	0.5	84826	1087	84283	1605752	18.93
2000-2009	66	0.01393	0.01384	0.5	83739	1159	83160	1521470	18.17
2000-2009	67	0.01517	0.01506	0.5	82581	1244	81959	1438310	17.42
2000-2009	68	0.01651	0.01638	0.5	81337	1332	80671	1356351	16.68
2000-2009	69	0.01812	0.01796	0.5	80005	1437	79286	1275680	15.95
2000-2009	70	0.02000	0.01980	0.5	78568	1556	77790	1196394	15.23
2000-2009	71	0.02159	0.02136	0.5	77012	1645	76190	1118604	14.53
2000-2009	72	0.02393	0.02364	0.5	75367	1782	74476	1042414	13.83
2000-2009	73	0.02634	0.02600	0.5	73586	1913	72629	967937	13.15
2000-2009	74	0.02895	0.02853	0.5	71672	2045	70650	895308	12.49
2000-2009	75	0.03201	0.03151	0.5	69627	2194	68530	824659	11.84
2000-2009	76	0.03486	0.03427	0.5	67433	2311	66278	756128	11.21
2000-2009	77	0.03850	0.03777	0.5	65122	2460	63893	689851	10.59
2000-2009	78	0.04220	0.04133	0.5	62663	2590	61368	625958	9.99
2000-2009	79	0.04674	0.04567	0.5	60073	2744	58701	564590	9.40
2000-2009	80	0.05425	0.05282	0.5	57329	3028	55815	505889	8.82
2000-2009	81	0.06020	0.05844	0.5	54301	3173	52715	450074	8.29
2000-2009	82	0.06732	0.06513	0.5	51128	3330	49463	397359	7.77
2000-2009	83	0.07446	0.07178	0.5	47798	3431	46082	347896	7.28
2000-2009	84	0.08327	0.07994	0.5	44367	3547	42594	301814	6.80
2000-2009	85	0.09244	0.08836	0.5	40820	3607	39017	259220	6.35
2000-2009	86	0.10406	0.09892	0.5	37213	3681	35373	220203	5.92
2000-2009	87	0.11572	0.10939	0.5	33532	3668	31698	184830	5.51
2000-2009	88	0.12949	0.12162	0.5	29864	3632	28048	153132	5.13
2000-2009	89	0.14407	0.13439	0.5	26232	3525	24470	125084	4.77
2000-2009	90	0.16104	0.14904	0.5	22707	3384	21015	100614	4.43
2000-2009	91	0.17879	0.16412	0.5	19323	3171	17737	79599	4.12
2000-2009	92	0.19858	0.18065	0.5	16152	2918	14693	61862	3.83
2000-2009	93	0.21980	0.19803	0.5	13234	2621	11924	47169	3.56
2000-2009	94	0.24263	0.21638	0.5	10613	2297	9465	35245	3.32
2000-2009	95	0.26396	0.23318	0.5	8317	1939	7347	25781	3.10
2000-2009	96	0.28925	0.25270	0.5	6377	1612	5572	18434	2.89
2000-2009	97	0.31596	0.27286	0.5	4766	1300	4116	12862	2.70
2000-2009	98	0.34399	0.29351	0.5	3465	1017	2957	8746	2.52
2000-2009	99	0.37318	0.31450	0.5	2448	770	2063	5790	2.36
2000-2009	100	0.40336	0.33567	0.5	1678	563	1397	3726	2.22
2000-2009	101	0.43434	0.35684	0.5	1115	398	916	2330	2.09
2000-2009	102	0.46588	0.37786	0.5	717	271	582	1414	1.97
2000-2009	103	0.49773	0.39855	0.5	446	178	357	832	1.87
2000-2009	104	0.52965	0.41875	0.5	268	112	212	475	1.77
2000-2009	105	0.56136	0.43833	0.5	156	68	122	263	1.68
2000-2009	106	0.59262	0.45716	0.5	88	40	68	141	1.61
2000-2009	107	0.62317	0.47513	0.5	48	23	36	73	1.54
2000-2009	108	0.65282	0.49217	0.5	25	12	19	37	1.49
2000-2009	109	0.68135	0.50821	0.5	13	6	9	18	1.44
2000-2009	110+	0.70861	1.00000	1.41	6	6	9	9	1.41
2010-2019	0	0.00475	0.00473	0.06	100000	473	99556	8011930	80.12
2010-2019	1	0.00035	0.00035	0.5	99527	35	99510	7912373	79.50
2010-2019	2	0.00022	0.00022	0.5	99492	22	99481	7812864	78.53
2010-2019	3	0.00017	0.00017	0.5	99470	17	99462	7713382	77.54
2010-2019	4	0.00013	0.00013	0.5	99454	13	99447	7613920	76.56
2010-2019	5	0.00011	0.00011	0.5	99441	11	99435	7514473	75.57
2010-2019	6	0.00010	0.00010	0.5	99430	10	99424	7415038	74.58
2010-2019	7	0.00010	0.00010	0.5	99419	10	99414	7315613	73.58
2010-2019	8	0.00009	0.00009	0.5	99410	9	99405	7216199	72.59
2010-2019	9	0.00009	0.00009	0.5	99400	9	99396	7116794	71.60
2010-2019	10	0.00010	0.00010	0.5	99391	10	99386	7017398	70.60
2010-2019	11	0.00011	0.00011	0.5	99382	10	99376	6918012	69.61
2010-2019	12	0.00012	0.00012	0.5	99371	12	99365	6818635	68.62
2010-2019	13	0.00014	0.00014	0.5	99359	14	99352	6719270	67.63
2010-2019	14	0.00019	0.00019	0.5	99345	19	99335	6619918	66.64
2010-2019	15	0.00025	0.00025	0.5	99325	25	99313	6520584	65.65
2010-2019	16	0.00033	0.00033	0.5	99300	33	99284	6421271	64.67
2010-2019	17	0.00042	0.00042	0.5	99267	41	99247	6321987	63.69
2010-2019	18	0.00058	0.00058	0.5	99226	57	99198	6222740	62.71
2010-2019	19	0.00066	0.00066	0.5	99169	66	99136	6123543	61.75
2010-2019	20	0.00073	0.00073	0.5	99103	72	99067	6024407	60.79
2010-2019	21	0.00079	0.00079	0.5	99031	78	98992	5925339	59.83
2010-2019	22	0.00081	0.00081	0.5	98953	80	98913	5826347	58.88
2010-2019	23	0.00081	0.00081	0.5	98873	80	98833	5727434	57.93
2010-2019	24	0.00082	0.00082	0.5	98793	81	98753	5628601	56.97
2010-2019	25	0.00085	0.00085	0.5	98712	84	98670	5529848	56.02
2010-2019	26	0.00086	0.00086	0.5	98628	84	98586	5431178	55.07
2010-2019	27	0.00090	0.00090	0.5	98544	89	98499	5332592	54.11
2010-2019	28	0.00091	0.00091	0.5	98455	89	98410	5234093	53.16
2010-2019	29	0.00094	0.00094	0.5	98366	93	98319	5135683	52.21
2010-2019	30	0.00097	0.00097	0.5	98273	95	98225	5037363	51.26
2010-2019	31	0.00101	0.00101	0.5	98178	99	98128	4939138	50.31
2010-2019	32	0.00103	0.00103	0.5	98078	101	98028	4841010	49.36
2010-2019	33	0.00109	0.00109	0.5	97977	106	97924	4742983	48.41
2010-2019	34	0.00113	0.00113	0.5	97871	110	97815	4645059	47.46
2010-2019	35	0.00118	0.00118	0.5	97760	115	97703	4547244	46.51
2010-2019	36	0.00125	0.00125	0.5	97645	122	97584	4449541	45.57
2010-2019	37	0.00129	0.00128	0.5	97523	125	97460	4351957	44.62
2010-2019	38	0.00137	0.00136	0.5	97398	133	97331	4254497	43.68
2010-2019	39	0.00143	0.00143	0.5	97265	139	97195	4157166	42.74
2010-2019	40	0.00154	0.00154	0.5	97125	150	97051	4059971	41.80
2010-2019	41	0.00162	0.00162	0.5	96976	157	96897	3962920	40.87
2010-2019	42	0.00176	0.00176	0.5	96819	170	96734	3866023	39.93
2010-2019	43	0.00188	0.00188	0.5	96649	182	96558	3769289	39.00
2010-2019	44	0.00204	0.00204	0.5	96467	197	96368	3672731	38.07
2010-2019	45	0.00222	0.00222	0.5	96270	213	96163	3576363	37.15
2010-2019	46	0.00247	0.00247	0.5	96057	237	95938	3480200	36.23
2010-2019	47	0.00267	0.00267	0.5	95820	256	95692	3384261	35.32
2010-2019	48	0.00296	0.00295	0.5	95564	282	95423	3288569	34.41
2010-2019	49	0.00328	0.00327	0.5	95282	312	95126	3193146	33.51
2010-2019	50	0.00353	0.00352	0.5	94970	334	94803	3098020	32.62
2010-2019	51	0.00387	0.00386	0.5	94636	365	94453	3003218	31.73
2010-2019	52	0.00420	0.00419	0.5	94270	395	94073	2908765	30.86
2010-2019	53	0.00455	0.00454	0.5	93875	426	93662	2814692	29.98
2010-2019	54	0.00496	0.00495	0.5	93449	463	93218	2721030	29.12
2010-2019	55	0.00543	0.00541	0.5	92986	503	92735	2627813	28.26
2010-2019	56	0.00583	0.00582	0.5	92483	538	92214	2535078	27.41
2010-2019	57	0.00631	0.00629	0.5	91945	578	91656	2442864	26.57
2010-2019	58	0.00675	0.00673	0.5	91367	615	91059	2351208	25.73
2010-2019	59	0.00733	0.00730	0.5	90752	663	90421	2260148	24.90
2010-2019	60	0.00785	0.00782	0.5	90089	704	89737	2169728	24.08
2010-2019	61	0.00848	0.00844	0.5	89385	755	89007	2079991	23.27
2010-2019	62	0.00901	0.00897	0.5	88630	795	88233	1990983	22.46
2010-2019	63	0.00988	0.00983	0.5	87835	863	87404	1902751	21.66
2010-2019	64	0.01043	0.01038	0.5	86972	902	86521	1815347	20.87
2010-2019	65	0.01111	0.01105	0.5	86070	951	85594	1728826	20.09
2010-2019	66	0.01192	0.01185	0.5	85119	1009	84614	1643232	19.31
2010-2019	67	0.01288	0.01280	0.5	84110	1076	83572	1558618	18.53
2010-2019	68	0.01393	0.01383	0.5	83033	1149	82459	1475046	17.76
2010-2019	69	0.01504	0.01493	0.5	81885	1222	81274	1392587	17.01
2010-2019	70	0.01651	0.01637	0.5	80662	1321	80002	1311313	16.26
2010-2019	71	0.01800	0.01784	0.5	79342	1416	78634	1231311	15.52
2010-2019	72	0.01979	0.01959	0.5	77926	1527	77163	1152677	14.79
2010-2019	73	0.02148	0.02125	0.5	76399	1624	75588	1075514	14.08
2010-2019	74	0.02379	0.02351	0.5	74776	1758	73897	999927	13.37
2010-2019	75	0.02648	0.02614	0.5	73017	1908	72063	926030	12.68
2010-2019	76	0.02904	0.02862	0.5	71109	2035	70091	853967	12.01
2010-2019	77	0.03211	0.03160	0.5	69074	2183	67982	783876	11.35
2010-2019	78	0.03531	0.03470	0.5	66891	2321	65730	715894	10.70
2010-2019	79	0.03934	0.03858	0.5	64569	2491	63324	650164	10.07
2010-2019	80	0.04617	0.04512	0.5	62078	2801	60678	586840	9.45
2010-2019	81	0.05162	0.05033	0.5	59277	2983	57785	526162	8.88
2010-2019	82	0.05770	0.05608	0.5	56294	3157	54715	468377	8.32
2010-2019	83	0.06458	0.06256	0.5	53137	3324	51475	413661	7.78
2010-2019	84	0.07307	0.07049	0.5	49813	3511	48057	362187	7.27
2010-2019	85	0.08147	0.07828	0.5	46301	3624	44489	314129	6.78
2010-2019	86	0.09103	0.08707	0.5	42677	3716	40819	269640	6.32
2010-2019	87	0.10243	0.09744	0.5	38961	3796	37063	228821	5.87
2010-2019	88	0.11581	0.10947	0.5	35165	3849	33240	191758	5.45
2010-2019	89	0.12949	0.12162	0.5	31316	3809	29411	158517	5.06
2010-2019	90	0.14612	0.13617	0.5	27507	3746	25634	129106	4.69
2010-2019	91	0.16363	0.15125	0.5	23762	3594	21965	103471	4.35
2010-2019	92	0.18316	0.16779	0.5	20168	3384	18476	81507	4.04
2010-2019	93	0.20348	0.18469	0.5	16784	3100	15234	63031	3.76
2010-2019	94	0.22563	0.20276	0.5	13684	2774	12297	47798	3.49
2010-2019	95	0.24567	0.21879	0.5	10909	2387	9716	35501	3.25
2010-2019	96	0.27077	0.23848	0.5	8522	2032	7506	25785	3.03
2010-2019	97	0.29745	0.25894	0.5	6490	1680	5650	18279	2.82
2010-2019	98	0.32559	0.28001	0.5	4810	1347	4136	12629	2.63
2010-2019	99	0.35508	0.30154	0.5	3463	1044	2941	8493	2.45
2010-2019	100	0.38573	0.32336	0.5	2419	782	2028	5552	2.30
2010-2019	101	0.41734	0.34529	0.5	1637	565	1354	3525	2.15
2010-2019	102	0.44967	0.36712	0.5	1071	393	875	2171	2.03
2010-2019	103	0.48245	0.38869	0.5	678	264	546	1296	1.91
2010-2019	104	0.51542	0.40981	0.5	415	170	330	749	1.81
2010-2019	105	0.54828	0.43031	0.5	245	105	192	420	1.72
2010-2019	106	0.58075	0.45006	0.5	139	63	108	228	1.64
2010-2019	107	0.61256	0.46894	0.5	77	36	59	120	1.56
2010-2019	108	0.64347	0.48684	0.5	41	20	31	61	1.50
2010-2019	109	0.67325	0.50369	0.5	21	11	16	30	1.46
2010-2019	110+	0.70172	1.00000	1.43	10	10	15	15	1.43
2020-2022	0	0.00441	0.00439	0.06	100000	439	99588	7835655	78.36
2020-2022	1	0.00035	0.00035	0.5	99561	34	99544	7736067	77.70
2020-2022	2	0.00020	0.00020	0.5	99526	20	99516	7636524	76.73
2020-2022	3	0.00016	0.00016	0.5	99506	16	99498	7537007	75.74
2020-2022	4	0.00012	0.00012	0.5	99490	12	99484	7437509	74.76
2020-2022	5	0.00011	0.00011	0.5	99479	11	99473	7338024	73.76
2020-2022	6	0.00010	0.00010	0.5	99468	10	99463	7238551	72.77
2020-2022	7	0.00010	0.00010	0.5	99458	10	99453	7139088	71.78
2020-2022	8	0.00009	0.00009	0.5	99448	9	99444	7039635	70.79
2020-2022	9	0.00009	0.00009	0.5	99439	9	99434	6940191	69.79
2020-2022	10	0.00010	0.00010	0.5	99430	10	99425	6840757	68.80
2020-2022	11	0.00012	0.00012	0.5	99420	11	99414	6741332	67.81
2020-2022	12	0.00013	0.00013	0.5	99408	13	99402	6641918	66.81
2020-2022	13	0.00017	0.00017	0.5	99395	17	99386	6542516	65.82
2020-2022	14	0.00023	0.00023	0.5	99378	23	99366	6443130	64.83
2020-2022	15	0.00032	0.00032	0.5	99355	31	99339	6343764	63.85
2020-2022	16	0.00043	0.00043	0.5	99323	43	99302	6244425	62.87
2020-2022	17	0.00054	0.00054	0.5	99280	53	99254	6145123	61.90
2020-2022	18	0.00073	0.00073	0.5	99227	72	99191	6045869	60.93
2020-2022	19	0.00087	0.00087	0.5	99155	86	99111	5946678	59.97
2020-2022	20	0.00093	0.00093	0.5	99068	92	99022	5847567	59.03
2020-2022	21	0.00099	0.00099	0.5	98976	98	98927	5748545	58.08
2020-2022	22	0.00108	0.00108	0.5	98878	106	98825	5649617	57.14
2020-2022	23	0.00111	0.00111	0.5	98772	110	98717	5550792	56.20
2020-2022	24	0.00114	0.00114	0.5	98662	112	98606	5452075	55.26
2020-2022	25	0.00121	0.00121	0.5	98550	119	98490	5353469	54.32
2020-2022	26	0.00125	0.00125	0.5	98431	123	98369	5254979	53.39
2020-2022	27	0.00132	0.00132	0.5	98308	130	98243	5156610	52.45
2020-2022	28	0.00138	0.00138	0.5	98178	135	98110	5058367	51.52
2020-2022	29	0.00150	0.00150	0.5	98043	147	97969	4960257	50.59
2020-2022	30	0.00159	0.00159	0.5	97896	156	97818	4862288	49.67
2020-2022	31	0.00160	0.00159	0.5	97740	156	97662	4764470	48.75
2020-2022	32	0.00166	0.00166	0.5	97584	162	97503	4666808	47.82
2020-2022	33	0.00179	0.00179	0.5	97422	174	97335	4569305	46.90
2020-2022	34	0.00180	0.00180	0.5	97248	175	97161	4471970	45.99
2020-2022	35	0.00184	0.00184	0.5	97073	179	96984	4374809	45.07
2020-2022	36	0.00199	0.00199	0.5	96894	193	96798	4277826	44.15
2020-2022	37	0.00202	0.00202	0.5	96702	195	96604	4181028	43.24
2020-2022	38	0.00207	0.00207	0.5	96506	200	96406	4084424	42.32
2020-2022	39	0.00224	0.00224	0.5	96306	216	96199	3988017	41.41
2020-2022	40	0.00236	0.00236	0.5	96091	226	95978	3891819	40.50
2020-2022	41	0.00244	0.00244	0.5	95865	234	95748	3795841	39.60
2020-2022	42	0.00253	0.00253	0.5	95631	242	95510	3700093	38.69
2020-2022	43	0.00270	0.00270	0.5	95389	257	95260	3604583	37.79
2020-2022	44	0.00284	0.00283	0.5	95132	270	94997	3509323	36.89
2020-2022	45	0.00297	0.00296	0.5	94862	281	94721	3414326	35.99
2020-2022	46	0.00319	0.00318	0.5	94581	301	94430	3319605	35.10
2020-2022	47	0.00345	0.00344	0.5	94280	325	94117	3225175	34.21
2020-2022	48	0.00368	0.00367	0.5	93955	345	93783	3131057	33.33
2020-2022	49	0.00398	0.00397	0.5	93610	372	93424	3037275	32.45
2020-2022	50	0.00433	0.00432	0.5	93239	403	93037	2943850	31.57
2020-2022	51	0.00461	0.00459	0.5	92836	427	92623	2850813	30.71
2020-2022	52	0.00498	0.00497	0.5	92409	459	92180	2758190	29.85
2020-2022	53	0.00535	0.00533	0.5	91950	490	91705	2666010	28.99
2020-2022	54	0.00583	0.00581	0.5	91460	532	91194	2574306	28.15
2020-2022	55	0.00631	0.00629	0.5	90928	572	90642	2483112	27.31
2020-2022	56	0.00690	0.00688	0.5	90356	621	90045	2392470	26.48
2020-2022	57	0.00749	0.00746	0.5	89735	669	89400	2302424	25.66
2020-2022	58	0.00802	0.00799	0.5	89065	712	88710	2213025	24.85
2020-2022	59	0.00869	0.00866	0.5	88354	765	87971	2124315	24.04
2020-2022	60	0.00950	0.00946	0.5	87589	828	87175	2036344	23.25
2020-2022	61	0.01021	0.01016	0.5	86761	881	86320	1949169	22.47
2020-2022	62	0.01081	0.01076	0.5	85879	924	85417	1862849	21.69
2020-2022	63	0.01171	0.01164	0.5	84955	989	84461	1777432	20.92
2020-2022	64	0.01253	0.01245	0.5	83966	1046	83443	1692971	20.16
2020-2022	65	0.01336	0.01327	0.5	82920	1101	82370	1609528	19.41
2020-2022	66	0.01400	0.01391	0.5	81820	1138	81251	1527158	18.66
2020-2022	67	0.01510	0.01499	0.5	80682	1209	80077	1445907	17.92
2020-2022	68	0.01608	0.01595	0.5	79473	1267	78839	1365830	17.19
2020-2022	69	0.01730	0.01715	0.5	78205	1341	77534	1286991	16.46
2020-2022	70	0.01868	0.01851	0.5	76864	1423	76152	1209457	15.74
2020-2022	71	0.02000	0.01980	0.5	75441	1494	74694	1133304	15.02
2020-2022	72	0.02177	0.02154	0.5	73947	1593	73151	1058610	14.32
2020-2022	73	0.02408	0.02379	0.5	72355	1722	71494	985459	13.62
2020-2022	74	0.02621	0.02587	0.5	70633	1827	69719	913965	12.94
2020-2022	75	0.02926	0.02884	0.5	68806	1984	67814	844246	12.27
2020-2022	76	0.03146	0.03097	0.5	66822	2069	65787	776432	11.62
2020-2022	77	0.03593	0.03530	0.5	64752	2286	63609	710645	10.97
2020-2022	78	0.03974	0.03896	0.5	62467	2434	61250	647036	10.36
2020-2022	79	0.04393	0.04299	0.5	60033	2581	58742	585786	9.76
2020-2022	80	0.04868	0.04753	0.5	57452	2731	56087	527044	9.17
2020-2022	81	0.05439	0.05295	0.5	54721	2898	53273	470957	8.61
2020-2022	82	0.06107	0.05926	0.5	51824	3071	50288	417685	8.06
2020-2022	83	0.06868	0.06640	0.5	48753	3237	47134	367396	7.54
2020-2022	84	0.07668	0.07385	0.5	45515	3361	43835	320262	7.04
2020-2022	85	0.08643	0.08285	0.5	42154	3493	40408	276428	6.56
2020-2022	86	0.09638	0.09195	0.5	38661	3555	36884	236020	6.10
2020-2022	87	0.10860	0.10300	0.5	35107	3616	33298	199136	5.67
2020-2022	88	0.12149	0.11453	0.5	31490	3607	29687	165837	5.27
2020-2022	89	0.13719	0.12838	0.5	27884	3580	26094	136150	4.88
2020-2022	90	0.15458	0.14349	0.5	24304	3487	22560	110056	4.53
2020-2022	91	0.17211	0.15847	0.5	20817	3299	19167	87496	4.20
2020-2022	92	0.19188	0.17508	0.5	17518	3067	15984	68329	3.90
2020-2022	93	0.21352	0.19292	0.5	14451	2788	13057	52344	3.62
2020-2022	94	0.23619	0.21124	0.5	11663	2464	10431	39288	3.37
2020-2022	95	0.25785	0.22840	0.5	9199	2101	8149	28856	3.14
2020-2022	96	0.28385	0.24857	0.5	7098	1764	6216	20708	2.92
2020-2022	97	0.31139	0.26944	0.5	5334	1437	4615	14492	2.72
2020-2022	98	0.34036	0.29086	0.5	3897	1133	3330	9877	2.53
2020-2022	99	0.37059	0.31266	0.5	2763	864	2331	6547	2.37
2020-2022	100	0.40191	0.33466	0.5	1899	636	1581	4216	2.22
2020-2022	101	0.43407	0.35666	0.5	1264	451	1038	2634	2.08
2020-2022	102	0.46683	0.37848	0.5	813	308	659	1596	1.96
2020-2022	103	0.49990	0.39994	0.5	505	202	404	937	1.85
2020-2022	104	0.53301	0.42085	0.5	303	128	239	533	1.76
2020-2022	105	0.56586	0.44107	0.5	176	77	137	293	1.67
2020-2022	106	0.59817	0.46046	0.5	98	45	76	156	1.59
2020-2022	107	0.62968	0.47890	0.5	53	25	40	81	1.53
2020-2022	108	0.66015	0.49632	0.5	28	14	21	41	1.47
2020-2022	109	0.68937	0.51266	0.5	14	7	10	20	1.42
2020-2022	110+	0.71718	1.00000	1.39	7	7	9	9	1.39
