Reg4: Reg4, Lifetables (period 1x10), Males Last modified: February 4 2025, MPv5 (May07) 

Year     	Age	mx	qx	ax	lx	dx	Lx	Tx	ex
1941-1949	0	0.04296	0.04147	0.16	100000	4147	96518	6339145	63.39
1941-1949	1	0.00393	0.00392	0.5	95853	376	95666	6242627	65.13
1941-1949	2	0.00233	0.00233	0.5	95478	222	95366	6146962	64.38
1941-1949	3	0.00170	0.00170	0.5	95255	162	95174	6051595	63.53
1941-1949	4	0.00138	0.00138	0.5	95094	132	95028	5956421	62.64
1941-1949	5	0.00123	0.00123	0.5	94962	117	94904	5861393	61.72
1941-1949	6	0.00114	0.00114	0.5	94845	108	94791	5766490	60.80
1941-1949	7	0.00107	0.00107	0.5	94737	102	94686	5671699	59.87
1941-1949	8	0.00102	0.00102	0.5	94635	96	94587	5577013	58.93
1941-1949	9	0.00097	0.00097	0.5	94539	91	94493	5482425	57.99
1941-1949	10	0.00094	0.00094	0.5	94448	89	94403	5387932	57.05
1941-1949	11	0.00096	0.00096	0.5	94359	90	94314	5293529	56.10
1941-1949	12	0.00103	0.00103	0.5	94268	97	94220	5199215	55.15
1941-1949	13	0.00116	0.00115	0.5	94171	109	94117	5104996	54.21
1941-1949	14	0.00132	0.00132	0.5	94062	124	94000	5010879	53.27
1941-1949	15	0.00153	0.00153	0.5	93938	144	93866	4916879	52.34
1941-1949	16	0.00174	0.00174	0.5	93794	163	93713	4823012	51.42
1941-1949	17	0.00196	0.00196	0.5	93631	184	93539	4729300	50.51
1941-1949	18	0.00220	0.00220	0.5	93447	206	93345	4635760	49.61
1941-1949	19	0.00246	0.00245	0.5	93242	229	93127	4542416	48.72
1941-1949	20	0.00271	0.00270	0.5	93013	251	92887	4449289	47.84
1941-1949	21	0.00289	0.00288	0.5	92762	267	92628	4356401	46.96
1941-1949	22	0.00297	0.00297	0.5	92494	274	92357	4263773	46.10
1941-1949	23	0.00297	0.00296	0.5	92220	273	92083	4171416	45.23
1941-1949	24	0.00289	0.00289	0.5	91946	265	91814	4079333	44.37
1941-1949	25	0.00276	0.00275	0.5	91681	252	91555	3987519	43.49
1941-1949	26	0.00265	0.00265	0.5	91429	242	91308	3895965	42.61
1941-1949	27	0.00259	0.00259	0.5	91187	236	91069	3804657	41.72
1941-1949	28	0.00258	0.00258	0.5	90951	235	90834	3713588	40.83
1941-1949	29	0.00263	0.00262	0.5	90716	238	90597	3622755	39.93
1941-1949	30	0.00271	0.00271	0.5	90478	245	90356	3532157	39.04
1941-1949	31	0.00282	0.00281	0.5	90233	254	90106	3441802	38.14
1941-1949	32	0.00295	0.00295	0.5	89979	265	89847	3351695	37.25
1941-1949	33	0.00312	0.00312	0.5	89714	280	89574	3261849	36.36
1941-1949	34	0.00333	0.00332	0.5	89434	297	89285	3172275	35.47
1941-1949	35	0.00359	0.00358	0.5	89137	319	88977	3082990	34.59
1941-1949	36	0.00387	0.00386	0.5	88818	343	88646	2994012	33.71
1941-1949	37	0.00418	0.00417	0.5	88474	369	88290	2905366	32.84
1941-1949	38	0.00456	0.00454	0.5	88105	400	87905	2817077	31.97
1941-1949	39	0.00497	0.00495	0.5	87705	435	87487	2729172	31.12
1941-1949	40	0.00539	0.00537	0.5	87270	469	87036	2641684	30.27
1941-1949	41	0.00581	0.00580	0.5	86801	503	86550	2554649	29.43
1941-1949	42	0.00633	0.00631	0.5	86298	545	86026	2468099	28.60
1941-1949	43	0.00692	0.00689	0.5	85753	591	85458	2382073	27.78
1941-1949	44	0.00749	0.00746	0.5	85162	635	84844	2296616	26.97
1941-1949	45	0.00815	0.00811	0.5	84527	686	84184	2211771	26.17
1941-1949	46	0.00882	0.00878	0.5	83841	736	83473	2127588	25.38
1941-1949	47	0.00951	0.00947	0.5	83105	787	82711	2044115	24.60
1941-1949	48	0.01029	0.01024	0.5	82318	843	81896	1961404	23.83
1941-1949	49	0.01121	0.01115	0.5	81475	908	81020	1879508	23.07
1941-1949	50	0.01225	0.01217	0.5	80566	981	80076	1798487	22.32
1941-1949	51	0.01315	0.01307	0.5	79586	1040	79066	1718411	21.59
1941-1949	52	0.01412	0.01402	0.5	78546	1101	77995	1639346	20.87
1941-1949	53	0.01522	0.01511	0.5	77445	1170	76859	1561351	20.16
1941-1949	54	0.01639	0.01625	0.5	76274	1240	75654	1484491	19.46
1941-1949	55	0.01767	0.01751	0.5	75035	1314	74378	1408837	18.78
1941-1949	56	0.01895	0.01877	0.5	73721	1384	73029	1334459	18.10
1941-1949	57	0.02033	0.02012	0.5	72337	1456	71609	1261430	17.44
1941-1949	58	0.02187	0.02164	0.5	70881	1534	70114	1189822	16.79
1941-1949	59	0.02352	0.02325	0.5	69347	1612	68541	1119708	16.15
1941-1949	60	0.02531	0.02499	0.5	67735	1693	66888	1051166	15.52
1941-1949	61	0.02709	0.02673	0.5	66042	1765	65159	984278	14.90
1941-1949	62	0.02913	0.02871	0.5	64277	1845	63354	919118	14.30
1941-1949	63	0.03149	0.03100	0.5	62432	1935	61464	855764	13.71
1941-1949	64	0.03391	0.03335	0.5	60496	2017	59488	794300	13.13
1941-1949	65	0.03677	0.03610	0.5	58479	2111	57423	734812	12.57
1941-1949	66	0.03975	0.03898	0.5	56368	2197	55269	677389	12.02
1941-1949	67	0.04290	0.04200	0.5	54171	2275	53033	622120	11.48
1941-1949	68	0.04645	0.04540	0.5	51896	2356	50718	569086	10.97
1941-1949	69	0.05011	0.04888	0.5	49539	2422	48329	518369	10.46
1941-1949	70	0.05411	0.05269	0.5	47118	2483	45877	470040	9.98
1941-1949	71	0.05800	0.05637	0.5	44635	2516	43377	424163	9.50
1941-1949	72	0.06252	0.06062	0.5	42119	2553	40843	380786	9.04
1941-1949	73	0.06797	0.06574	0.5	39566	2601	38265	339943	8.59
1941-1949	74	0.07369	0.07107	0.5	36965	2627	35651	301678	8.16
1941-1949	75	0.08028	0.07718	0.5	34338	2650	33013	266027	7.75
1941-1949	76	0.08696	0.08334	0.5	31688	2641	30367	233014	7.35
1941-1949	77	0.09355	0.08937	0.5	29047	2596	27749	202646	6.98
1941-1949	78	0.10146	0.09656	0.5	26451	2554	25174	174898	6.61
1941-1949	79	0.11009	0.10435	0.5	23897	2494	22650	149724	6.27
1941-1949	80	0.11478	0.10855	0.5	21403	2323	20242	127074	5.94
1941-1949	81	0.12523	0.11785	0.5	19080	2249	17956	106832	5.60
1941-1949	82	0.13654	0.12782	0.5	16831	2151	15756	88876	5.28
1941-1949	83	0.14865	0.13837	0.5	14680	2031	13664	73120	4.98
1941-1949	84	0.16127	0.14923	0.5	12649	1888	11705	59456	4.70
1941-1949	85	0.17421	0.16026	0.5	10761	1725	9899	47751	4.44
1941-1949	86	0.18855	0.17230	0.5	9037	1557	8258	37852	4.19
1941-1949	87	0.20478	0.18576	0.5	7480	1389	6785	29594	3.96
1941-1949	88	0.22276	0.20043	0.5	6090	1221	5480	22809	3.75
1941-1949	89	0.24127	0.21530	0.5	4870	1048	4345	17329	3.56
1941-1949	90	0.25777	0.22834	0.5	3821	873	3385	12984	3.40
1941-1949	91	0.27139	0.23897	0.5	2949	705	2596	9599	3.26
1941-1949	92	0.28159	0.24683	0.5	2244	554	1967	7002	3.12
1941-1949	93	0.28760	0.25144	0.5	1690	425	1478	5035	2.98
1941-1949	94	0.29370	0.25610	0.5	1265	324	1103	3558	2.81
1941-1949	95	0.34334	0.29304	0.5	941	276	803	2455	2.61
1941-1949	96	0.36430	0.30816	0.5	665	205	563	1651	2.48
1941-1949	97	0.38578	0.32340	0.5	460	149	386	1088	2.36
1941-1949	98	0.40772	0.33868	0.5	311	105	259	703	2.26
1941-1949	99	0.43003	0.35393	0.5	206	73	170	444	2.16
1941-1949	100	0.45263	0.36910	0.5	133	49	109	274	2.06
1941-1949	101	0.47543	0.38412	0.5	84	32	68	166	1.98
1941-1949	102	0.49833	0.39893	0.5	52	21	41	98	1.90
1941-1949	103	0.52123	0.41348	0.5	31	13	25	57	1.82
1941-1949	104	0.54405	0.42771	0.5	18	8	14	32	1.76
1941-1949	105	0.56669	0.44157	0.5	10	5	8	18	1.69
1941-1949	106	0.58905	0.45503	0.5	6	3	5	10	1.64
1941-1949	107	0.61104	0.46805	0.5	3	1	2	5	1.59
1941-1949	108	0.63260	0.48059	0.5	2	1	1	3	1.54
1941-1949	109	0.65364	0.49263	0.5	1	0	1	1	1.51
1941-1949	110+	0.67409	1.00000	1.48	0	0	1	1	1.48
1950-1959	0	0.03096	0.03015	0.13	100000	3015	97371	6675046	66.75
1950-1959	1	0.00211	0.00211	0.5	96985	205	96883	6577675	67.82
1950-1959	2	0.00137	0.00137	0.5	96780	133	96714	6480793	66.96
1950-1959	3	0.00101	0.00101	0.5	96647	97	96599	6384079	66.06
1950-1959	4	0.00078	0.00078	0.5	96550	75	96513	6287480	65.12
1950-1959	5	0.00070	0.00070	0.5	96475	68	96441	6190968	64.17
1950-1959	6	0.00066	0.00065	0.5	96407	63	96376	6094526	63.22
1950-1959	7	0.00061	0.00061	0.5	96344	59	96315	5998151	62.26
1950-1959	8	0.00056	0.00056	0.5	96286	54	96258	5901836	61.30
1950-1959	9	0.00053	0.00053	0.5	96231	51	96206	5805577	60.33
1950-1959	10	0.00052	0.00052	0.5	96180	50	96155	5709371	59.36
1950-1959	11	0.00053	0.00053	0.5	96130	51	96105	5613216	58.39
1950-1959	12	0.00058	0.00058	0.5	96079	56	96051	5517111	57.42
1950-1959	13	0.00069	0.00069	0.5	96023	66	95990	5421060	56.46
1950-1959	14	0.00085	0.00085	0.5	95957	81	95916	5325070	55.49
1950-1959	15	0.00106	0.00106	0.5	95876	101	95825	5229154	54.54
1950-1959	16	0.00126	0.00126	0.5	95774	121	95714	5133329	53.60
1950-1959	17	0.00148	0.00148	0.5	95654	142	95583	5037615	52.67
1950-1959	18	0.00165	0.00165	0.5	95512	157	95433	4942032	51.74
1950-1959	19	0.00178	0.00178	0.5	95355	170	95270	4846599	50.83
1950-1959	20	0.00189	0.00189	0.5	95185	180	95095	4751329	49.92
1950-1959	21	0.00199	0.00199	0.5	95005	189	94910	4656234	49.01
1950-1959	22	0.00199	0.00199	0.5	94816	188	94722	4561323	48.11
1950-1959	23	0.00200	0.00200	0.5	94628	189	94533	4466601	47.20
1950-1959	24	0.00197	0.00197	0.5	94438	186	94345	4372069	46.30
1950-1959	25	0.00193	0.00192	0.5	94252	181	94162	4277723	45.39
1950-1959	26	0.00190	0.00189	0.5	94071	178	93982	4183562	44.47
1950-1959	27	0.00189	0.00189	0.5	93893	177	93804	4089580	43.56
1950-1959	28	0.00190	0.00190	0.5	93716	178	93627	3995776	42.64
1950-1959	29	0.00191	0.00191	0.5	93538	179	93448	3902149	41.72
1950-1959	30	0.00197	0.00197	0.5	93359	184	93267	3808701	40.80
1950-1959	31	0.00204	0.00204	0.5	93175	190	93080	3715434	39.88
1950-1959	32	0.00215	0.00214	0.5	92985	199	92886	3622354	38.96
1950-1959	33	0.00223	0.00222	0.5	92786	206	92683	3529468	38.04
1950-1959	34	0.00233	0.00233	0.5	92579	215	92472	3436786	37.12
1950-1959	35	0.00249	0.00248	0.5	92364	229	92249	3344314	36.21
1950-1959	36	0.00266	0.00266	0.5	92135	245	92012	3252065	35.30
1950-1959	37	0.00289	0.00288	0.5	91890	265	91757	3160053	34.39
1950-1959	38	0.00313	0.00312	0.5	91625	286	91482	3068295	33.49
1950-1959	39	0.00346	0.00345	0.5	91339	315	91181	2976814	32.59
1950-1959	40	0.00380	0.00379	0.5	91024	345	90851	2885633	31.70
1950-1959	41	0.00421	0.00420	0.5	90678	381	90488	2794782	30.82
1950-1959	42	0.00463	0.00462	0.5	90298	417	90089	2704294	29.95
1950-1959	43	0.00506	0.00505	0.5	89880	454	89653	2614205	29.09
1950-1959	44	0.00561	0.00560	0.5	89427	501	89176	2524551	28.23
1950-1959	45	0.00623	0.00621	0.5	88926	553	88650	2435375	27.39
1950-1959	46	0.00688	0.00685	0.5	88373	606	88071	2346725	26.55
1950-1959	47	0.00764	0.00761	0.5	87768	668	87434	2258655	25.73
1950-1959	48	0.00844	0.00840	0.5	87099	732	86733	2171221	24.93
1950-1959	49	0.00930	0.00926	0.5	86367	800	85968	2084488	24.14
1950-1959	50	0.01007	0.01002	0.5	85568	857	85139	1998520	23.36
1950-1959	51	0.01101	0.01095	0.5	84710	928	84246	1913381	22.59
1950-1959	52	0.01212	0.01205	0.5	83783	1009	83278	1829135	21.83
1950-1959	53	0.01317	0.01308	0.5	82773	1083	82232	1745857	21.09
1950-1959	54	0.01427	0.01417	0.5	81690	1157	81112	1663626	20.37
1950-1959	55	0.01537	0.01526	0.5	80533	1229	79919	1582514	19.65
1950-1959	56	0.01666	0.01652	0.5	79304	1310	78649	1502595	18.95
1950-1959	57	0.01794	0.01778	0.5	77994	1387	77300	1423946	18.26
1950-1959	58	0.01947	0.01928	0.5	76607	1477	75868	1346646	17.58
1950-1959	59	0.02118	0.02096	0.5	75130	1575	74342	1270777	16.91
1950-1959	60	0.02269	0.02244	0.5	73555	1651	72730	1196435	16.27
1950-1959	61	0.02442	0.02412	0.5	71904	1734	71037	1123705	15.63
1950-1959	62	0.02656	0.02622	0.5	70170	1840	69250	1052668	15.00
1950-1959	63	0.02873	0.02832	0.5	68330	1935	67363	983418	14.39
1950-1959	64	0.03117	0.03069	0.5	66395	2038	65376	916055	13.80
1950-1959	65	0.03384	0.03327	0.5	64357	2141	63287	850678	13.22
1950-1959	66	0.03662	0.03596	0.5	62216	2237	61097	787392	12.66
1950-1959	67	0.03962	0.03885	0.5	59979	2330	58814	726294	12.11
1950-1959	68	0.04254	0.04166	0.5	57649	2402	56448	667481	11.58
1950-1959	69	0.04587	0.04484	0.5	55247	2477	54008	611033	11.06
1950-1959	70	0.04912	0.04794	0.5	52770	2530	51505	557024	10.56
1950-1959	71	0.05296	0.05159	0.5	50240	2592	48944	505519	10.06
1950-1959	72	0.05737	0.05577	0.5	47648	2657	46319	456575	9.58
1950-1959	73	0.06164	0.05980	0.5	44991	2690	43645	410256	9.12
1950-1959	74	0.06691	0.06475	0.5	42300	2739	40931	366611	8.67
1950-1959	75	0.07227	0.06975	0.5	39561	2759	38182	325680	8.23
1950-1959	76	0.07805	0.07512	0.5	36802	2765	35420	287498	7.81
1950-1959	77	0.08479	0.08134	0.5	34037	2769	32653	252079	7.41
1950-1959	78	0.09208	0.08803	0.5	31269	2753	29892	219426	7.02
1950-1959	79	0.10015	0.09537	0.5	28516	2720	27156	189533	6.65
1950-1959	80	0.10494	0.09971	0.5	25796	2572	24510	162377	6.29
1950-1959	81	0.11382	0.10770	0.5	23224	2501	21974	137866	5.94
1950-1959	82	0.12470	0.11738	0.5	20723	2432	19507	115893	5.59
1950-1959	83	0.13556	0.12696	0.5	18291	2322	17130	96386	5.27
1950-1959	84	0.14747	0.13734	0.5	15969	2193	14872	79256	4.96
1950-1959	85	0.16044	0.14852	0.5	13775	2046	12752	64384	4.67
1950-1959	86	0.17502	0.16093	0.5	11729	1888	10786	51632	4.40
1950-1959	87	0.19070	0.17410	0.5	9842	1713	8985	40846	4.15
1950-1959	88	0.20750	0.18799	0.5	8128	1528	7364	31861	3.92
1950-1959	89	0.22377	0.20125	0.5	6600	1328	5936	24497	3.71
1950-1959	90	0.23969	0.21404	0.5	5272	1128	4708	18561	3.52
1950-1959	91	0.25297	0.22457	0.5	4144	931	3678	13853	3.34
1950-1959	92	0.26855	0.23676	0.5	3213	761	2833	10174	3.17
1950-1959	93	0.28655	0.25064	0.5	2452	615	2145	7342	2.99
1950-1959	94	0.30988	0.26831	0.5	1838	493	1591	5197	2.83
1950-1959	95	0.33063	0.28373	0.5	1345	382	1154	3606	2.68
1950-1959	96	0.35206	0.29936	0.5	963	288	819	2452	2.55
1950-1959	97	0.37410	0.31515	0.5	675	213	568	1633	2.42
1950-1959	98	0.39667	0.33102	0.5	462	153	386	1064	2.30
1950-1959	99	0.41969	0.34690	0.5	309	107	256	679	2.20
1950-1959	100	0.44307	0.36271	0.5	202	73	165	423	2.10
1950-1959	101	0.46670	0.37840	0.5	129	49	104	258	2.00
1950-1959	102	0.49048	0.39389	0.5	80	32	64	153	1.92
1950-1959	103	0.51431	0.40911	0.5	48	20	39	89	1.84
1950-1959	104	0.53807	0.42400	0.5	29	12	23	51	1.77
1950-1959	105	0.56166	0.43851	0.5	17	7	13	28	1.70
1950-1959	106	0.58497	0.45259	0.5	9	4	7	15	1.65
1950-1959	107	0.60791	0.46621	0.5	5	2	4	8	1.59
1950-1959	108	0.63038	0.47931	0.5	3	1	2	4	1.55
1950-1959	109	0.65231	0.49188	0.5	1	1	1	2	1.51
1950-1959	110+	0.67360	1.00000	1.48	1	1	1	1	1.48
1960-1969	0	0.02580	0.02522	0.11	100000	2522	97766	6760422	67.60
1960-1969	1	0.00167	0.00167	0.5	97478	163	97396	6662657	68.35
1960-1969	2	0.00112	0.00112	0.5	97314	109	97260	6565261	67.46
1960-1969	3	0.00085	0.00085	0.5	97206	82	97165	6468001	66.54
1960-1969	4	0.00069	0.00068	0.5	97123	67	97090	6370836	65.60
1960-1969	5	0.00059	0.00059	0.5	97057	57	97028	6273746	64.64
1960-1969	6	0.00054	0.00054	0.5	97000	52	96974	6176717	63.68
1960-1969	7	0.00049	0.00049	0.5	96948	47	96924	6079744	62.71
1960-1969	8	0.00045	0.00045	0.5	96900	43	96879	5982820	61.74
1960-1969	9	0.00042	0.00042	0.5	96857	41	96837	5885941	60.77
1960-1969	10	0.00040	0.00040	0.5	96816	39	96797	5789104	59.79
1960-1969	11	0.00041	0.00041	0.5	96778	40	96758	5692307	58.82
1960-1969	12	0.00046	0.00046	0.5	96738	45	96716	5595550	57.84
1960-1969	13	0.00055	0.00055	0.5	96693	53	96667	5498834	56.87
1960-1969	14	0.00066	0.00066	0.5	96640	64	96608	5402167	55.90
1960-1969	15	0.00086	0.00086	0.5	96576	83	96535	5305559	54.94
1960-1969	16	0.00122	0.00122	0.5	96493	117	96434	5209024	53.98
1960-1969	17	0.00145	0.00145	0.5	96376	140	96306	5112589	53.05
1960-1969	18	0.00177	0.00177	0.5	96236	170	96151	5016284	52.12
1960-1969	19	0.00189	0.00188	0.5	96066	181	95975	4920133	51.22
1960-1969	20	0.00194	0.00194	0.5	95885	186	95792	4824158	50.31
1960-1969	21	0.00208	0.00207	0.5	95699	198	95600	4728366	49.41
1960-1969	22	0.00204	0.00204	0.5	95500	195	95403	4632767	48.51
1960-1969	23	0.00201	0.00200	0.5	95306	191	95210	4537364	47.61
1960-1969	24	0.00183	0.00183	0.5	95115	174	95028	4442153	46.70
1960-1969	25	0.00187	0.00187	0.5	94941	178	94852	4347126	45.79
1960-1969	26	0.00182	0.00182	0.5	94763	172	94677	4252274	44.87
1960-1969	27	0.00181	0.00181	0.5	94591	171	94505	4157597	43.95
1960-1969	28	0.00189	0.00188	0.5	94420	178	94331	4063092	43.03
1960-1969	29	0.00188	0.00188	0.5	94242	177	94153	3968761	42.11
1960-1969	30	0.00188	0.00187	0.5	94065	176	93977	3874608	41.19
1960-1969	31	0.00195	0.00195	0.5	93888	183	93797	3780631	40.27
1960-1969	32	0.00204	0.00203	0.5	93706	191	93610	3686834	39.34
1960-1969	33	0.00220	0.00220	0.5	93515	205	93412	3593224	38.42
1960-1969	34	0.00223	0.00223	0.5	93310	208	93206	3499812	37.51
1960-1969	35	0.00237	0.00237	0.5	93102	220	92992	3406606	36.59
1960-1969	36	0.00260	0.00259	0.5	92882	241	92761	3313614	35.68
1960-1969	37	0.00274	0.00274	0.5	92641	254	92514	3220853	34.77
1960-1969	38	0.00304	0.00304	0.5	92387	281	92247	3128339	33.86
1960-1969	39	0.00330	0.00329	0.5	92106	303	91955	3036092	32.96
1960-1969	40	0.00358	0.00357	0.5	91803	328	91639	2944137	32.07
1960-1969	41	0.00386	0.00386	0.5	91475	353	91299	2852498	31.18
1960-1969	42	0.00439	0.00438	0.5	91123	399	90923	2761199	30.30
1960-1969	43	0.00472	0.00470	0.5	90724	427	90511	2670275	29.43
1960-1969	44	0.00530	0.00529	0.5	90297	478	90058	2579765	28.57
1960-1969	45	0.00569	0.00567	0.5	89820	510	89565	2489706	27.72
1960-1969	46	0.00620	0.00618	0.5	89310	552	89034	2400142	26.87
1960-1969	47	0.00691	0.00689	0.5	88758	612	88452	2311108	26.04
1960-1969	48	0.00749	0.00747	0.5	88147	658	87818	2222655	25.22
1960-1969	49	0.00843	0.00840	0.5	87489	735	87121	2134838	24.40
1960-1969	50	0.00920	0.00915	0.5	86754	794	86357	2047716	23.60
1960-1969	51	0.01022	0.01016	0.5	85960	874	85523	1961359	22.82
1960-1969	52	0.01115	0.01109	0.5	85086	944	84614	1875836	22.05
1960-1969	53	0.01228	0.01221	0.5	84143	1027	83629	1791222	21.29
1960-1969	54	0.01339	0.01330	0.5	83116	1105	82563	1707593	20.54
1960-1969	55	0.01465	0.01454	0.5	82010	1193	81414	1625030	19.81
1960-1969	56	0.01599	0.01587	0.5	80817	1282	80176	1543616	19.10
1960-1969	57	0.01743	0.01728	0.5	79535	1374	78848	1463440	18.40
1960-1969	58	0.01908	0.01890	0.5	78161	1477	77423	1384591	17.71
1960-1969	59	0.02059	0.02038	0.5	76684	1563	75903	1307169	17.05
1960-1969	60	0.02227	0.02203	0.5	75122	1655	74294	1231266	16.39
1960-1969	61	0.02403	0.02375	0.5	73467	1745	72595	1156971	15.75
1960-1969	62	0.02664	0.02629	0.5	71722	1885	70779	1084377	15.12
1960-1969	63	0.02839	0.02799	0.5	69837	1955	68859	1013598	14.51
1960-1969	64	0.03084	0.03037	0.5	67882	2062	66851	944738	13.92
1960-1969	65	0.03393	0.03336	0.5	65820	2196	64722	877887	13.34
1960-1969	66	0.03582	0.03518	0.5	63624	2239	62505	813165	12.78
1960-1969	67	0.03895	0.03821	0.5	61386	2345	60213	750659	12.23
1960-1969	68	0.04182	0.04096	0.5	59040	2418	57831	690446	11.69
1960-1969	69	0.04467	0.04370	0.5	56622	2474	55385	632615	11.17
1960-1969	70	0.04877	0.04761	0.5	54148	2578	52859	577230	10.66
1960-1969	71	0.05162	0.05032	0.5	51570	2595	50272	524372	10.17
1960-1969	72	0.05705	0.05547	0.5	48975	2717	47616	474100	9.68
1960-1969	73	0.06059	0.05880	0.5	46258	2720	44898	426483	9.22
1960-1969	74	0.06607	0.06395	0.5	43538	2784	42146	381585	8.76
1960-1969	75	0.07115	0.06870	0.5	40753	2800	39353	339440	8.33
1960-1969	76	0.07563	0.07287	0.5	37953	2766	36571	300086	7.91
1960-1969	77	0.08188	0.07866	0.5	35188	2768	33804	263516	7.49
1960-1969	78	0.08690	0.08328	0.5	32420	2700	31070	229712	7.09
1960-1969	79	0.09540	0.09105	0.5	29720	2706	28367	198642	6.68
1960-1969	80	0.10555	0.10026	0.5	27014	2708	25660	170275	6.30
1960-1969	81	0.11099	0.10516	0.5	24306	2556	23028	144615	5.95
1960-1969	82	0.12397	0.11674	0.5	21750	2539	20480	121588	5.59
1960-1969	83	0.13638	0.12767	0.5	19211	2453	17984	101108	5.26
1960-1969	84	0.14790	0.13771	0.5	16758	2308	15604	83123	4.96
1960-1969	85	0.16009	0.14822	0.5	14450	2142	13379	67519	4.67
1960-1969	86	0.17394	0.16003	0.5	12308	1970	11324	54140	4.40
1960-1969	87	0.19179	0.17500	0.5	10339	1809	9434	42816	4.14
1960-1969	88	0.20290	0.18421	0.5	8529	1571	7744	33382	3.91
1960-1969	89	0.22224	0.20002	0.5	6958	1392	6262	25639	3.68
1960-1969	90	0.24322	0.21685	0.5	5566	1207	4963	19376	3.48
1960-1969	91	0.24951	0.22184	0.5	4359	967	3876	14413	3.31
1960-1969	92	0.27583	0.24240	0.5	3392	822	2981	10538	3.11
1960-1969	93	0.29781	0.25921	0.5	2570	666	2237	7556	2.94
1960-1969	94	0.31352	0.27103	0.5	1904	516	1646	5320	2.79
1960-1969	95	0.33504	0.28697	0.5	1388	398	1189	3674	2.65
1960-1969	96	0.35707	0.30298	0.5	990	300	840	2485	2.51
1960-1969	97	0.37971	0.31913	0.5	690	220	580	1645	2.39
1960-1969	98	0.40289	0.33534	0.5	470	157	391	1066	2.27
1960-1969	99	0.42652	0.35155	0.5	312	110	257	675	2.16
1960-1969	100	0.45048	0.36767	0.5	202	74	165	418	2.06
1960-1969	101	0.47468	0.38363	0.5	128	49	103	252	1.97
1960-1969	102	0.49899	0.39935	0.5	79	32	63	149	1.89
1960-1969	103	0.52331	0.41478	0.5	47	20	38	86	1.81
1960-1969	104	0.54752	0.42985	0.5	28	12	22	48	1.74
1960-1969	105	0.57151	0.44449	0.5	16	7	12	27	1.68
1960-1969	106	0.59516	0.45867	0.5	9	4	7	14	1.62
1960-1969	107	0.61838	0.47234	0.5	5	2	4	7	1.57
1960-1969	108	0.64108	0.48547	0.5	3	1	2	4	1.52
1960-1969	109	0.66315	0.49802	0.5	1	1	1	2	1.48
1960-1969	110+	0.68454	1.00000	1.46	1	1	1	1	1.46
1970-1979	0	0.01674	0.01649	0.09	100000	1649	98500	6957381	69.57
1970-1979	1	0.00126	0.00126	0.5	98351	124	98289	6858881	69.74
1970-1979	2	0.00092	0.00092	0.5	98227	90	98182	6760592	68.83
1970-1979	3	0.00075	0.00075	0.5	98137	73	98101	6662409	67.89
1970-1979	4	0.00058	0.00058	0.5	98064	57	98036	6564309	66.94
1970-1979	5	0.00051	0.00051	0.5	98007	50	97982	6466273	65.98
1970-1979	6	0.00048	0.00048	0.5	97958	47	97934	6368291	65.01
1970-1979	7	0.00042	0.00042	0.5	97911	41	97890	6270356	64.04
1970-1979	8	0.00038	0.00038	0.5	97870	37	97851	6172466	63.07
1970-1979	9	0.00036	0.00036	0.5	97833	35	97815	6074615	62.09
1970-1979	10	0.00037	0.00037	0.5	97797	36	97779	5976799	61.11
1970-1979	11	0.00036	0.00036	0.5	97761	35	97744	5879020	60.14
1970-1979	12	0.00041	0.00041	0.5	97726	40	97706	5781276	59.16
1970-1979	13	0.00049	0.00049	0.5	97686	48	97662	5683571	58.18
1970-1979	14	0.00063	0.00063	0.5	97638	61	97608	5585908	57.21
1970-1979	15	0.00087	0.00087	0.5	97577	85	97535	5488301	56.25
1970-1979	16	0.00126	0.00126	0.5	97492	123	97431	5390766	55.29
1970-1979	17	0.00162	0.00162	0.5	97370	158	97291	5293335	54.36
1970-1979	18	0.00196	0.00196	0.5	97212	191	97117	5196044	53.45
1970-1979	19	0.00221	0.00220	0.5	97021	214	96914	5098927	52.55
1970-1979	20	0.00218	0.00218	0.5	96808	211	96702	5002013	51.67
1970-1979	21	0.00224	0.00224	0.5	96597	216	96489	4905311	50.78
1970-1979	22	0.00227	0.00227	0.5	96380	219	96271	4808822	49.89
1970-1979	23	0.00217	0.00217	0.5	96162	209	96057	4712551	49.01
1970-1979	24	0.00211	0.00211	0.5	95953	202	95852	4616494	48.11
1970-1979	25	0.00207	0.00206	0.5	95751	198	95652	4520642	47.21
1970-1979	26	0.00199	0.00199	0.5	95553	190	95458	4424990	46.31
1970-1979	27	0.00196	0.00196	0.5	95363	187	95269	4329532	45.40
1970-1979	28	0.00198	0.00198	0.5	95176	188	95082	4234263	44.49
1970-1979	29	0.00197	0.00197	0.5	94988	187	94894	4139181	43.58
1970-1979	30	0.00195	0.00194	0.5	94801	184	94709	4044286	42.66
1970-1979	31	0.00193	0.00193	0.5	94617	183	94525	3949578	41.74
1970-1979	32	0.00197	0.00197	0.5	94434	186	94341	3855052	40.82
1970-1979	33	0.00202	0.00202	0.5	94248	191	94153	3760711	39.90
1970-1979	34	0.00212	0.00211	0.5	94058	199	93958	3666558	38.98
1970-1979	35	0.00225	0.00225	0.5	93859	211	93753	3572600	38.06
1970-1979	36	0.00244	0.00244	0.5	93648	228	93534	3478847	37.15
1970-1979	37	0.00253	0.00252	0.5	93420	236	93302	3385313	36.24
1970-1979	38	0.00270	0.00270	0.5	93184	251	93058	3292011	35.33
1970-1979	39	0.00294	0.00294	0.5	92933	273	92796	3198953	34.42
1970-1979	40	0.00317	0.00316	0.5	92659	293	92513	3106157	33.52
1970-1979	41	0.00336	0.00336	0.5	92366	310	92211	3013644	32.63
1970-1979	42	0.00384	0.00383	0.5	92056	352	91880	2921433	31.74
1970-1979	43	0.00411	0.00410	0.5	91704	376	91516	2829553	30.86
1970-1979	44	0.00442	0.00441	0.5	91327	403	91126	2738038	29.98
1970-1979	45	0.00491	0.00490	0.5	90925	446	90702	2646912	29.11
1970-1979	46	0.00545	0.00543	0.5	90479	491	90233	2556210	28.25
1970-1979	47	0.00586	0.00585	0.5	89988	526	89725	2465977	27.40
1970-1979	48	0.00660	0.00657	0.5	89462	588	89167	2376252	26.56
1970-1979	49	0.00712	0.00709	0.5	88873	630	88558	2287085	25.73
1970-1979	50	0.00782	0.00778	0.5	88243	687	87900	2198526	24.91
1970-1979	51	0.00864	0.00860	0.5	87556	753	87180	2110627	24.11
1970-1979	52	0.00914	0.00910	0.5	86803	790	86408	2023447	23.31
1970-1979	53	0.01007	0.01002	0.5	86013	861	85582	1937039	22.52
1970-1979	54	0.01115	0.01109	0.5	85152	944	84679	1851457	21.74
1970-1979	55	0.01229	0.01221	0.5	84207	1028	83693	1766778	20.98
1970-1979	56	0.01321	0.01312	0.5	83179	1091	82633	1683085	20.23
1970-1979	57	0.01464	0.01453	0.5	82087	1193	81491	1600451	19.50
1970-1979	58	0.01593	0.01580	0.5	80894	1278	80255	1518960	18.78
1970-1979	59	0.01713	0.01699	0.5	79616	1352	78940	1438705	18.07
1970-1979	60	0.01913	0.01895	0.5	78264	1483	77522	1359765	17.37
1970-1979	61	0.02070	0.02049	0.5	76781	1573	75994	1282243	16.70
1970-1979	62	0.02276	0.02250	0.5	75208	1692	74361	1206249	16.04
1970-1979	63	0.02499	0.02468	0.5	73515	1815	72608	1131887	15.40
1970-1979	64	0.02680	0.02644	0.5	71701	1896	70753	1059279	14.77
1970-1979	65	0.02891	0.02850	0.5	69805	1989	68810	988527	14.16
1970-1979	66	0.03086	0.03039	0.5	67815	2061	66785	919717	13.56
1970-1979	67	0.03404	0.03347	0.5	65754	2201	64654	852932	12.97
1970-1979	68	0.03601	0.03537	0.5	63554	2248	62430	788278	12.40
1970-1979	69	0.03972	0.03895	0.5	61305	2388	60112	725848	11.84
1970-1979	70	0.04280	0.04190	0.5	58918	2469	57683	665737	11.30
1970-1979	71	0.04651	0.04545	0.5	56449	2566	55166	608053	10.77
1970-1979	72	0.05058	0.04933	0.5	53883	2658	52554	552887	10.26
1970-1979	73	0.05437	0.05294	0.5	51225	2712	49869	500333	9.77
1970-1979	74	0.05893	0.05724	0.5	48514	2777	47125	450464	9.29
1970-1979	75	0.06557	0.06348	0.5	45737	2904	44285	403338	8.82
1970-1979	76	0.07005	0.06768	0.5	42833	2899	41384	359053	8.38
1970-1979	77	0.07612	0.07332	0.5	39934	2928	38470	317670	7.95
1970-1979	78	0.08247	0.07920	0.5	37006	2931	35541	279200	7.54
1970-1979	79	0.08898	0.08519	0.5	34075	2903	32624	243659	7.15
1970-1979	80	0.09508	0.09077	0.5	31172	2829	29758	211035	6.77
1970-1979	81	0.10256	0.09756	0.5	28343	2765	26960	181278	6.40
1970-1979	82	0.11196	0.10602	0.5	25578	2712	24222	154317	6.03
1970-1979	83	0.12275	0.11565	0.5	22866	2645	21544	130096	5.69
1970-1979	84	0.13279	0.12453	0.5	20221	2518	18962	108552	5.37
1970-1979	85	0.14367	0.13404	0.5	17703	2373	16517	89590	5.06
1970-1979	86	0.15802	0.14645	0.5	15330	2245	14208	73073	4.77
1970-1979	87	0.16975	0.15647	0.5	13085	2047	12061	58865	4.50
1970-1979	88	0.18284	0.16753	0.5	11038	1849	10113	46804	4.24
1970-1979	89	0.19949	0.18140	0.5	9189	1667	8355	36690	3.99
1970-1979	90	0.21425	0.19352	0.5	7522	1456	6794	28335	3.77
1970-1979	91	0.23031	0.20653	0.5	6066	1253	5440	21541	3.55
1970-1979	92	0.25324	0.22478	0.5	4813	1082	4272	16102	3.35
1970-1979	93	0.26931	0.23735	0.5	3731	886	3289	11829	3.17
1970-1979	94	0.29210	0.25487	0.5	2846	725	2483	8541	3.00
1970-1979	95	0.30583	0.26527	0.5	2120	562	1839	6057	2.86
1970-1979	96	0.32656	0.28072	0.5	1558	437	1339	4218	2.71
1970-1979	97	0.34798	0.29641	0.5	1121	332	955	2879	2.57
1970-1979	98	0.37004	0.31227	0.5	788	246	665	1924	2.44
1970-1979	99	0.39266	0.32822	0.5	542	178	453	1259	2.32
1970-1979	100	0.41574	0.34419	0.5	364	125	302	806	2.21
1970-1979	101	0.43920	0.36012	0.5	239	86	196	504	2.11
1970-1979	102	0.46294	0.37592	0.5	153	57	124	308	2.02
1970-1979	103	0.48684	0.39154	0.5	95	37	77	184	1.93
1970-1979	104	0.51081	0.40689	0.5	58	24	46	108	1.85
1970-1979	105	0.53472	0.42192	0.5	34	15	27	61	1.78
1970-1979	106	0.55848	0.43657	0.5	20	9	16	34	1.71
1970-1979	107	0.58197	0.45080	0.5	11	5	9	19	1.66
1970-1979	108	0.60510	0.46455	0.5	6	3	5	10	1.61
1970-1979	109	0.62776	0.47779	0.5	3	2	3	5	1.56
1970-1979	110+	0.64988	1.00000	1.54	2	2	3	3	1.54
1980-1989	0	0.01105	0.01094	0.07	100000	1094	98988	7201672	72.02
1980-1989	1	0.00095	0.00095	0.5	98906	94	98859	7102684	71.81
1980-1989	2	0.00067	0.00067	0.5	98812	66	98779	7003825	70.88
1980-1989	3	0.00049	0.00049	0.5	98747	48	98722	6905045	69.93
1980-1989	4	0.00038	0.00038	0.5	98698	38	98679	6806323	68.96
1980-1989	5	0.00034	0.00034	0.5	98660	33	98644	6707644	67.99
1980-1989	6	0.00032	0.00032	0.5	98627	32	98611	6609000	67.01
1980-1989	7	0.00029	0.00029	0.5	98595	28	98581	6510389	66.03
1980-1989	8	0.00030	0.00030	0.5	98567	29	98552	6411808	65.05
1980-1989	9	0.00028	0.00028	0.5	98537	27	98524	6313256	64.07
1980-1989	10	0.00026	0.00026	0.5	98510	26	98497	6214732	63.09
1980-1989	11	0.00029	0.00029	0.5	98484	29	98470	6116235	62.10
1980-1989	12	0.00032	0.00032	0.5	98455	32	98439	6017765	61.12
1980-1989	13	0.00039	0.00039	0.5	98423	38	98404	5919326	60.14
1980-1989	14	0.00051	0.00051	0.5	98385	50	98360	5820922	59.16
1980-1989	15	0.00069	0.00069	0.5	98335	68	98301	5722561	58.19
1980-1989	16	0.00104	0.00104	0.5	98267	102	98216	5624260	57.23
1980-1989	17	0.00128	0.00128	0.5	98165	126	98103	5526044	56.29
1980-1989	18	0.00170	0.00170	0.5	98040	167	97956	5427941	55.36
1980-1989	19	0.00173	0.00173	0.5	97873	169	97788	5329985	54.46
1980-1989	20	0.00170	0.00170	0.5	97703	166	97620	5232197	53.55
1980-1989	21	0.00182	0.00182	0.5	97538	178	97449	5134576	52.64
1980-1989	22	0.00183	0.00183	0.5	97360	178	97271	5037128	51.74
1980-1989	23	0.00180	0.00180	0.5	97181	175	97094	4939857	50.83
1980-1989	24	0.00175	0.00175	0.5	97006	169	96922	4842763	49.92
1980-1989	25	0.00175	0.00175	0.5	96837	170	96752	4745841	49.01
1980-1989	26	0.00175	0.00175	0.5	96667	169	96583	4649089	48.09
1980-1989	27	0.00177	0.00177	0.5	96498	170	96413	4552507	47.18
1980-1989	28	0.00184	0.00183	0.5	96327	177	96239	4456094	46.26
1980-1989	29	0.00176	0.00176	0.5	96151	169	96066	4359855	45.34
1980-1989	30	0.00185	0.00184	0.5	95982	177	95893	4263789	44.42
1980-1989	31	0.00194	0.00194	0.5	95805	186	95712	4167895	43.50
1980-1989	32	0.00205	0.00205	0.5	95619	196	95521	4072183	42.59
1980-1989	33	0.00209	0.00209	0.5	95423	199	95324	3976662	41.67
1980-1989	34	0.00206	0.00206	0.5	95224	196	95126	3881338	40.76
1980-1989	35	0.00217	0.00217	0.5	95028	206	94924	3786212	39.84
1980-1989	36	0.00235	0.00235	0.5	94821	223	94710	3691288	38.93
1980-1989	37	0.00242	0.00242	0.5	94598	229	94484	3596578	38.02
1980-1989	38	0.00266	0.00265	0.5	94370	250	94245	3502094	37.11
1980-1989	39	0.00248	0.00248	0.5	94119	233	94003	3407849	36.21
1980-1989	40	0.00274	0.00274	0.5	93886	257	93757	3313847	35.30
1980-1989	41	0.00302	0.00301	0.5	93629	282	93488	3220089	34.39
1980-1989	42	0.00319	0.00318	0.5	93347	297	93198	3126602	33.49
1980-1989	43	0.00333	0.00333	0.5	93050	309	92895	3033403	32.60
1980-1989	44	0.00351	0.00350	0.5	92740	325	92578	2940508	31.71
1980-1989	45	0.00396	0.00395	0.5	92416	365	92233	2847930	30.82
1980-1989	46	0.00436	0.00435	0.5	92051	401	91851	2755697	29.94
1980-1989	47	0.00465	0.00464	0.5	91650	425	91438	2663846	29.07
1980-1989	48	0.00530	0.00528	0.5	91225	482	90984	2572409	28.20
1980-1989	49	0.00532	0.00530	0.5	90743	481	90502	2481425	27.35
1980-1989	50	0.00600	0.00598	0.5	90261	540	89991	2390923	26.49
1980-1989	51	0.00688	0.00686	0.5	89722	615	89414	2300931	25.65
1980-1989	52	0.00757	0.00754	0.5	89106	672	88770	2211518	24.82
1980-1989	53	0.00814	0.00811	0.5	88434	717	88076	2122747	24.00
1980-1989	54	0.00882	0.00878	0.5	87717	770	87332	2034672	23.20
1980-1989	55	0.01002	0.00997	0.5	86947	867	86513	1947340	22.40
1980-1989	56	0.01093	0.01087	0.5	86080	935	85612	1860827	21.62
1980-1989	57	0.01164	0.01157	0.5	85145	986	84652	1775214	20.85
1980-1989	58	0.01324	0.01315	0.5	84159	1107	83606	1690563	20.09
1980-1989	59	0.01401	0.01392	0.5	83052	1156	82474	1606957	19.35
1980-1989	60	0.01532	0.01520	0.5	81896	1245	81274	1524483	18.61
1980-1989	61	0.01677	0.01663	0.5	80651	1341	79981	1443209	17.89
1980-1989	62	0.01884	0.01867	0.5	79310	1480	78570	1363228	17.19
1980-1989	63	0.02006	0.01986	0.5	77830	1545	77057	1284658	16.51
1980-1989	64	0.02130	0.02108	0.5	76284	1608	75480	1207601	15.83
1980-1989	65	0.02329	0.02303	0.5	74676	1719	73816	1132121	15.16
1980-1989	66	0.02535	0.02503	0.5	72957	1826	72044	1058305	14.51
1980-1989	67	0.02763	0.02725	0.5	71130	1939	70161	986261	13.87
1980-1989	68	0.03052	0.03006	0.5	69192	2080	68152	916100	13.24
1980-1989	69	0.03309	0.03255	0.5	67112	2184	66020	847948	12.63
1980-1989	70	0.03616	0.03552	0.5	64927	2306	63774	781929	12.04
1980-1989	71	0.03968	0.03891	0.5	62621	2436	61403	718155	11.47
1980-1989	72	0.04364	0.04271	0.5	60185	2571	58899	656752	10.91
1980-1989	73	0.04772	0.04661	0.5	57614	2685	56271	597852	10.38
1980-1989	74	0.05104	0.04977	0.5	54929	2734	53562	541581	9.86
1980-1989	75	0.05542	0.05393	0.5	52195	2815	50788	488019	9.35
1980-1989	76	0.06124	0.05942	0.5	49380	2934	47913	437232	8.85
1980-1989	77	0.06635	0.06422	0.5	46446	2983	44955	389318	8.38
1980-1989	78	0.07272	0.07017	0.5	43464	3050	41939	344363	7.92
1980-1989	79	0.07900	0.07600	0.5	40414	3071	38878	302425	7.48
1980-1989	80	0.08784	0.08414	0.5	37342	3142	35771	263547	7.06
1980-1989	81	0.09584	0.09146	0.5	34200	3128	32636	227775	6.66
1980-1989	82	0.10524	0.09998	0.5	31072	3107	29519	195139	6.28
1980-1989	83	0.11282	0.10679	0.5	27966	2986	26472	165620	5.92
1980-1989	84	0.12408	0.11684	0.5	24979	2918	23520	139147	5.57
1980-1989	85	0.13561	0.12700	0.5	22061	2802	20660	115627	5.24
1980-1989	86	0.14704	0.13697	0.5	19259	2638	17940	94967	4.93
1980-1989	87	0.16083	0.14886	0.5	16621	2474	15384	77027	4.63
1980-1989	88	0.17344	0.15960	0.5	14147	2258	13018	61643	4.36
1980-1989	89	0.19034	0.17380	0.5	11889	2066	10856	48625	4.09
1980-1989	90	0.20716	0.18772	0.5	9823	1844	8901	37769	3.85
1980-1989	91	0.22474	0.20203	0.5	7979	1612	7173	28868	3.62
1980-1989	92	0.24300	0.21667	0.5	6367	1380	5677	21695	3.41
1980-1989	93	0.26196	0.23162	0.5	4987	1155	4410	16018	3.21
1980-1989	94	0.28533	0.24971	0.5	3832	957	3354	11609	3.03
1980-1989	95	0.30193	0.26233	0.5	2875	754	2498	8255	2.87
1980-1989	96	0.32361	0.27854	0.5	2121	591	1826	5757	2.71
1980-1989	97	0.34608	0.29503	0.5	1530	451	1304	3931	2.57
1980-1989	98	0.36925	0.31170	0.5	1079	336	911	2627	2.43
1980-1989	99	0.39305	0.32849	0.5	743	244	621	1716	2.31
1980-1989	100	0.41736	0.34530	0.5	499	172	413	1096	2.20
1980-1989	101	0.44208	0.36205	0.5	326	118	267	683	2.09
1980-1989	102	0.46709	0.37866	0.5	208	79	169	416	2.00
1980-1989	103	0.49227	0.39504	0.5	129	51	104	247	1.91
1980-1989	104	0.51748	0.41111	0.5	78	32	62	143	1.83
1980-1989	105	0.54261	0.42681	0.5	46	20	36	81	1.75
1980-1989	106	0.56753	0.44208	0.5	26	12	21	45	1.69
1980-1989	107	0.59210	0.45685	0.5	15	7	11	24	1.63
1980-1989	108	0.61623	0.47108	0.5	8	4	6	13	1.58
1980-1989	109	0.63979	0.48473	0.5	4	2	3	7	1.54
1980-1989	110+	0.66270	1.00000	1.51	2	2	3	3	1.51
1990-1999	0	0.00772	0.00766	0.07	100000	766	99284	7389230	73.89
1990-1999	1	0.00065	0.00065	0.5	99234	65	99202	7289945	73.46
1990-1999	2	0.00045	0.00045	0.5	99169	45	99147	7190744	72.51
1990-1999	3	0.00032	0.00032	0.5	99124	32	99109	7091597	71.54
1990-1999	4	0.00026	0.00026	0.5	99093	26	99080	6992488	70.57
1990-1999	5	0.00023	0.00023	0.5	99067	23	99055	6893409	69.58
1990-1999	6	0.00020	0.00020	0.5	99044	20	99034	6794354	68.60
1990-1999	7	0.00019	0.00019	0.5	99024	19	99014	6695320	67.61
1990-1999	8	0.00020	0.00020	0.5	99005	20	98995	6596306	66.63
1990-1999	9	0.00018	0.00018	0.5	98985	18	98976	6497310	65.64
1990-1999	10	0.00019	0.00019	0.5	98967	19	98958	6398334	64.65
1990-1999	11	0.00022	0.00022	0.5	98948	21	98937	6299377	63.66
1990-1999	12	0.00025	0.00025	0.5	98927	25	98914	6200439	62.68
1990-1999	13	0.00034	0.00034	0.5	98902	33	98885	6101525	61.69
1990-1999	14	0.00046	0.00046	0.5	98869	45	98846	6002639	60.71
1990-1999	15	0.00064	0.00064	0.5	98824	63	98792	5903793	59.74
1990-1999	16	0.00096	0.00096	0.5	98761	95	98713	5805001	58.78
1990-1999	17	0.00119	0.00119	0.5	98666	117	98607	5706288	57.83
1990-1999	18	0.00150	0.00150	0.5	98549	148	98475	5607680	56.90
1990-1999	19	0.00154	0.00154	0.5	98401	151	98325	5509205	55.99
1990-1999	20	0.00155	0.00154	0.5	98250	152	98174	5410880	55.07
1990-1999	21	0.00159	0.00159	0.5	98098	156	98020	5312706	54.16
1990-1999	22	0.00157	0.00156	0.5	97942	153	97865	5214687	53.24
1990-1999	23	0.00151	0.00151	0.5	97789	148	97715	5116821	52.33
1990-1999	24	0.00146	0.00146	0.5	97641	142	97570	5019106	51.40
1990-1999	25	0.00146	0.00146	0.5	97498	142	97427	4921537	50.48
1990-1999	26	0.00146	0.00146	0.5	97356	142	97285	4824109	49.55
1990-1999	27	0.00150	0.00150	0.5	97214	146	97141	4726824	48.62
1990-1999	28	0.00161	0.00161	0.5	97069	156	96990	4629683	47.69
1990-1999	29	0.00162	0.00161	0.5	96912	156	96834	4532692	46.77
1990-1999	30	0.00168	0.00167	0.5	96756	162	96675	4435858	45.85
1990-1999	31	0.00187	0.00186	0.5	96594	180	96504	4339183	44.92
1990-1999	32	0.00200	0.00200	0.5	96414	193	96318	4242679	44.00
1990-1999	33	0.00209	0.00209	0.5	96221	201	96121	4146362	43.09
1990-1999	34	0.00217	0.00217	0.5	96021	209	95916	4050241	42.18
1990-1999	35	0.00222	0.00221	0.5	95812	212	95706	3954325	41.27
1990-1999	36	0.00239	0.00239	0.5	95600	228	95486	3858619	40.36
1990-1999	37	0.00254	0.00253	0.5	95371	242	95251	3763133	39.46
1990-1999	38	0.00275	0.00274	0.5	95130	261	94999	3667882	38.56
1990-1999	39	0.00271	0.00270	0.5	94869	257	94741	3572883	37.66
1990-1999	40	0.00287	0.00287	0.5	94612	271	94477	3478143	36.76
1990-1999	41	0.00319	0.00319	0.5	94341	301	94190	3383666	35.87
1990-1999	42	0.00331	0.00330	0.5	94040	311	93885	3289476	34.98
1990-1999	43	0.00352	0.00351	0.5	93729	329	93565	3195591	34.09
1990-1999	44	0.00366	0.00366	0.5	93400	342	93230	3102026	33.21
1990-1999	45	0.00386	0.00386	0.5	93059	359	92879	3008796	32.33
1990-1999	46	0.00414	0.00413	0.5	92700	383	92508	2915917	31.46
1990-1999	47	0.00437	0.00436	0.5	92317	403	92116	2823408	30.58
1990-1999	48	0.00478	0.00477	0.5	91914	438	91695	2731293	29.72
1990-1999	49	0.00477	0.00476	0.5	91476	435	91259	2639598	28.86
1990-1999	50	0.00518	0.00516	0.5	91041	470	90806	2548339	27.99
1990-1999	51	0.00573	0.00572	0.5	90571	518	90312	2457533	27.13
1990-1999	52	0.00624	0.00622	0.5	90053	561	89773	2367221	26.29
1990-1999	53	0.00683	0.00681	0.5	89493	609	89188	2277448	25.45
1990-1999	54	0.00719	0.00716	0.5	88883	637	88565	2188260	24.62
1990-1999	55	0.00797	0.00794	0.5	88247	700	87897	2099695	23.79
1990-1999	56	0.00871	0.00868	0.5	87546	760	87167	2011798	22.98
1990-1999	57	0.00956	0.00952	0.5	86787	826	86374	1924631	22.18
1990-1999	58	0.01078	0.01072	0.5	85961	922	85500	1838257	21.38
1990-1999	59	0.01121	0.01115	0.5	85039	948	84565	1752757	20.61
1990-1999	60	0.01266	0.01258	0.5	84092	1058	83563	1668192	19.84
1990-1999	61	0.01419	0.01409	0.5	83034	1170	82449	1584629	19.08
1990-1999	62	0.01562	0.01550	0.5	81864	1269	81229	1502180	18.35
1990-1999	63	0.01681	0.01667	0.5	80595	1343	79923	1420951	17.63
1990-1999	64	0.01822	0.01806	0.5	79251	1431	78536	1341028	16.92
1990-1999	65	0.01951	0.01933	0.5	77820	1504	77068	1262492	16.22
1990-1999	66	0.02127	0.02105	0.5	76316	1607	75513	1185424	15.53
1990-1999	67	0.02328	0.02301	0.5	74710	1719	73850	1109911	14.86
1990-1999	68	0.02571	0.02538	0.5	72991	1853	72064	1036061	14.19
1990-1999	69	0.02757	0.02719	0.5	71138	1934	70171	963997	13.55
1990-1999	70	0.03057	0.03011	0.5	69204	2083	68162	893826	12.92
1990-1999	71	0.03324	0.03270	0.5	67120	2195	66023	825664	12.30
1990-1999	72	0.03638	0.03573	0.5	64925	2320	63765	759641	11.70
1990-1999	73	0.03998	0.03920	0.5	62605	2454	61378	695876	11.12
1990-1999	74	0.04278	0.04189	0.5	60151	2520	58891	634498	10.55
1990-1999	75	0.04680	0.04573	0.5	57632	2635	56314	575606	9.99
1990-1999	76	0.05147	0.05018	0.5	54996	2760	53616	519292	9.44
1990-1999	77	0.05627	0.05473	0.5	52236	2859	50807	465676	8.91
1990-1999	78	0.06087	0.05907	0.5	49378	2917	47919	414869	8.40
1990-1999	79	0.06653	0.06439	0.5	46461	2992	44965	366950	7.90
1990-1999	80	0.07723	0.07436	0.5	43469	3232	41853	321985	7.41
1990-1999	81	0.08567	0.08215	0.5	40237	3305	38584	280132	6.96
1990-1999	82	0.09420	0.08996	0.5	36932	3323	35270	241548	6.54
1990-1999	83	0.10457	0.09937	0.5	33609	3340	31939	206277	6.14
1990-1999	84	0.11476	0.10853	0.5	30269	3285	28627	174338	5.76
1990-1999	85	0.12551	0.11810	0.5	26984	3187	25391	145712	5.40
1990-1999	86	0.13863	0.12965	0.5	23797	3085	22255	120321	5.06
1990-1999	87	0.15133	0.14069	0.5	20712	2914	19255	98066	4.73
1990-1999	88	0.16679	0.15395	0.5	17798	2740	16428	78811	4.43
1990-1999	89	0.18252	0.16725	0.5	15058	2519	13799	62383	4.14
1990-1999	90	0.20080	0.18248	0.5	12540	2288	11396	48584	3.87
1990-1999	91	0.21843	0.19693	0.5	10251	2019	9242	37189	3.63
1990-1999	92	0.23855	0.21313	0.5	8233	1755	7355	27947	3.39
1990-1999	93	0.26452	0.23362	0.5	6478	1513	5721	20591	3.18
1990-1999	94	0.28431	0.24892	0.5	4965	1236	4347	14870	3.00
1990-1999	95	0.30458	0.26433	0.5	3729	986	3236	10523	2.82
1990-1999	96	0.32851	0.28217	0.5	2743	774	2356	7287	2.66
1990-1999	97	0.35337	0.30031	0.5	1969	591	1673	4931	2.50
1990-1999	98	0.37905	0.31865	0.5	1378	439	1158	3258	2.36
1990-1999	99	0.40542	0.33709	0.5	939	316	781	2099	2.24
1990-1999	100	0.43235	0.35550	0.5	622	221	512	1319	2.12
1990-1999	101	0.45968	0.37377	0.5	401	150	326	807	2.01
1990-1999	102	0.48726	0.39180	0.5	251	98	202	481	1.91
1990-1999	103	0.51491	0.40949	0.5	153	63	121	279	1.83
1990-1999	104	0.54248	0.42673	0.5	90	38	71	157	1.75
1990-1999	105	0.56979	0.44345	0.5	52	23	40	87	1.67
1990-1999	106	0.59668	0.45957	0.5	29	13	22	46	1.61
1990-1999	107	0.62300	0.47503	0.5	16	7	12	24	1.55
1990-1999	108	0.64861	0.48978	0.5	8	4	6	12	1.50
1990-1999	109	0.67340	0.50378	0.5	4	2	3	6	1.46
1990-1999	110+	0.69726	1.00000	1.43	2	2	3	3	1.43
2000-2009	0	0.00630	0.00626	0.06	100000	626	99413	7624705	76.25
2000-2009	1	0.00049	0.00049	0.5	99374	49	99350	7525292	75.73
2000-2009	2	0.00032	0.00032	0.5	99325	32	99309	7425943	74.76
2000-2009	3	0.00024	0.00024	0.5	99294	24	99282	7326633	73.79
2000-2009	4	0.00019	0.00019	0.5	99270	19	99261	7227351	72.80
2000-2009	5	0.00016	0.00016	0.5	99251	16	99243	7128091	71.82
2000-2009	6	0.00015	0.00015	0.5	99235	15	99227	7028848	70.83
2000-2009	7	0.00014	0.00014	0.5	99219	13	99213	6929621	69.84
2000-2009	8	0.00014	0.00014	0.5	99206	14	99199	6830408	68.85
2000-2009	9	0.00014	0.00014	0.5	99192	14	99186	6731209	67.86
2000-2009	10	0.00015	0.00015	0.5	99179	15	99171	6632023	66.87
2000-2009	11	0.00015	0.00015	0.5	99164	15	99156	6532852	65.88
2000-2009	12	0.00018	0.00018	0.5	99149	18	99140	6433696	64.89
2000-2009	13	0.00021	0.00021	0.5	99131	21	99120	6334556	63.90
2000-2009	14	0.00030	0.00030	0.5	99110	30	99095	6235435	62.91
2000-2009	15	0.00042	0.00042	0.5	99080	41	99060	6136340	61.93
2000-2009	16	0.00060	0.00060	0.5	99039	59	99010	6037280	60.96
2000-2009	17	0.00080	0.00080	0.5	98980	80	98940	5938271	59.99
2000-2009	18	0.00113	0.00113	0.5	98901	112	98845	5839330	59.04
2000-2009	19	0.00126	0.00126	0.5	98788	125	98726	5740486	58.11
2000-2009	20	0.00129	0.00129	0.5	98664	127	98600	5641759	57.18
2000-2009	21	0.00133	0.00133	0.5	98537	131	98471	5543159	56.25
2000-2009	22	0.00132	0.00132	0.5	98405	130	98340	5444688	55.33
2000-2009	23	0.00125	0.00125	0.5	98275	123	98214	5346348	54.40
2000-2009	24	0.00126	0.00126	0.5	98153	123	98091	5248134	53.47
2000-2009	25	0.00121	0.00121	0.5	98029	119	97970	5150043	52.54
2000-2009	26	0.00125	0.00124	0.5	97910	122	97849	5052073	51.60
2000-2009	27	0.00122	0.00122	0.5	97788	119	97729	4954223	50.66
2000-2009	28	0.00119	0.00119	0.5	97669	116	97611	4856495	49.72
2000-2009	29	0.00122	0.00122	0.5	97553	119	97494	4758884	48.78
2000-2009	30	0.00121	0.00120	0.5	97434	117	97376	4661390	47.84
2000-2009	31	0.00129	0.00129	0.5	97317	126	97254	4564014	46.90
2000-2009	32	0.00132	0.00132	0.5	97191	128	97127	4466760	45.96
2000-2009	33	0.00137	0.00137	0.5	97063	133	96996	4369634	45.02
2000-2009	34	0.00147	0.00147	0.5	96930	142	96859	4272637	44.08
2000-2009	35	0.00155	0.00155	0.5	96788	150	96713	4175778	43.14
2000-2009	36	0.00163	0.00163	0.5	96638	157	96559	4079066	42.21
2000-2009	37	0.00172	0.00172	0.5	96481	166	96398	3982506	41.28
2000-2009	38	0.00191	0.00191	0.5	96315	184	96223	3886108	40.35
2000-2009	39	0.00203	0.00203	0.5	96131	195	96034	3789885	39.42
2000-2009	40	0.00222	0.00221	0.5	95936	212	95830	3693851	38.50
2000-2009	41	0.00241	0.00241	0.5	95724	231	95608	3598021	37.59
2000-2009	42	0.00263	0.00262	0.5	95493	251	95368	3502413	36.68
2000-2009	43	0.00281	0.00281	0.5	95242	267	95109	3407046	35.77
2000-2009	44	0.00303	0.00303	0.5	94975	288	94831	3311937	34.87
2000-2009	45	0.00331	0.00331	0.5	94687	313	94531	3217106	33.98
2000-2009	46	0.00367	0.00366	0.5	94374	346	94201	3122575	33.09
2000-2009	47	0.00395	0.00394	0.5	94028	370	93843	3028374	32.21
2000-2009	48	0.00437	0.00436	0.5	93658	408	93454	2934531	31.33
2000-2009	49	0.00464	0.00463	0.5	93250	432	93034	2841077	30.47
2000-2009	50	0.00504	0.00502	0.5	92818	466	92585	2748044	29.61
2000-2009	51	0.00536	0.00535	0.5	92351	494	92104	2655459	28.75
2000-2009	52	0.00584	0.00582	0.5	91857	534	91590	2563355	27.91
2000-2009	53	0.00632	0.00630	0.5	91323	575	91035	2471764	27.07
2000-2009	54	0.00669	0.00667	0.5	90748	605	90445	2380729	26.23
2000-2009	55	0.00725	0.00722	0.5	90142	651	89817	2290284	25.41
2000-2009	56	0.00765	0.00762	0.5	89491	682	89150	2200467	24.59
2000-2009	57	0.00818	0.00815	0.5	88809	724	88447	2111317	23.77
2000-2009	58	0.00878	0.00874	0.5	88085	770	87700	2022869	22.96
2000-2009	59	0.00967	0.00962	0.5	87315	840	86895	1935169	22.16
2000-2009	60	0.01058	0.01053	0.5	86475	910	86020	1848274	21.37
2000-2009	61	0.01119	0.01112	0.5	85565	952	85089	1762255	20.60
2000-2009	62	0.01229	0.01221	0.5	84613	1033	84096	1677166	19.82
2000-2009	63	0.01326	0.01317	0.5	83579	1101	83029	1593070	19.06
2000-2009	64	0.01450	0.01440	0.5	82479	1188	81885	1510041	18.31
2000-2009	65	0.01565	0.01553	0.5	81291	1263	80660	1428156	17.57
2000-2009	66	0.01698	0.01683	0.5	80029	1347	79355	1347496	16.84
2000-2009	67	0.01832	0.01815	0.5	78681	1428	77967	1268141	16.12
2000-2009	68	0.02006	0.01986	0.5	77253	1534	76486	1190174	15.41
2000-2009	69	0.02190	0.02166	0.5	75719	1640	74899	1113688	14.71
2000-2009	70	0.02403	0.02374	0.5	74079	1759	73199	1038789	14.02
2000-2009	71	0.02591	0.02557	0.5	72320	1850	71395	965590	13.35
2000-2009	72	0.02876	0.02836	0.5	70470	1998	69471	894195	12.69
2000-2009	73	0.03179	0.03129	0.5	68472	2143	67401	824723	12.04
2000-2009	74	0.03463	0.03404	0.5	66330	2258	65201	757322	11.42
2000-2009	75	0.03861	0.03788	0.5	64072	2427	62858	692122	10.80
2000-2009	76	0.04186	0.04101	0.5	61645	2528	60381	629263	10.21
2000-2009	77	0.04605	0.04502	0.5	59117	2661	57786	568882	9.62
2000-2009	78	0.05069	0.04944	0.5	56456	2791	55060	511096	9.05
2000-2009	79	0.05590	0.05438	0.5	53665	2918	52205	456036	8.50
2000-2009	80	0.06511	0.06305	0.5	50746	3200	49146	403830	7.96
2000-2009	81	0.07251	0.06997	0.5	47547	3327	45883	354684	7.46
2000-2009	82	0.08076	0.07763	0.5	44220	3433	42503	308801	6.98
2000-2009	83	0.08946	0.08563	0.5	40787	3492	39041	266297	6.53
2000-2009	84	0.09999	0.09523	0.5	37295	3552	35519	227257	6.09
2000-2009	85	0.11010	0.10436	0.5	33743	3521	31982	191738	5.68
2000-2009	86	0.12395	0.11672	0.5	30222	3527	28458	159755	5.29
2000-2009	87	0.13775	0.12888	0.5	26694	3440	24974	131297	4.92
2000-2009	88	0.15342	0.14249	0.5	23254	3313	21597	106323	4.57
2000-2009	89	0.17117	0.15767	0.5	19941	3144	18369	84726	4.25
2000-2009	90	0.18925	0.17289	0.5	16797	2904	15345	66357	3.95
2000-2009	91	0.20985	0.18993	0.5	13893	2639	12573	51013	3.67
2000-2009	92	0.23124	0.20728	0.5	11254	2333	10088	38439	3.42
2000-2009	93	0.25748	0.22811	0.5	8921	2035	7904	28351	3.18
2000-2009	94	0.28407	0.24874	0.5	6886	1713	6030	20448	2.97
2000-2009	95	0.30432	0.26413	0.5	5173	1366	4490	14418	2.79
2000-2009	96	0.33120	0.28414	0.5	3807	1082	3266	9928	2.61
2000-2009	97	0.35922	0.30452	0.5	2725	830	2310	6661	2.44
2000-2009	98	0.38824	0.32513	0.5	1895	616	1587	4351	2.30
2000-2009	99	0.41807	0.34579	0.5	1279	442	1058	2764	2.16
2000-2009	100	0.44852	0.36636	0.5	837	307	684	1706	2.04
2000-2009	101	0.47935	0.38668	0.5	530	205	428	1022	1.93
2000-2009	102	0.51035	0.40659	0.5	325	132	259	595	1.83
2000-2009	103	0.54126	0.42598	0.5	193	82	152	336	1.74
2000-2009	104	0.57186	0.44471	0.5	111	49	86	184	1.66
2000-2009	105	0.60192	0.46267	0.5	62	28	47	98	1.59
2000-2009	106	0.63123	0.47980	0.5	33	16	25	50	1.52
2000-2009	107	0.65960	0.49602	0.5	17	9	13	25	1.47
2000-2009	108	0.68688	0.51128	0.5	9	4	6	12	1.42
2000-2009	109	0.71291	0.52557	0.5	4	2	3	6	1.38
2000-2009	110+	0.73762	1.00000	1.36	2	2	3	3	1.36
2010-2019	0	0.00516	0.00514	0.06	100000	514	99517	7781666	77.82
2010-2019	1	0.00039	0.00039	0.5	99486	39	99467	7682150	77.22
2010-2019	2	0.00024	0.00024	0.5	99447	24	99435	7582683	76.25
2010-2019	3	0.00018	0.00018	0.5	99423	18	99414	7483247	75.27
2010-2019	4	0.00014	0.00014	0.5	99405	14	99398	7383834	74.28
2010-2019	5	0.00012	0.00012	0.5	99391	12	99385	7284436	73.29
2010-2019	6	0.00011	0.00011	0.5	99379	11	99373	7185051	72.30
2010-2019	7	0.00011	0.00011	0.5	99368	11	99363	7085678	71.31
2010-2019	8	0.00010	0.00010	0.5	99357	10	99352	6986315	70.32
2010-2019	9	0.00010	0.00010	0.5	99347	10	99342	6886963	69.32
2010-2019	10	0.00011	0.00011	0.5	99337	11	99331	6787621	68.33
2010-2019	11	0.00012	0.00012	0.5	99326	12	99320	6688290	67.34
2010-2019	12	0.00014	0.00014	0.5	99314	14	99307	6588970	66.34
2010-2019	13	0.00017	0.00017	0.5	99300	16	99292	6489663	65.35
2010-2019	14	0.00023	0.00023	0.5	99284	23	99272	6390371	64.36
2010-2019	15	0.00033	0.00033	0.5	99260	33	99244	6291099	63.38
2010-2019	16	0.00044	0.00044	0.5	99228	44	99206	6191855	62.40
2010-2019	17	0.00057	0.00057	0.5	99184	57	99156	6092649	61.43
2010-2019	18	0.00084	0.00084	0.5	99127	83	99086	5993493	60.46
2010-2019	19	0.00096	0.00096	0.5	99044	95	98997	5894407	59.51
2010-2019	20	0.00106	0.00106	0.5	98949	105	98897	5795411	58.57
2010-2019	21	0.00115	0.00115	0.5	98845	114	98788	5696514	57.63
2010-2019	22	0.00119	0.00119	0.5	98731	118	98672	5597726	56.70
2010-2019	23	0.00116	0.00116	0.5	98613	115	98556	5499054	55.76
2010-2019	24	0.00119	0.00119	0.5	98498	117	98440	5400499	54.83
2010-2019	25	0.00122	0.00122	0.5	98381	120	98322	5302059	53.89
2010-2019	26	0.00122	0.00122	0.5	98262	120	98202	5203737	52.96
2010-2019	27	0.00128	0.00128	0.5	98142	125	98079	5105535	52.02
2010-2019	28	0.00127	0.00127	0.5	98016	125	97954	5007456	51.09
2010-2019	29	0.00132	0.00132	0.5	97892	129	97827	4909502	50.15
2010-2019	30	0.00133	0.00133	0.5	97763	130	97697	4811675	49.22
2010-2019	31	0.00138	0.00137	0.5	97632	134	97565	4713977	48.28
2010-2019	32	0.00139	0.00139	0.5	97498	135	97430	4616412	47.35
2010-2019	33	0.00144	0.00144	0.5	97363	140	97293	4518982	46.41
2010-2019	34	0.00150	0.00150	0.5	97223	146	97150	4421689	45.48
2010-2019	35	0.00156	0.00156	0.5	97077	152	97001	4324540	44.55
2010-2019	36	0.00162	0.00162	0.5	96925	157	96847	4227539	43.62
2010-2019	37	0.00167	0.00167	0.5	96768	161	96688	4130692	42.69
2010-2019	38	0.00173	0.00173	0.5	96607	167	96523	4034004	41.76
2010-2019	39	0.00182	0.00182	0.5	96440	176	96352	3937481	40.83
2010-2019	40	0.00193	0.00193	0.5	96264	185	96171	3841129	39.90
2010-2019	41	0.00204	0.00204	0.5	96079	196	95981	3744958	38.98
2010-2019	42	0.00222	0.00221	0.5	95882	212	95776	3648977	38.06
2010-2019	43	0.00233	0.00232	0.5	95670	222	95559	3553201	37.14
2010-2019	44	0.00253	0.00253	0.5	95448	242	95327	3457642	36.23
2010-2019	45	0.00275	0.00274	0.5	95206	261	95076	3362315	35.32
2010-2019	46	0.00302	0.00302	0.5	94945	287	94802	3267239	34.41
2010-2019	47	0.00333	0.00332	0.5	94658	315	94501	3172438	33.51
2010-2019	48	0.00365	0.00364	0.5	94344	344	94172	3077937	32.62
2010-2019	49	0.00407	0.00406	0.5	94000	381	93810	2983765	31.74
2010-2019	50	0.00436	0.00435	0.5	93619	408	93415	2889955	30.87
2010-2019	51	0.00476	0.00475	0.5	93211	443	92990	2796540	30.00
2010-2019	52	0.00524	0.00523	0.5	92768	485	92526	2703550	29.14
2010-2019	53	0.00565	0.00564	0.5	92284	520	92024	2611024	28.29
2010-2019	54	0.00622	0.00620	0.5	91764	569	91479	2519001	27.45
2010-2019	55	0.00684	0.00681	0.5	91194	621	90884	2427522	26.62
2010-2019	56	0.00734	0.00732	0.5	90573	663	90242	2336638	25.80
2010-2019	57	0.00799	0.00795	0.5	89910	715	89553	2246396	24.98
2010-2019	58	0.00856	0.00852	0.5	89195	760	88815	2156844	24.18
2010-2019	59	0.00934	0.00930	0.5	88435	822	88024	2068028	23.38
2010-2019	60	0.00995	0.00990	0.5	87613	867	87179	1980004	22.60
2010-2019	61	0.01079	0.01074	0.5	86745	931	86280	1892825	21.82
2010-2019	62	0.01146	0.01140	0.5	85814	978	85325	1806545	21.05
2010-2019	63	0.01245	0.01238	0.5	84836	1050	84311	1721220	20.29
2010-2019	64	0.01314	0.01306	0.5	83786	1094	83239	1636909	19.54
2010-2019	65	0.01391	0.01381	0.5	82692	1142	82121	1553670	18.79
2010-2019	66	0.01501	0.01490	0.5	81550	1215	80942	1471549	18.04
2010-2019	67	0.01596	0.01583	0.5	80335	1272	79699	1390607	17.31
2010-2019	68	0.01718	0.01703	0.5	79063	1347	78390	1310908	16.58
2010-2019	69	0.01843	0.01826	0.5	77716	1419	77007	1232518	15.86
2010-2019	70	0.02013	0.01993	0.5	76297	1521	75537	1155512	15.14
2010-2019	71	0.02182	0.02158	0.5	74776	1614	73969	1079975	14.44
2010-2019	72	0.02391	0.02363	0.5	73162	1729	72298	1006006	13.75
2010-2019	73	0.02588	0.02555	0.5	71433	1825	70521	933708	13.07
2010-2019	74	0.02849	0.02809	0.5	69608	1956	68630	863187	12.40
2010-2019	75	0.03156	0.03107	0.5	67652	2102	66601	794557	11.74
2010-2019	76	0.03465	0.03406	0.5	65550	2233	64434	727956	11.11
2010-2019	77	0.03818	0.03747	0.5	63318	2372	62132	663522	10.48
2010-2019	78	0.04153	0.04069	0.5	60945	2480	59705	601390	9.87
2010-2019	79	0.04629	0.04524	0.5	58466	2645	57143	541685	9.27
2010-2019	80	0.05383	0.05242	0.5	55820	2926	54357	484542	8.68
2010-2019	81	0.06017	0.05841	0.5	52894	3090	51349	430185	8.13
2010-2019	82	0.06736	0.06517	0.5	49805	3246	48182	378835	7.61
2010-2019	83	0.07512	0.07240	0.5	46559	3371	44873	330653	7.10
2010-2019	84	0.08528	0.08179	0.5	43188	3532	41422	285780	6.62
2010-2019	85	0.09507	0.09076	0.5	39656	3599	37856	244358	6.16
2010-2019	86	0.10602	0.10069	0.5	36057	3630	34241	206502	5.73
2010-2019	87	0.11919	0.11248	0.5	32426	3647	30602	172261	5.31
2010-2019	88	0.13492	0.12639	0.5	28779	3637	26960	141658	4.92
2010-2019	89	0.15087	0.14029	0.5	25141	3527	23378	114698	4.56
2010-2019	90	0.16850	0.15541	0.5	21614	3359	19935	91320	4.22
2010-2019	91	0.18898	0.17267	0.5	18255	3152	16679	71385	3.91
2010-2019	92	0.21164	0.19139	0.5	15103	2891	13658	54706	3.62
2010-2019	93	0.23690	0.21181	0.5	12213	2587	10919	41048	3.36
2010-2019	94	0.26193	0.23160	0.5	9626	2229	8511	30129	3.13
2010-2019	95	0.28343	0.24825	0.5	7396	1836	6478	21618	2.92
2010-2019	96	0.31083	0.26902	0.5	5560	1496	4812	15140	2.72
2010-2019	97	0.33963	0.29033	0.5	4064	1180	3474	10327	2.54
2010-2019	98	0.36967	0.31200	0.5	2884	900	2434	6853	2.38
2010-2019	99	0.40075	0.33386	0.5	1984	663	1653	4418	2.23
2010-2019	100	0.43266	0.35571	0.5	1322	470	1087	2765	2.09
2010-2019	101	0.46513	0.37736	0.5	852	321	691	1678	1.97
2010-2019	102	0.49789	0.39865	0.5	530	211	425	987	1.86
2010-2019	103	0.53068	0.41940	0.5	319	134	252	562	1.76
2010-2019	104	0.56321	0.43945	0.5	185	81	144	310	1.68
2010-2019	105	0.59520	0.45869	0.5	104	48	80	166	1.60
2010-2019	106	0.62640	0.47700	0.5	56	27	43	86	1.53
2010-2019	107	0.65658	0.49430	0.5	29	15	22	43	1.47
2010-2019	108	0.68555	0.51055	0.5	15	8	11	21	1.42
2010-2019	109	0.71314	0.52569	0.5	7	4	5	10	1.38
2010-2019	110+	0.73923	1.00000	1.35	3	3	5	5	1.35
2020-2022	0	0.00473	0.00471	0.06	100000	471	99556	7565063	75.65
2020-2022	1	0.00038	0.00038	0.5	99529	38	99510	7465507	75.01
2020-2022	2	0.00022	0.00022	0.5	99491	22	99480	7365998	74.04
2020-2022	3	0.00019	0.00019	0.5	99469	19	99460	7266518	73.05
2020-2022	4	0.00012	0.00012	0.5	99450	12	99444	7167058	72.07
2020-2022	5	0.00012	0.00012	0.5	99438	12	99432	7067615	71.08
2020-2022	6	0.00011	0.00011	0.5	99426	11	99420	6968183	70.08
2020-2022	7	0.00011	0.00011	0.5	99415	11	99409	6868763	69.09
2020-2022	8	0.00010	0.00010	0.5	99404	10	99399	6769354	68.10
2020-2022	9	0.00010	0.00010	0.5	99394	10	99389	6669955	67.11
2020-2022	10	0.00011	0.00011	0.5	99384	11	99378	6570566	66.11
2020-2022	11	0.00012	0.00012	0.5	99373	12	99366	6471188	65.12
2020-2022	12	0.00014	0.00014	0.5	99360	14	99353	6371821	64.13
2020-2022	13	0.00020	0.00020	0.5	99346	20	99336	6272468	63.14
2020-2022	14	0.00028	0.00028	0.5	99326	28	99312	6173132	62.15
2020-2022	15	0.00041	0.00041	0.5	99299	41	99278	6073819	61.17
2020-2022	16	0.00058	0.00058	0.5	99258	57	99229	5974541	60.19
2020-2022	17	0.00074	0.00074	0.5	99200	74	99164	5875312	59.23
2020-2022	18	0.00104	0.00104	0.5	99127	103	99075	5776149	58.27
2020-2022	19	0.00128	0.00128	0.5	99023	127	98960	5677074	57.33
2020-2022	20	0.00134	0.00134	0.5	98897	132	98830	5578114	56.40
2020-2022	21	0.00142	0.00142	0.5	98764	141	98694	5479283	55.48
2020-2022	22	0.00155	0.00154	0.5	98624	152	98548	5380589	54.56
2020-2022	23	0.00163	0.00163	0.5	98471	161	98391	5282042	53.64
2020-2022	24	0.00167	0.00167	0.5	98311	164	98229	5183650	52.73
2020-2022	25	0.00174	0.00174	0.5	98147	171	98061	5085422	51.81
2020-2022	26	0.00179	0.00179	0.5	97976	175	97888	4987360	50.90
2020-2022	27	0.00189	0.00189	0.5	97801	185	97708	4889472	49.99
2020-2022	28	0.00199	0.00199	0.5	97616	194	97519	4791764	49.09
2020-2022	29	0.00216	0.00216	0.5	97422	210	97317	4694245	48.18
2020-2022	30	0.00224	0.00224	0.5	97212	218	97103	4596928	47.29
2020-2022	31	0.00224	0.00224	0.5	96994	217	96885	4499825	46.39
2020-2022	32	0.00232	0.00232	0.5	96777	225	96664	4402939	45.50
2020-2022	33	0.00243	0.00243	0.5	96552	234	96435	4306275	44.60
2020-2022	34	0.00245	0.00245	0.5	96318	236	96200	4209841	43.71
2020-2022	35	0.00252	0.00252	0.5	96082	242	95961	4113641	42.81
2020-2022	36	0.00271	0.00271	0.5	95840	259	95710	4017680	41.92
2020-2022	37	0.00272	0.00272	0.5	95581	260	95451	3921970	41.03
2020-2022	38	0.00274	0.00273	0.5	95321	261	95190	3826519	40.14
2020-2022	39	0.00299	0.00298	0.5	95060	284	94918	3731328	39.25
2020-2022	40	0.00313	0.00312	0.5	94777	296	94629	3636410	38.37
2020-2022	41	0.00323	0.00323	0.5	94480	305	94328	3541781	37.49
2020-2022	42	0.00327	0.00326	0.5	94175	307	94022	3447454	36.61
2020-2022	43	0.00349	0.00348	0.5	93868	327	93705	3353432	35.72
2020-2022	44	0.00372	0.00371	0.5	93541	347	93368	3259727	34.85
2020-2022	45	0.00381	0.00381	0.5	93194	355	93017	3166360	33.98
2020-2022	46	0.00406	0.00405	0.5	92839	376	92651	3073343	33.10
2020-2022	47	0.00441	0.00440	0.5	92463	407	92259	2980692	32.24
2020-2022	48	0.00470	0.00469	0.5	92056	431	91840	2888433	31.38
2020-2022	49	0.00509	0.00508	0.5	91625	465	91392	2796592	30.52
2020-2022	50	0.00546	0.00545	0.5	91159	497	90911	2705200	29.68
2020-2022	51	0.00582	0.00580	0.5	90662	526	90400	2614290	28.84
2020-2022	52	0.00635	0.00633	0.5	90137	571	89851	2523890	28.00
2020-2022	53	0.00674	0.00672	0.5	89566	602	89265	2434039	27.18
2020-2022	54	0.00747	0.00744	0.5	88964	662	88633	2344774	26.36
2020-2022	55	0.00808	0.00805	0.5	88302	711	87947	2256141	25.55
2020-2022	56	0.00884	0.00880	0.5	87591	771	87206	2168195	24.75
2020-2022	57	0.00945	0.00941	0.5	86820	817	86412	2080989	23.97
2020-2022	58	0.01026	0.01020	0.5	86003	878	85565	1994577	23.19
2020-2022	59	0.01113	0.01107	0.5	85126	942	84655	1909013	22.43
2020-2022	60	0.01198	0.01191	0.5	84183	1003	83682	1824358	21.67
2020-2022	61	0.01295	0.01286	0.5	83181	1070	82646	1740676	20.93
2020-2022	62	0.01379	0.01370	0.5	82111	1125	81548	1658030	20.19
2020-2022	63	0.01478	0.01467	0.5	80986	1188	80392	1576482	19.47
2020-2022	64	0.01587	0.01574	0.5	79798	1256	79170	1496090	18.75
2020-2022	65	0.01693	0.01679	0.5	78542	1318	77882	1416920	18.04
2020-2022	66	0.01775	0.01760	0.5	77223	1359	76544	1339038	17.34
2020-2022	67	0.01920	0.01901	0.5	75864	1442	75143	1262494	16.64
2020-2022	68	0.02027	0.02006	0.5	74422	1493	73675	1187351	15.95
2020-2022	69	0.02168	0.02145	0.5	72929	1564	72146	1113676	15.27
2020-2022	70	0.02350	0.02323	0.5	71364	1658	70535	1041530	14.59
2020-2022	71	0.02469	0.02439	0.5	69707	1700	68857	970994	13.93
2020-2022	72	0.02667	0.02632	0.5	68007	1790	67112	902138	13.27
2020-2022	73	0.02931	0.02888	0.5	66217	1913	65261	835026	12.61
2020-2022	74	0.03160	0.03110	0.5	64304	2000	63304	769765	11.97
2020-2022	75	0.03530	0.03468	0.5	62304	2161	61224	706461	11.34
2020-2022	76	0.03790	0.03720	0.5	60143	2237	59025	645237	10.73
2020-2022	77	0.04299	0.04208	0.5	57906	2437	56688	586212	10.12
2020-2022	78	0.04741	0.04631	0.5	55469	2569	54185	529525	9.55
2020-2022	79	0.05253	0.05118	0.5	52900	2708	51547	475340	8.99
2020-2022	80	0.05744	0.05584	0.5	50193	2803	48791	423793	8.44
2020-2022	81	0.06377	0.06180	0.5	47390	2929	45926	375002	7.91
2020-2022	82	0.07097	0.06854	0.5	44462	3047	42938	329076	7.40
2020-2022	83	0.07982	0.07676	0.5	41414	3179	39825	286138	6.91
2020-2022	84	0.08860	0.08484	0.5	38235	3244	36613	246313	6.44
2020-2022	85	0.09945	0.09474	0.5	34991	3315	33334	209700	5.99
2020-2022	86	0.11116	0.10530	0.5	31676	3336	30008	176366	5.57
2020-2022	87	0.12460	0.11729	0.5	28340	3324	26678	146358	5.16
2020-2022	88	0.14069	0.13144	0.5	25016	3288	23372	119680	4.78
2020-2022	89	0.15594	0.14466	0.5	21728	3143	20157	96307	4.43
2020-2022	90	0.17765	0.16316	0.5	18585	3032	17069	76151	4.10
2020-2022	91	0.19927	0.18122	0.5	15553	2818	14143	59082	3.80
2020-2022	92	0.21810	0.19665	0.5	12734	2504	11482	44939	3.53
2020-2022	93	0.24497	0.21824	0.5	10230	2233	9114	33456	3.27
2020-2022	94	0.26968	0.23764	0.5	7997	1900	7047	24343	3.04
2020-2022	95	0.29476	0.25690	0.5	6097	1566	5314	17296	2.84
2020-2022	96	0.32275	0.27790	0.5	4531	1259	3901	11982	2.64
2020-2022	97	0.35206	0.29936	0.5	3272	979	2782	8081	2.47
2020-2022	98	0.38253	0.32112	0.5	2292	736	1924	5299	2.31
2020-2022	99	0.41396	0.34297	0.5	1556	534	1289	3375	2.17
2020-2022	100	0.44610	0.36474	0.5	1022	373	836	2085	2.04
2020-2022	101	0.47870	0.38625	0.5	649	251	524	1249	1.92
2020-2022	102	0.51148	0.40731	0.5	399	162	317	725	1.82
2020-2022	103	0.54416	0.42777	0.5	236	101	186	408	1.73
2020-2022	104	0.57647	0.44749	0.5	135	60	105	222	1.64
2020-2022	105	0.60814	0.46634	0.5	75	35	57	117	1.57
2020-2022	106	0.63892	0.48423	0.5	40	19	30	60	1.50
2020-2022	107	0.66860	0.50109	0.5	21	10	15	30	1.45
2020-2022	108	0.69700	0.51687	0.5	10	5	8	14	1.40
2020-2022	109	0.72397	0.53155	0.5	5	3	4	7	1.36
2020-2022	110+	0.74940	1.00000	1.33	2	2	3	3	1.33
