Div9: Div9, Lifetables (period 5x5), Both sexes Last modified: February 4 2025, MPv5 (May07) 

Year     	Age	mx	qx	ax	lx	dx	Lx	Tx	ex
1941-1944	0	0.03686	0.03574	0.15	100000	3574	96965	6562392	65.62
1941-1944	1-4	0.00222	0.00885	1.6	96426	853	383655	6465427	67.05
1941-1944	5-9	0.00101	0.00505	2.3	95573	483	476560	6081772	63.64
1941-1944	10-14	0.00087	0.00436	2.65	95090	415	474476	5605212	58.95
1941-1944	15-19	0.00162	0.00806	2.74	94675	763	471649	5130736	54.19
1941-1944	20-24	0.00242	0.01202	2.56	93912	1129	466805	4659087	49.61
1941-1944	25-29	0.00236	0.01172	2.47	92784	1088	461169	4192282	45.18
1941-1944	30-34	0.00273	0.01355	2.62	91696	1242	455523	3731112	40.69
1941-1944	35-39	0.00397	0.01964	2.64	90454	1777	448081	3275590	36.21
1941-1944	40-44	0.00549	0.02710	2.62	88677	2403	437676	2827509	31.89
1941-1944	45-49	0.00820	0.04023	2.63	86273	3471	423142	2389833	27.70
1941-1944	50-54	0.01177	0.05724	2.62	82803	4739	402725	1966691	23.75
1941-1944	55-59	0.01686	0.08102	2.6	78063	6325	375164	1563966	20.03
1941-1944	60-64	0.02467	0.11651	2.61	71738	8358	338750	1188803	16.57
1941-1944	65-69	0.03635	0.16711	2.59	63380	10592	291359	850052	13.41
1941-1944	70-74	0.05591	0.24589	2.55	52789	12980	232149	558693	10.58
1941-1944	75-79	0.08410	0.34738	2.5	39809	13829	164427	326544	8.20
1941-1944	80-84	0.12406	0.47031	2.43	25980	12219	98487	162118	6.24
1941-1944	85-89	0.18743	0.62169	2.29	13761	8555	45645	63631	4.62
1941-1944	90-94	0.26854	0.75114	2.07	5206	3910	14562	17986	3.45
1941-1944	95-99	0.36468	0.85468	1.89	1296	1107	3036	3424	2.64
1941-1944	100-104	0.47825	0.92245	1.67	188	174	363	388	2.06
1941-1944	105-109	0.59526	0.95959	1.47	15	14	24	24	1.67
1941-1944	110+	0.68784	1.00000	1.45	1	1	1	1	1.45
1945-1949	0	0.03079	0.02999	0.13	100000	2999	97403	6755650	67.56
1945-1949	1-4	0.00155	0.00618	1.66	97001	599	386603	6658247	68.64
1945-1949	5-9	0.00077	0.00387	2.33	96402	373	481015	6271644	65.06
1945-1949	10-14	0.00073	0.00366	2.71	96029	351	479343	5790629	60.30
1945-1949	15-19	0.00136	0.00678	2.69	95678	649	476894	5311286	55.51
1945-1949	20-24	0.00180	0.00898	2.52	95029	854	473029	4834392	50.87
1945-1949	25-29	0.00185	0.00921	2.54	94176	867	468744	4361364	46.31
1945-1949	30-34	0.00227	0.01129	2.61	93308	1053	464022	3892619	41.72
1945-1949	35-39	0.00327	0.01620	2.66	92255	1495	457772	3428598	37.16
1945-1949	40-44	0.00500	0.02471	2.67	90761	2243	448568	2970826	32.73
1945-1949	45-49	0.00746	0.03664	2.64	88517	3243	434943	2522258	28.49
1945-1949	50-54	0.01100	0.05361	2.62	85274	4572	415478	2087315	24.48
1945-1949	55-59	0.01580	0.07615	2.62	80703	6146	388879	1671837	20.72
1945-1949	60-64	0.02262	0.10726	2.6	74557	7997	353565	1282958	17.21
1945-1949	65-69	0.03414	0.15778	2.6	66560	10502	307586	929393	13.96
1945-1949	70-74	0.05104	0.22707	2.57	56058	12729	249386	621807	11.09
1945-1949	75-79	0.07987	0.33308	2.51	43329	14432	180693	372421	8.60
1945-1949	80-84	0.11247	0.43706	2.45	28897	12630	112291	191728	6.63
1945-1949	85-89	0.17455	0.59469	2.32	16267	9674	55423	79437	4.88
1945-1949	90-94	0.25094	0.72985	2.13	6593	4812	19177	24014	3.64
1945-1949	95-99	0.35336	0.84593	1.92	1781	1507	4264	4837	2.72
1945-1949	100-104	0.47079	0.91959	1.69	274	252	536	573	2.09
1945-1949	105-109	0.59270	0.95925	1.47	22	21	36	37	1.68
1945-1949	110+	0.68921	1.00000	1.45	1	1	1	1	1.45
1950-1954	0	0.02535	0.02480	0.12	100000	2480	97815	6971969	69.72
1950-1954	1-4	0.00118	0.00472	1.63	97520	460	388990	6874155	70.49
1950-1954	5-9	0.00054	0.00269	2.34	97060	261	484606	6485164	66.82
1950-1954	10-14	0.00050	0.00252	2.71	96799	244	483437	6000558	61.99
1950-1954	15-19	0.00101	0.00505	2.72	96555	487	481665	5517121	57.14
1950-1954	20-24	0.00134	0.00667	2.54	96068	641	478764	5035456	52.42
1950-1954	25-29	0.00142	0.00708	2.52	95427	676	475455	4556692	47.75
1950-1954	30-34	0.00170	0.00845	2.63	94751	801	471858	4081236	43.07
1950-1954	35-39	0.00251	0.01247	2.66	93950	1172	467010	3609378	38.42
1950-1954	40-44	0.00399	0.01977	2.69	92778	1834	459647	3142368	33.87
1950-1954	45-49	0.00644	0.03170	2.67	90944	2883	448002	2682721	29.50
1950-1954	50-54	0.00965	0.04717	2.64	88061	4154	430504	2234720	25.38
1950-1954	55-59	0.01412	0.06830	2.61	83907	5731	405832	1804216	21.50
1950-1954	60-64	0.02073	0.09878	2.63	78176	7722	372576	1398384	17.89
1950-1954	65-69	0.03136	0.14582	2.6	70454	10273	327624	1025808	14.56
1950-1954	70-74	0.04760	0.21332	2.57	60181	12838	269711	698184	11.60
1950-1954	75-79	0.07137	0.30327	2.53	47343	14358	201180	428472	9.05
1950-1954	80-84	0.10712	0.42112	2.46	32985	13891	129677	227292	6.89
1950-1954	85-89	0.16345	0.56950	2.34	19095	10874	66530	97615	5.11
1950-1954	90-94	0.24066	0.71429	2.16	8220	5872	24398	31084	3.78
1950-1954	95-99	0.33516	0.82957	1.96	2349	1948	5813	6686	2.85
1950-1954	100-104	0.44955	0.90944	1.73	400	364	810	873	2.18
1950-1954	105-109	0.57090	0.95395	1.51	36	35	61	63	1.74
1950-1954	110+	0.66843	1.00000	1.5	2	2	2	2	1.50
1955-1959	0	0.02470	0.02417	0.12	100000	2417	97866	7063402	70.63
1955-1959	1-4	0.00099	0.00394	1.62	97583	385	389413	6965537	71.38
1955-1959	5-9	0.00046	0.00230	2.31	97198	224	485387	6576124	67.66
1955-1959	10-14	0.00042	0.00209	2.72	96974	203	484407	6090738	62.81
1955-1959	15-19	0.00092	0.00457	2.74	96771	442	482855	5606331	57.93
1955-1959	20-24	0.00122	0.00610	2.52	96329	588	480186	5123475	53.19
1955-1959	25-29	0.00126	0.00626	2.54	95741	599	477231	4643289	48.50
1955-1959	30-34	0.00152	0.00755	2.59	95142	718	473979	4166058	43.79
1955-1959	35-39	0.00216	0.01074	2.68	94424	1015	469767	3692079	39.10
1955-1959	40-44	0.00348	0.01726	2.68	93409	1613	463306	3222312	34.50
1955-1959	45-49	0.00572	0.02822	2.69	91796	2590	452988	2759006	30.06
1955-1959	50-54	0.00900	0.04407	2.65	89206	3932	436795	2306018	25.85
1955-1959	55-59	0.01319	0.06397	2.64	85274	5455	413489	1869223	21.92
1955-1959	60-64	0.01939	0.09269	2.62	79819	7398	381522	1455733	18.24
1955-1959	65-69	0.02975	0.13887	2.61	72421	10057	338033	1074212	14.83
1955-1959	70-74	0.04452	0.20101	2.59	62364	12536	281582	736179	11.80
1955-1959	75-79	0.07031	0.29977	2.54	49828	14937	212447	454597	9.12
1955-1959	80-84	0.10422	0.41273	2.48	34891	14400	138174	242150	6.94
1955-1959	85-89	0.16467	0.57279	2.34	20490	11737	71275	103975	5.07
1955-1959	90-94	0.24275	0.71842	2.16	8754	6289	25906	32700	3.74
1955-1959	95-99	0.34715	0.84107	1.94	2465	2073	5972	6794	2.76
1955-1959	100-104	0.46811	0.91875	1.69	392	360	769	822	2.10
1955-1959	105-109	0.59418	0.95980	1.47	32	31	51	53	1.67
1955-1959	110+	0.69381	1.00000	1.44	1	1	2	2	1.44
1960-1964	0	0.02308	0.02261	0.11	100000	2261	97993	7104077	71.04
1960-1964	1-4	0.00092	0.00368	1.63	97739	360	390103	7006083	71.68
1960-1964	5-9	0.00042	0.00209	2.28	97379	204	486340	6615980	67.94
1960-1964	10-14	0.00037	0.00183	2.66	97175	178	485459	6129641	63.08
1960-1964	15-19	0.00088	0.00438	2.85	96997	425	484072	5644182	58.19
1960-1964	20-24	0.00124	0.00616	2.5	96573	595	481374	5160110	53.43
1960-1964	25-29	0.00123	0.00613	2.53	95977	588	478436	4678736	48.75
1960-1964	30-34	0.00152	0.00758	2.61	95389	723	475213	4200300	44.03
1960-1964	35-39	0.00218	0.01086	2.68	94666	1029	470940	3725087	39.35
1960-1964	40-44	0.00342	0.01695	2.71	93637	1587	464544	3254147	34.75
1960-1964	45-49	0.00556	0.02745	2.67	92050	2527	454373	2789603	30.31
1960-1964	50-54	0.00879	0.04306	2.66	89523	3855	438607	2335230	26.09
1960-1964	55-59	0.01313	0.06369	2.63	85668	5457	415424	1896623	22.14
1960-1964	60-64	0.01933	0.09244	2.63	80212	7415	383505	1481199	18.47
1960-1964	65-69	0.02884	0.13479	2.58	72797	9813	340237	1097694	15.08
1960-1964	70-74	0.04294	0.19459	2.59	62984	12256	285422	757456	12.03
1960-1964	75-79	0.06577	0.28297	2.53	50728	14355	218243	472035	9.31
1960-1964	80-84	0.10323	0.40991	2.49	36374	14910	144438	253792	6.98
1960-1964	85-89	0.16269	0.56811	2.35	21464	12194	74949	109354	5.09
1960-1964	90-94	0.24396	0.72078	2.16	9270	6682	27389	34405	3.71
1960-1964	95-99	0.35336	0.84690	1.93	2588	2192	6203	7017	2.71
1960-1964	100-104	0.47915	0.92397	1.68	396	366	764	813	2.05
1960-1964	105-109	0.60924	0.96325	1.45	30	29	48	49	1.63
1960-1964	110+	0.71094	1.00000	1.41	1	1	2	2	1.41
1965-1969	0	0.02025	0.01989	0.1	100000	1989	98219	7136573	71.37
1965-1969	1-4	0.00086	0.00345	1.65	98011	338	391249	7038354	71.81
1965-1969	5-9	0.00040	0.00202	2.3	97673	197	487832	6647105	68.05
1965-1969	10-14	0.00038	0.00189	2.73	97476	184	486962	6159273	63.19
1965-1969	15-19	0.00102	0.00508	2.84	97292	494	485394	5672311	58.30
1965-1969	20-24	0.00134	0.00665	2.49	96798	644	482370	5186918	53.59
1965-1969	25-29	0.00135	0.00673	2.54	96154	647	479175	4704548	48.93
1965-1969	30-34	0.00160	0.00795	2.62	95507	759	475730	4225373	44.24
1965-1969	35-39	0.00222	0.01103	2.66	94748	1045	471296	3749643	39.58
1965-1969	40-44	0.00347	0.01723	2.67	93702	1614	464754	3278347	34.99
1965-1969	45-49	0.00539	0.02664	2.67	92088	2453	454717	2813593	30.55
1965-1969	50-54	0.00848	0.04159	2.66	89635	3728	439442	2358876	26.32
1965-1969	55-59	0.01303	0.06321	2.64	85907	5430	416706	1919433	22.34
1965-1969	60-64	0.01928	0.09214	2.61	80477	7415	384659	1502727	18.67
1965-1969	65-69	0.02812	0.13170	2.59	73062	9623	342154	1118068	15.30
1965-1969	70-74	0.04222	0.19151	2.58	63439	12149	287791	775914	12.23
1965-1969	75-79	0.06410	0.27676	2.53	51290	14195	221450	488123	9.52
1965-1969	80-84	0.09889	0.39634	2.5	37095	14702	148681	266673	7.19
1965-1969	85-89	0.15594	0.55230	2.36	22393	12368	79309	117992	5.27
1965-1969	90-94	0.23298	0.70358	2.19	10025	7054	30276	38683	3.86
1965-1969	95-99	0.33686	0.83204	1.96	2972	2473	7340	8407	2.83
1965-1969	100-104	0.45885	0.91467	1.71	499	457	995	1067	2.14
1965-1969	105-109	0.58752	0.95841	1.49	43	41	69	72	1.69
1965-1969	110+	0.68972	1.00000	1.45	2	2	3	3	1.45
1970-1974	0	0.01625	0.01601	0.09	100000	1601	98548	7236959	72.37
1970-1974	1-4	0.00079	0.00317	1.71	98399	312	392880	7138411	72.55
1970-1974	5-9	0.00038	0.00189	2.3	98087	185	489936	6745531	68.77
1970-1974	10-14	0.00036	0.00180	2.76	97902	176	489118	6255594	63.90
1970-1974	15-19	0.00109	0.00546	2.9	97726	533	487511	5766477	59.01
1970-1974	20-24	0.00147	0.00733	2.46	97193	712	484157	5278966	54.31
1970-1974	25-29	0.00137	0.00681	2.51	96481	657	480771	4794808	49.70
1970-1974	30-34	0.00152	0.00758	2.56	95824	727	477347	4314037	45.02
1970-1974	35-39	0.00210	0.01046	2.66	95097	995	473163	3836689	40.34
1970-1974	40-44	0.00319	0.01583	2.66	94102	1490	467025	3363527	35.74
1970-1974	45-49	0.00511	0.02527	2.66	92613	2340	457581	2896502	31.28
1970-1974	50-54	0.00777	0.03817	2.66	90272	3446	443286	2438921	27.02
1970-1974	55-59	0.01204	0.05854	2.64	86826	5083	422157	1995635	22.98
1970-1974	60-64	0.01819	0.08718	2.62	81743	7126	391783	1573478	19.25
1970-1974	65-69	0.02616	0.12305	2.59	74617	9182	350959	1181695	15.84
1970-1974	70-74	0.03913	0.17877	2.58	65435	11698	298920	830736	12.70
1970-1974	75-79	0.06052	0.26345	2.54	53737	14157	233927	531816	9.90
1970-1974	80-84	0.09180	0.37337	2.5	39580	14778	160976	297890	7.53
1970-1974	85-89	0.14594	0.52792	2.38	24802	13094	89720	136914	5.52
1970-1974	90-94	0.22052	0.68375	2.22	11709	8006	36303	47194	4.03
1970-1974	95-99	0.32207	0.81795	1.99	3703	3029	9404	10891	2.94
1970-1974	100-104	0.44369	0.90731	1.74	674	612	1378	1487	2.21
1970-1974	105-109	0.57418	0.95530	1.51	62	60	104	108	1.73
1970-1974	110+	0.67889	1.00000	1.47	3	3	4	4	1.47
1975-1979	0	0.01299	0.01283	0.08	100000	1283	98825	7408685	74.09
1975-1979	1-4	0.00069	0.00275	1.63	98717	271	394224	7309860	74.05
1975-1979	5-9	0.00032	0.00159	2.31	98446	157	491807	6915636	70.25
1975-1979	10-14	0.00030	0.00151	2.75	98289	149	491111	6423829	65.36
1975-1979	15-19	0.00101	0.00502	2.9	98141	492	489667	5932718	60.45
1975-1979	20-24	0.00143	0.00710	2.5	97648	694	486508	5443051	55.74
1975-1979	25-29	0.00136	0.00679	2.49	96955	658	483122	4956543	51.12
1975-1979	30-34	0.00138	0.00688	2.56	96296	662	479865	4473422	46.45
1975-1979	35-39	0.00179	0.00893	2.62	95634	854	476135	3993557	41.76
1975-1979	40-44	0.00275	0.01365	2.67	94780	1294	470885	3517421	37.11
1975-1979	45-49	0.00436	0.02159	2.68	93486	2019	462741	3046536	32.59
1975-1979	50-54	0.00683	0.03361	2.65	91468	3075	450112	2583795	28.25
1975-1979	55-59	0.01044	0.05094	2.65	88393	4503	431389	2133683	24.14
1975-1979	60-64	0.01604	0.07727	2.64	83890	6483	404147	1702295	20.29
1975-1979	65-69	0.02341	0.11084	2.61	77407	8580	366533	1298147	16.77
1975-1979	70-74	0.03498	0.16132	2.59	68827	11103	317380	931614	13.54
1975-1979	75-79	0.05292	0.23441	2.57	57724	13531	255690	614235	10.64
1975-1979	80-84	0.08163	0.33962	2.53	44193	15009	183855	358545	8.11
1975-1979	85-89	0.12882	0.48360	2.42	29184	14114	109563	174690	5.99
1975-1979	90-94	0.20205	0.64935	2.25	15071	9786	48435	65127	4.32
1975-1979	95-99	0.29641	0.79044	2.05	5285	4177	14093	16692	3.16
1975-1979	100-104	0.41465	0.89110	1.8	1107	987	2380	2599	2.35
1975-1979	105-109	0.54525	0.94750	1.56	121	114	210	219	1.82
1975-1979	110+	0.65213	1.00000	1.53	6	6	10	10	1.53
1980-1984	0	0.01042	0.01032	0.08	100000	1032	99048	7508998	75.09
1980-1984	1-4	0.00057	0.00228	1.61	98968	225	395333	7409950	74.87
1980-1984	5-9	0.00028	0.00142	2.37	98743	140	493344	7014618	71.04
1980-1984	10-14	0.00028	0.00139	2.8	98602	137	492709	6521273	66.14
1980-1984	15-19	0.00089	0.00444	2.9	98465	437	491407	6028564	61.23
1980-1984	20-24	0.00120	0.00598	2.49	98028	587	488671	5537157	56.49
1980-1984	25-29	0.00120	0.00598	2.5	97442	583	485751	5048486	51.81
1980-1984	30-34	0.00132	0.00656	2.53	96859	635	482727	4562736	47.11
1980-1984	35-39	0.00165	0.00821	2.63	96224	790	479251	4080009	42.40
1980-1984	40-44	0.00244	0.01211	2.65	95434	1155	474453	3600757	37.73
1980-1984	45-49	0.00386	0.01912	2.69	94279	1803	467225	3126304	33.16
1980-1984	50-54	0.00617	0.03043	2.66	92476	2814	455803	2659080	28.75
1980-1984	55-59	0.00968	0.04732	2.65	89662	4243	438354	2203276	24.57
1980-1984	60-64	0.01480	0.07152	2.63	85419	6109	412645	1764923	20.66
1980-1984	65-69	0.02228	0.10578	2.62	79310	8389	376598	1352278	17.05
1980-1984	70-74	0.03382	0.15638	2.59	70921	11090	327931	975680	13.76
1980-1984	75-79	0.05078	0.22594	2.56	59831	13518	266189	647749	10.83
1980-1984	80-84	0.08019	0.33439	2.52	46313	15486	193114	381560	8.24
1980-1984	85-89	0.12562	0.47459	2.43	30826	14630	116465	188446	6.11
1980-1984	90-94	0.19388	0.63482	2.28	16196	10282	53032	71981	4.44
1980-1984	95-99	0.29146	0.78472	2.06	5915	4641	15924	18949	3.20
1980-1984	100-104	0.40909	0.88771	1.81	1273	1130	2763	3025	2.38
1980-1984	105-109	0.53978	0.94589	1.57	143	135	251	262	1.84
1980-1984	110+	0.64716	1.00000	1.55	8	8	12	12	1.55
1985-1989	0	0.00951	0.00942	0.07	100000	942	99128	7546888	75.47
1985-1989	1-4	0.00050	0.00200	1.58	99058	198	395749	7447760	75.19
1985-1989	5-9	0.00023	0.00115	2.42	98859	114	494003	7052010	71.33
1985-1989	10-14	0.00026	0.00129	2.82	98746	127	493451	6558007	66.41
1985-1989	15-19	0.00087	0.00434	2.87	98618	428	492181	6064556	61.50
1985-1989	20-24	0.00113	0.00562	2.51	98190	551	489580	5572374	56.75
1985-1989	25-29	0.00121	0.00604	2.53	97639	590	486740	5082794	52.06
1985-1989	30-34	0.00147	0.00733	2.6	97049	712	483536	4596055	47.36
1985-1989	35-39	0.00188	0.00935	2.56	96338	901	479492	4112518	42.69
1985-1989	40-44	0.00247	0.01228	2.63	95437	1172	474412	3633027	38.07
1985-1989	45-49	0.00366	0.01814	2.65	94265	1710	467301	3158615	33.51
1985-1989	50-54	0.00577	0.02846	2.67	92554	2634	456625	2691313	29.08
1985-1989	55-59	0.00917	0.04489	2.66	89920	4037	440138	2234688	24.85
1985-1989	60-64	0.01424	0.06886	2.62	85883	5914	415368	1794550	20.90
1985-1989	65-69	0.02089	0.09952	2.62	79969	7958	380943	1379182	17.25
1985-1989	70-74	0.03261	0.15124	2.61	72011	10891	334019	998240	13.86
1985-1989	75-79	0.04969	0.22169	2.57	61120	13549	272660	664221	10.87
1985-1989	80-84	0.07949	0.33196	2.52	47571	15791	198666	391561	8.23
1985-1989	85-89	0.12595	0.47595	2.43	31779	15125	120090	192895	6.07
1985-1989	90-94	0.19820	0.64378	2.28	16654	10722	54096	72805	4.37
1985-1989	95-99	0.29644	0.79108	2.05	5932	4693	15831	18708	3.15
1985-1989	100-104	0.41939	0.89445	1.79	1239	1109	2643	2877	2.32
1985-1989	105-109	0.55521	0.95066	1.54	131	124	224	234	1.79
1985-1989	110+	0.66589	1.00000	1.5	6	6	10	10	1.50
1990-1994	0	0.00755	0.00750	0.07	100000	750	99302	7633669	76.34
1990-1994	1-4	0.00040	0.00162	1.62	99250	161	396620	7534367	75.91
1990-1994	5-9	0.00019	0.00096	2.38	99090	95	495201	7137748	72.03
1990-1994	10-14	0.00024	0.00122	2.94	98995	120	494728	6642546	67.10
1990-1994	15-19	0.00088	0.00437	2.86	98875	432	493448	6147818	62.18
1990-1994	20-24	0.00111	0.00552	2.48	98442	543	490842	5654371	57.44
1990-1994	25-29	0.00115	0.00574	2.57	97899	562	488134	5163529	52.74
1990-1994	30-34	0.00151	0.00754	2.63	97338	734	484951	4675395	48.03
1990-1994	35-39	0.00200	0.00996	2.61	96604	962	480718	4190444	43.38
1990-1994	40-44	0.00263	0.01306	2.6	95642	1249	475215	3709726	38.79
1990-1994	45-49	0.00356	0.01763	2.62	94393	1664	468001	3234510	34.27
1990-1994	50-54	0.00530	0.02619	2.65	92728	2428	457935	2766510	29.83
1990-1994	55-59	0.00826	0.04051	2.66	90300	3658	442952	2308575	25.57
1990-1994	60-64	0.01297	0.06290	2.63	86641	5450	420288	1865623	21.53
1990-1994	65-69	0.01949	0.09316	2.63	81192	7564	388044	1445334	17.80
1990-1994	70-74	0.02984	0.13926	2.61	73628	10254	343601	1057291	14.36
1990-1994	75-79	0.04586	0.20636	2.58	63374	13078	285191	713689	11.26
1990-1994	80-84	0.07497	0.31650	2.54	50296	15918	212321	428498	8.52
1990-1994	85-89	0.11912	0.45675	2.45	34378	15702	131815	216177	6.29
1990-1994	90-94	0.18970	0.62811	2.31	18676	11730	61838	84363	4.52
1990-1994	95-99	0.28659	0.77968	2.08	6945	5415	18895	22525	3.24
1990-1994	100-104	0.40950	0.88864	1.82	1530	1360	3321	3630	2.37
1990-1994	105-109	0.54665	0.94834	1.56	170	162	296	309	1.81
1990-1994	110+	0.65904	1.00000	1.52	9	9	13	13	1.52
1995-1999	0	0.00613	0.00610	0.07	100000	610	99430	7739266	77.39
1995-1999	1-4	0.00032	0.00127	1.57	99390	126	397256	7639836	76.87
1995-1999	5-9	0.00015	0.00077	2.39	99264	76	496124	7242580	72.96
1995-1999	10-14	0.00020	0.00101	2.85	99188	100	495726	6746456	68.02
1995-1999	15-19	0.00068	0.00339	2.88	99088	336	494728	6250731	63.08
1995-1999	20-24	0.00090	0.00449	2.45	98752	443	492626	5756002	58.29
1995-1999	25-29	0.00087	0.00434	2.53	98308	427	490490	5263377	53.54
1995-1999	30-34	0.00115	0.00575	2.65	97882	563	488087	4772887	48.76
1995-1999	35-39	0.00159	0.00793	2.65	97318	772	484776	4284800	44.03
1995-1999	40-44	0.00232	0.01152	2.66	96546	1112	480124	3800023	39.36
1995-1999	45-49	0.00329	0.01630	2.63	95434	1556	473475	3319900	34.79
1995-1999	50-54	0.00477	0.02359	2.67	93878	2214	464234	2846425	30.32
1995-1999	55-59	0.00745	0.03663	2.66	91664	3358	450471	2382191	25.99
1995-1999	60-64	0.01191	0.05793	2.66	88306	5116	429582	1931721	21.88
1995-1999	65-69	0.01794	0.08606	2.64	83190	7160	399031	1502139	18.06
1995-1999	70-74	0.02841	0.13303	2.61	76030	10114	356008	1103108	14.51
1995-1999	75-79	0.04368	0.19757	2.59	65916	13023	298146	747099	11.33
1995-1999	80-84	0.07392	0.31306	2.56	52893	16559	223998	448954	8.49
1995-1999	85-89	0.12071	0.46180	2.46	36334	16779	139002	224955	6.19
1995-1999	90-94	0.19524	0.63829	2.29	19555	12482	63930	85953	4.40
1995-1999	95-99	0.30019	0.79628	2.05	7073	5632	18762	22023	3.11
1995-1999	100-104	0.43083	0.90166	1.78	1441	1299	3016	3261	2.26
1995-1999	105-109	0.57357	0.95583	1.51	142	135	236	245	1.73
1995-1999	110+	0.68819	1.00000	1.45	6	6	9	9	1.45
2000-2004	0	0.00557	0.00554	0.06	100000	554	99481	7834950	78.35
2000-2004	1-4	0.00027	0.00109	1.62	99446	109	397524	7735469	77.79
2000-2004	5-9	0.00014	0.00070	2.37	99337	69	496502	7337945	73.87
2000-2004	10-14	0.00017	0.00083	2.81	99268	83	496157	6841443	68.92
2000-2004	15-19	0.00058	0.00289	2.98	99185	287	495347	6345286	63.97
2000-2004	20-24	0.00080	0.00397	2.44	98898	393	493487	5849938	59.15
2000-2004	25-29	0.00075	0.00376	2.48	98505	370	491594	5356452	54.38
2000-2004	30-34	0.00091	0.00454	2.66	98135	445	489632	4864857	49.57
2000-2004	35-39	0.00132	0.00658	2.68	97690	643	486954	4375225	44.79
2000-2004	40-44	0.00204	0.01017	2.67	97047	987	482940	3888271	40.07
2000-2004	45-49	0.00314	0.01557	2.66	96060	1495	476800	3405331	35.45
2000-2004	50-54	0.00458	0.02267	2.64	94565	2143	467763	2928531	30.97
2000-2004	55-59	0.00681	0.03351	2.66	92421	3097	454864	2460768	26.63
2000-2004	60-64	0.01063	0.05185	2.65	89325	4632	435725	2005904	22.46
2000-2004	65-69	0.01634	0.07867	2.64	84693	6663	407748	1570179	18.54
2000-2004	70-74	0.02562	0.12074	2.63	78030	9422	367787	1162431	14.90
2000-2004	75-79	0.04057	0.18489	2.6	68609	12685	312639	794644	11.58
2000-2004	80-84	0.07033	0.30039	2.57	55924	16799	238870	482005	8.62
2000-2004	85-89	0.11881	0.45697	2.47	39125	17879	150481	243135	6.21
2000-2004	90-94	0.19681	0.64260	2.3	21246	13653	69370	92655	4.36
2000-2004	95-99	0.30515	0.80246	2.05	7593	6093	19968	23284	3.07
2000-2004	100-104	0.44169	0.90794	1.76	1500	1362	3083	3316	2.21
2000-2004	105-109	0.58921	0.95977	1.49	138	133	225	233	1.69
2000-2004	110+	0.70600	1.00000	1.42	6	6	8	8	1.42
2005-2009	0	0.00539	0.00536	0.06	100000	536	99498	7941388	79.41
2005-2009	1-4	0.00024	0.00098	1.59	99464	97	397621	7841891	78.84
2005-2009	5-9	0.00012	0.00059	2.4	99367	58	496681	7444270	74.92
2005-2009	10-14	0.00014	0.00070	2.79	99308	70	496387	6947589	69.96
2005-2009	15-19	0.00052	0.00259	2.98	99238	257	495675	6451202	65.01
2005-2009	20-24	0.00081	0.00406	2.49	98982	402	493901	5955527	60.17
2005-2009	25-29	0.00079	0.00392	2.52	98580	386	491941	5461626	55.40
2005-2009	30-34	0.00088	0.00437	2.59	98194	429	489934	4969685	50.61
2005-2009	35-39	0.00118	0.00588	2.66	97765	575	487479	4479751	45.82
2005-2009	40-44	0.00185	0.00920	2.67	97190	895	483867	3992273	41.08
2005-2009	45-49	0.00296	0.01472	2.67	96295	1418	478175	3508405	36.43
2005-2009	50-54	0.00450	0.02225	2.65	94878	2111	469423	3030230	31.94
2005-2009	55-59	0.00641	0.03156	2.63	92767	2928	456892	2560807	27.60
2005-2009	60-64	0.00948	0.04637	2.65	89839	4166	439384	2103915	23.42
2005-2009	65-69	0.01428	0.06909	2.64	85673	5919	414378	1664531	19.43
2005-2009	70-74	0.02229	0.10592	2.65	79754	8447	378900	1250153	15.68
2005-2009	75-79	0.03584	0.16509	2.62	71307	11772	328492	871253	12.22
2005-2009	80-84	0.06282	0.27273	2.59	59535	16237	258484	542761	9.12
2005-2009	85-89	0.10798	0.42529	2.5	43298	18414	170541	284277	6.57
2005-2009	90-94	0.18426	0.61733	2.33	24884	15361	83366	113736	4.57
2005-2009	95-99	0.29081	0.78664	2.08	9522	7491	25757	30370	3.19
2005-2009	100-104	0.42888	0.90148	1.79	2032	1831	4270	4613	2.27
2005-2009	105-109	0.58046	0.95797	1.5	200	192	330	342	1.71
2005-2009	110+	0.70131	1.00000	1.43	8	8	12	12	1.43
2010-2014	0	0.00466	0.00464	0.06	100000	464	99565	8048454	80.48
2010-2014	1-4	0.00020	0.00081	1.62	99536	81	397954	7948889	79.86
2010-2014	5-9	0.00009	0.00046	2.35	99456	46	497157	7550935	75.92
2010-2014	10-14	0.00012	0.00059	2.83	99410	59	496922	7053778	70.96
2010-2014	15-19	0.00039	0.00194	3.04	99351	193	496376	6556856	66.00
2010-2014	20-24	0.00069	0.00342	2.54	99158	339	494956	6060479	61.12
2010-2014	25-29	0.00073	0.00364	2.53	98819	360	493203	5565523	56.32
2010-2014	30-34	0.00085	0.00423	2.56	98459	417	491278	5072320	51.52
2010-2014	35-39	0.00107	0.00531	2.61	98042	521	488965	4581042	46.73
2010-2014	40-44	0.00159	0.00792	2.68	97521	772	485816	4092077	41.96
2010-2014	45-49	0.00257	0.01280	2.72	96749	1238	480917	3606261	37.27
2010-2014	50-54	0.00408	0.02023	2.66	95511	1932	473028	3125344	32.72
2010-2014	55-59	0.00614	0.03028	2.64	93579	2834	461202	2652316	28.34
2010-2014	60-64	0.00889	0.04353	2.63	90745	3950	444369	2191114	24.15
2010-2014	65-69	0.01278	0.06203	2.64	86795	5384	421265	1746745	20.12
2010-2014	70-74	0.01987	0.09488	2.64	81411	7724	388788	1325480	16.28
2010-2014	75-79	0.03229	0.14997	2.63	73687	11051	342227	936692	12.71
2010-2014	80-84	0.05797	0.25449	2.6	62636	15940	274968	594465	9.49
2010-2014	85-89	0.10074	0.40317	2.53	46696	18827	186890	319497	6.84
2010-2014	90-94	0.17463	0.59770	2.36	27869	16658	95390	132607	4.76
2010-2014	95-99	0.27702	0.76984	2.11	11212	8631	31157	37217	3.32
2010-2014	100-104	0.41327	0.89253	1.82	2580	2303	5573	6060	2.35
2010-2014	105-109	0.56531	0.95428	1.53	277	265	468	487	1.75
2010-2014	110+	0.68795	1.00000	1.45	13	13	18	18	1.45
2015-2019	0	0.00424	0.00422	0.06	100000	422	99603	8066389	80.66
2015-2019	1-4	0.00018	0.00071	1.58	99578	71	398140	7966786	80.01
2015-2019	5-9	0.00009	0.00045	2.45	99507	45	497421	7568645	76.06
2015-2019	10-14	0.00012	0.00058	2.78	99462	58	497183	7071224	71.09
2015-2019	15-19	0.00040	0.00202	2.99	99404	201	496618	6574041	66.13
2015-2019	20-24	0.00074	0.00371	2.54	99203	368	495111	6077423	61.26
2015-2019	25-29	0.00083	0.00413	2.55	98835	408	493176	5582312	56.48
2015-2019	30-34	0.00097	0.00483	2.58	98427	475	490988	5089136	51.70
2015-2019	35-39	0.00124	0.00619	2.59	97952	607	488298	4598149	46.94
2015-2019	40-44	0.00160	0.00798	2.62	97346	777	484881	4109850	42.22
2015-2019	45-49	0.00246	0.01222	2.67	96569	1180	480097	3624969	37.54
2015-2019	50-54	0.00391	0.01937	2.67	95389	1847	472641	3144872	32.97
2015-2019	55-59	0.00605	0.02985	2.65	93542	2792	461135	2672231	28.57
2015-2019	60-64	0.00889	0.04353	2.63	90749	3950	444373	2211096	24.36
2015-2019	65-69	0.01264	0.06135	2.62	86799	5325	421319	1766723	20.35
2015-2019	70-74	0.01911	0.09145	2.64	81474	7451	389809	1345404	16.51
2015-2019	75-79	0.03091	0.14405	2.64	74023	10663	344933	955595	12.91
2015-2019	80-84	0.05569	0.24582	2.62	63360	15575	279700	610662	9.64
2015-2019	85-89	0.09803	0.39473	2.53	47785	18862	192407	330962	6.93
2015-2019	90-94	0.17219	0.59194	2.36	28923	17121	99430	138555	4.79
2015-2019	95-99	0.27714	0.77040	2.12	11802	9092	32808	39125	3.32
2015-2019	100-104	0.41642	0.89473	1.81	2710	2425	5822	6318	2.33
2015-2019	105-109	0.57153	0.95602	1.52	285	273	477	495	1.74
2015-2019	110+	0.69598	1.00000	1.44	13	13	18	18	1.44
2020-2022	0	0.00402	0.00401	0.06	100000	401	99623	7900239	79.00
2020-2022	1-4	0.00018	0.00073	1.58	99599	73	398220	7800616	78.32
2020-2022	5-9	0.00009	0.00045	2.5	99526	45	497519	7402396	74.38
2020-2022	10-14	0.00013	0.00065	2.92	99481	64	497272	6904877	69.41
2020-2022	15-19	0.00050	0.00251	3.04	99417	249	496595	6407605	64.45
2020-2022	20-24	0.00096	0.00481	2.61	99168	477	494698	5911010	59.61
2020-2022	25-29	0.00121	0.00604	2.59	98691	596	492021	5416313	54.88
2020-2022	30-34	0.00149	0.00743	2.56	98095	729	488697	4924292	50.20
2020-2022	35-39	0.00181	0.00900	2.6	97366	876	484724	4435595	45.56
2020-2022	40-44	0.00235	0.01167	2.6	96490	1126	479743	3950871	40.95
2020-2022	45-49	0.00316	0.01568	2.64	95363	1495	473285	3471129	36.40
2020-2022	50-54	0.00471	0.02331	2.66	93868	2188	464212	2997844	31.94
2020-2022	55-59	0.00705	0.03465	2.65	91680	3177	450926	2533632	27.64
2020-2022	60-64	0.01056	0.05150	2.62	88503	4558	431678	2082706	23.53
2020-2022	65-69	0.01467	0.07087	2.6	83945	5949	405478	1651028	19.67
2020-2022	70-74	0.02130	0.10137	2.63	77996	7907	371242	1245550	15.97
2020-2022	75-79	0.03452	0.15961	2.64	70090	11187	324058	874307	12.47
2020-2022	80-84	0.05892	0.25822	2.61	58903	15210	258167	550250	9.34
2020-2022	85-89	0.10412	0.41364	2.52	43693	18073	173587	292082	6.68
2020-2022	90-94	0.18082	0.61066	2.34	25620	15645	86523	118495	4.63
2020-2022	95-99	0.28869	0.78465	2.09	9975	7827	27111	31972	3.21
2020-2022	100-104	0.43031	0.90266	1.78	2148	1939	4506	4861	2.26
2020-2022	105-109	0.58572	0.95939	1.5	209	201	342	354	1.70
2020-2022	110+	0.70896	1.00000	1.41	8	8	12	12	1.41
