Div9: Div9, Lifetables (period 1x10), Males Last modified: February 4 2025, MPv5 (May07) 

Year     	Age	mx	qx	ax	lx	dx	Lx	Tx	ex
1941-1949	0	0.03757	0.03640	0.15	100000	3640	96891	6374083	63.74
1941-1949	1	0.00302	0.00302	0.5	96360	291	96215	6277192	65.14
1941-1949	2	0.00201	0.00201	0.5	96069	193	95973	6180978	64.34
1941-1949	3	0.00153	0.00153	0.5	95877	147	95803	6085005	63.47
1941-1949	4	0.00128	0.00128	0.5	95730	122	95669	5989201	62.56
1941-1949	5	0.00115	0.00115	0.5	95608	110	95553	5893533	61.64
1941-1949	6	0.00107	0.00107	0.5	95498	102	95447	5797980	60.71
1941-1949	7	0.00100	0.00100	0.5	95396	96	95348	5702533	59.78
1941-1949	8	0.00094	0.00094	0.5	95300	90	95255	5607186	58.84
1941-1949	9	0.00089	0.00089	0.5	95210	84	95168	5511931	57.89
1941-1949	10	0.00085	0.00085	0.5	95125	81	95085	5416763	56.94
1941-1949	11	0.00086	0.00086	0.5	95045	82	95004	5321678	55.99
1941-1949	12	0.00093	0.00093	0.5	94963	88	94919	5226674	55.04
1941-1949	13	0.00105	0.00105	0.5	94875	100	94825	5131755	54.09
1941-1949	14	0.00122	0.00122	0.5	94775	116	94717	5036931	53.15
1941-1949	15	0.00143	0.00143	0.5	94659	135	94592	4942214	52.21
1941-1949	16	0.00164	0.00164	0.5	94524	155	94447	4847622	51.28
1941-1949	17	0.00186	0.00186	0.5	94369	175	94281	4753175	50.37
1941-1949	18	0.00209	0.00209	0.5	94194	197	94095	4658894	49.46
1941-1949	19	0.00234	0.00234	0.5	93997	220	93887	4564798	48.56
1941-1949	20	0.00259	0.00258	0.5	93777	242	93656	4470911	47.68
1941-1949	21	0.00276	0.00276	0.5	93535	258	93406	4377256	46.80
1941-1949	22	0.00284	0.00284	0.5	93277	265	93144	4283850	45.93
1941-1949	23	0.00284	0.00283	0.5	93012	263	92880	4190706	45.06
1941-1949	24	0.00276	0.00276	0.5	92748	256	92620	4097826	44.18
1941-1949	25	0.00264	0.00264	0.5	92492	244	92370	4005205	43.30
1941-1949	26	0.00254	0.00254	0.5	92248	234	92131	3912835	42.42
1941-1949	27	0.00249	0.00249	0.5	92014	229	91900	3820703	41.52
1941-1949	28	0.00249	0.00249	0.5	91785	228	91671	3728804	40.63
1941-1949	29	0.00254	0.00254	0.5	91557	232	91441	3637132	39.73
1941-1949	30	0.00263	0.00263	0.5	91325	240	91205	3545691	38.83
1941-1949	31	0.00274	0.00274	0.5	91085	249	90960	3454487	37.93
1941-1949	32	0.00288	0.00288	0.5	90836	262	90705	3363526	37.03
1941-1949	33	0.00306	0.00306	0.5	90574	277	90436	3272821	36.13
1941-1949	34	0.00329	0.00328	0.5	90297	296	90149	3182386	35.24
1941-1949	35	0.00357	0.00356	0.5	90001	320	89840	3092237	34.36
1941-1949	36	0.00387	0.00386	0.5	89680	346	89507	3002396	33.48
1941-1949	37	0.00420	0.00419	0.5	89334	375	89146	2912889	32.61
1941-1949	38	0.00459	0.00458	0.5	88959	408	88755	2823743	31.74
1941-1949	39	0.00502	0.00501	0.5	88551	444	88330	2734988	30.89
1941-1949	40	0.00546	0.00545	0.5	88108	480	87868	2646658	30.04
1941-1949	41	0.00590	0.00589	0.5	87628	516	87370	2558790	29.20
1941-1949	42	0.00644	0.00642	0.5	87112	559	86833	2471420	28.37
1941-1949	43	0.00705	0.00702	0.5	86553	608	86249	2384587	27.55
1941-1949	44	0.00765	0.00762	0.5	85945	655	85618	2298338	26.74
1941-1949	45	0.00834	0.00830	0.5	85291	708	84937	2212720	25.94
1941-1949	46	0.00905	0.00900	0.5	84583	762	84202	2127783	25.16
1941-1949	47	0.00977	0.00972	0.5	83821	815	83414	2043581	24.38
1941-1949	48	0.01059	0.01053	0.5	83006	874	82569	1960168	23.61
1941-1949	49	0.01154	0.01148	0.5	82132	943	81660	1877599	22.86
1941-1949	50	0.01262	0.01255	0.5	81189	1019	80680	1795938	22.12
1941-1949	51	0.01357	0.01348	0.5	80171	1081	79630	1715258	21.40
1941-1949	52	0.01457	0.01446	0.5	79090	1144	78518	1635628	20.68
1941-1949	53	0.01571	0.01559	0.5	77946	1215	77339	1557110	19.98
1941-1949	54	0.01691	0.01677	0.5	76731	1286	76088	1479772	19.29
1941-1949	55	0.01823	0.01807	0.5	75445	1363	74763	1403684	18.61
1941-1949	56	0.01956	0.01937	0.5	74081	1435	73364	1328921	17.94
1941-1949	57	0.02098	0.02076	0.5	72646	1508	71892	1255557	17.28
1941-1949	58	0.02255	0.02229	0.5	71138	1586	70345	1183665	16.64
1941-1949	59	0.02422	0.02393	0.5	69552	1664	68720	1113319	16.01
1941-1949	60	0.02605	0.02571	0.5	67888	1745	67015	1044599	15.39
1941-1949	61	0.02785	0.02747	0.5	66142	1817	65234	977584	14.78
1941-1949	62	0.02992	0.02948	0.5	64326	1897	63377	912350	14.18
1941-1949	63	0.03233	0.03181	0.5	62429	1986	61436	848973	13.60
1941-1949	64	0.03479	0.03419	0.5	60443	2067	59410	787537	13.03
1941-1949	65	0.03767	0.03698	0.5	58376	2159	57297	728127	12.47
1941-1949	66	0.04070	0.03988	0.5	56218	2242	55097	670830	11.93
1941-1949	67	0.04387	0.04293	0.5	53975	2317	52817	615734	11.41
1941-1949	68	0.04742	0.04633	0.5	51658	2393	50462	562917	10.90
1941-1949	69	0.05108	0.04980	0.5	49265	2454	48038	512455	10.40
1941-1949	70	0.05510	0.05362	0.5	46812	2510	45556	464417	9.92
1941-1949	71	0.05898	0.05729	0.5	44301	2538	43032	418860	9.45
1941-1949	72	0.06345	0.06150	0.5	41763	2568	40479	375828	9.00
1941-1949	73	0.06883	0.06654	0.5	39195	2608	37891	335349	8.56
1941-1949	74	0.07449	0.07181	0.5	36587	2627	35273	297458	8.13
1941-1949	75	0.08105	0.07789	0.5	33960	2645	32637	262185	7.72
1941-1949	76	0.08772	0.08403	0.5	31314	2631	29999	229548	7.33
1941-1949	77	0.09429	0.09004	0.5	28683	2583	27392	199549	6.96
1941-1949	78	0.10219	0.09723	0.5	26100	2538	24831	172157	6.60
1941-1949	79	0.11083	0.10501	0.5	23563	2474	22326	147326	6.25
1941-1949	80	0.11424	0.10807	0.5	21088	2279	19949	125000	5.93
1941-1949	81	0.12477	0.11745	0.5	18809	2209	17705	105051	5.59
1941-1949	82	0.13619	0.12750	0.5	16600	2117	15542	87347	5.26
1941-1949	83	0.14843	0.13817	0.5	14484	2001	13483	71805	4.96
1941-1949	84	0.16124	0.14921	0.5	12482	1862	11551	58321	4.67
1941-1949	85	0.17442	0.16043	0.5	10620	1704	9768	46770	4.40
1941-1949	86	0.18907	0.17274	0.5	8916	1540	8146	37002	4.15
1941-1949	87	0.20567	0.18649	0.5	7376	1376	6688	28856	3.91
1941-1949	88	0.22401	0.20145	0.5	6000	1209	5396	22168	3.69
1941-1949	89	0.24283	0.21654	0.5	4792	1038	4273	16772	3.50
1941-1949	90	0.25961	0.22978	0.5	3754	863	3323	12499	3.33
1941-1949	91	0.27379	0.24082	0.5	2891	696	2543	9176	3.17
1941-1949	92	0.28498	0.24943	0.5	2195	548	1921	6633	3.02
1941-1949	93	0.29270	0.25533	0.5	1648	421	1437	4712	2.86
1941-1949	94	0.33239	0.28502	0.5	1227	350	1052	3274	2.67
1941-1949	95	0.35395	0.30073	0.5	877	264	745	2222	2.53
1941-1949	96	0.37612	0.31659	0.5	613	194	516	1477	2.41
1941-1949	97	0.39883	0.33252	0.5	419	139	350	961	2.29
1941-1949	98	0.42197	0.34846	0.5	280	98	231	611	2.18
1941-1949	99	0.44547	0.36432	0.5	182	66	149	380	2.09
1941-1949	100	0.46921	0.38005	0.5	116	44	94	231	1.99
1941-1949	101	0.49309	0.39557	0.5	72	28	58	137	1.91
1941-1949	102	0.51701	0.41081	0.5	43	18	35	80	1.83
1941-1949	103	0.54084	0.42572	0.5	26	11	20	45	1.76
1941-1949	104	0.56449	0.44024	0.5	15	6	11	25	1.70
1941-1949	105	0.58785	0.45432	0.5	8	4	6	13	1.64
1941-1949	106	0.61083	0.46792	0.5	4	2	3	7	1.58
1941-1949	107	0.63332	0.48100	0.5	2	1	2	4	1.53
1941-1949	108	0.65524	0.49354	0.5	1	1	1	2	1.49
1941-1949	109	0.67652	0.50552	0.5	1	0	0	1	1.46
1941-1949	110+	0.69710	1.00000	1.43	0	0	0	0	1.43
1950-1959	0	0.02854	0.02784	0.12	100000	2784	97555	6699711	67.00
1950-1959	1	0.00177	0.00177	0.5	97216	172	97130	6602156	67.91
1950-1959	2	0.00125	0.00125	0.5	97044	121	96984	6505026	67.03
1950-1959	3	0.00092	0.00092	0.5	96923	89	96879	6408042	66.11
1950-1959	4	0.00072	0.00072	0.5	96834	70	96800	6311163	65.17
1950-1959	5	0.00066	0.00066	0.5	96765	64	96733	6214364	64.22
1950-1959	6	0.00062	0.00062	0.5	96701	60	96671	6117631	63.26
1950-1959	7	0.00058	0.00058	0.5	96640	56	96613	6020960	62.30
1950-1959	8	0.00053	0.00053	0.5	96585	51	96559	5924348	61.34
1950-1959	9	0.00050	0.00050	0.5	96533	48	96509	5827789	60.37
1950-1959	10	0.00047	0.00047	0.5	96485	45	96463	5731279	59.40
1950-1959	11	0.00047	0.00047	0.5	96440	46	96417	5634817	58.43
1950-1959	12	0.00051	0.00051	0.5	96394	50	96370	5538400	57.46
1950-1959	13	0.00062	0.00062	0.5	96345	60	96315	5442030	56.48
1950-1959	14	0.00076	0.00076	0.5	96285	73	96249	5345715	55.52
1950-1959	15	0.00096	0.00096	0.5	96212	92	96166	5249466	54.56
1950-1959	16	0.00114	0.00114	0.5	96120	110	96065	5153300	53.61
1950-1959	17	0.00134	0.00134	0.5	96010	129	95946	5057235	52.67
1950-1959	18	0.00151	0.00151	0.5	95881	145	95809	4961289	51.74
1950-1959	19	0.00165	0.00164	0.5	95737	157	95658	4865480	50.82
1950-1959	20	0.00174	0.00174	0.5	95579	166	95496	4769822	49.90
1950-1959	21	0.00182	0.00182	0.5	95413	173	95326	4674326	48.99
1950-1959	22	0.00184	0.00184	0.5	95240	175	95152	4579000	48.08
1950-1959	23	0.00187	0.00186	0.5	95065	177	94976	4483848	47.17
1950-1959	24	0.00181	0.00181	0.5	94888	171	94802	4388871	46.25
1950-1959	25	0.00178	0.00178	0.5	94716	168	94632	4294070	45.34
1950-1959	26	0.00176	0.00176	0.5	94548	166	94465	4199438	44.42
1950-1959	27	0.00176	0.00176	0.5	94382	166	94298	4104973	43.49
1950-1959	28	0.00178	0.00178	0.5	94215	167	94132	4010674	42.57
1950-1959	29	0.00179	0.00179	0.5	94048	169	93964	3916543	41.64
1950-1959	30	0.00184	0.00184	0.5	93879	173	93793	3822579	40.72
1950-1959	31	0.00192	0.00192	0.5	93706	180	93617	3728786	39.79
1950-1959	32	0.00202	0.00202	0.5	93527	189	93432	3635170	38.87
1950-1959	33	0.00213	0.00213	0.5	93338	198	93239	3541737	37.95
1950-1959	34	0.00222	0.00222	0.5	93140	207	93036	3448498	37.02
1950-1959	35	0.00240	0.00239	0.5	92933	222	92822	3355462	36.11
1950-1959	36	0.00258	0.00258	0.5	92711	239	92591	3262640	35.19
1950-1959	37	0.00281	0.00281	0.5	92472	260	92342	3170049	34.28
1950-1959	38	0.00307	0.00306	0.5	92212	282	92071	3077707	33.38
1950-1959	39	0.00339	0.00338	0.5	91930	311	91774	2985636	32.48
1950-1959	40	0.00372	0.00371	0.5	91618	340	91449	2893862	31.59
1950-1959	41	0.00414	0.00413	0.5	91279	377	91090	2802414	30.70
1950-1959	42	0.00457	0.00456	0.5	90902	414	90695	2711323	29.83
1950-1959	43	0.00501	0.00500	0.5	90488	452	90261	2620629	28.96
1950-1959	44	0.00558	0.00557	0.5	90035	501	89785	2530367	28.10
1950-1959	45	0.00623	0.00621	0.5	89534	556	89256	2440583	27.26
1950-1959	46	0.00687	0.00685	0.5	88978	610	88673	2351326	26.43
1950-1959	47	0.00767	0.00764	0.5	88369	675	88031	2262653	25.60
1950-1959	48	0.00846	0.00842	0.5	87694	739	87324	2174622	24.80
1950-1959	49	0.00939	0.00935	0.5	86955	813	86549	2087297	24.00
1950-1959	50	0.01021	0.01016	0.5	86142	875	85704	2000749	23.23
1950-1959	51	0.01120	0.01114	0.5	85267	950	84792	1915044	22.46
1950-1959	52	0.01232	0.01224	0.5	84317	1032	83801	1830253	21.71
1950-1959	53	0.01339	0.01330	0.5	83285	1108	82731	1746452	20.97
1950-1959	54	0.01450	0.01440	0.5	82177	1183	81585	1663721	20.25
1950-1959	55	0.01562	0.01550	0.5	80994	1255	80366	1582135	19.53
1950-1959	56	0.01688	0.01674	0.5	79738	1335	79071	1501769	18.83
1950-1959	57	0.01821	0.01804	0.5	78403	1414	77696	1422698	18.15
1950-1959	58	0.01972	0.01953	0.5	76989	1503	76237	1345002	17.47
1950-1959	59	0.02146	0.02123	0.5	75486	1603	74684	1268765	16.81
1950-1959	60	0.02304	0.02278	0.5	73883	1683	73042	1194080	16.16
1950-1959	61	0.02475	0.02445	0.5	72200	1765	71318	1121039	15.53
1950-1959	62	0.02699	0.02663	0.5	70435	1876	69497	1049721	14.90
1950-1959	63	0.02919	0.02877	0.5	68559	1973	67573	980224	14.30
1950-1959	64	0.03171	0.03122	0.5	66587	2079	65547	912651	13.71
1950-1959	65	0.03447	0.03389	0.5	64508	2186	63415	847104	13.13
1950-1959	66	0.03734	0.03665	0.5	62322	2284	61179	783689	12.57
1950-1959	67	0.04033	0.03954	0.5	60037	2374	58850	722510	12.03
1950-1959	68	0.04338	0.04245	0.5	57664	2448	56440	663659	11.51
1950-1959	69	0.04666	0.04559	0.5	55216	2518	53957	607220	11.00
1950-1959	70	0.04987	0.04865	0.5	52698	2564	51416	553263	10.50
1950-1959	71	0.05376	0.05235	0.5	50134	2625	48822	501847	10.01
1950-1959	72	0.05829	0.05664	0.5	47509	2691	46164	453025	9.54
1950-1959	73	0.06245	0.06056	0.5	44818	2714	43461	406862	9.08
1950-1959	74	0.06772	0.06550	0.5	42104	2758	40725	363400	8.63
1950-1959	75	0.07299	0.07042	0.5	39347	2771	37961	322675	8.20
1950-1959	76	0.07866	0.07568	0.5	36576	2768	35192	284714	7.78
1950-1959	77	0.08543	0.08193	0.5	33808	2770	32423	249522	7.38
1950-1959	78	0.09278	0.08866	0.5	31038	2752	29662	217100	6.99
1950-1959	79	0.10104	0.09618	0.5	28286	2721	26925	187438	6.63
1950-1959	80	0.10560	0.10031	0.5	25565	2564	24283	160512	6.28
1950-1959	81	0.11438	0.10819	0.5	23001	2489	21757	136229	5.92
1950-1959	82	0.12479	0.11746	0.5	20512	2409	19308	114473	5.58
1950-1959	83	0.13579	0.12715	0.5	18103	2302	16952	95165	5.26
1950-1959	84	0.14760	0.13746	0.5	15801	2172	14715	78213	4.95
1950-1959	85	0.16063	0.14869	0.5	13629	2026	12616	63498	4.66
1950-1959	86	0.17552	0.16136	0.5	11603	1872	10666	50882	4.39
1950-1959	87	0.19144	0.17471	0.5	9730	1700	8880	40216	4.13
1950-1959	88	0.20810	0.18849	0.5	8030	1514	7273	31336	3.90
1950-1959	89	0.22395	0.20140	0.5	6517	1312	5860	24062	3.69
1950-1959	90	0.24098	0.21507	0.5	5204	1119	4645	18202	3.50
1950-1959	91	0.25413	0.22548	0.5	4085	921	3624	13557	3.32
1950-1959	92	0.26983	0.23776	0.5	3164	752	2788	9933	3.14
1950-1959	93	0.29228	0.25501	0.5	2412	615	2104	7145	2.96
1950-1959	94	0.31256	0.27031	0.5	1797	486	1554	5041	2.81
1950-1959	95	0.33358	0.28589	0.5	1311	375	1124	3487	2.66
1950-1959	96	0.35528	0.30169	0.5	936	282	795	2363	2.52
1950-1959	97	0.37760	0.31763	0.5	654	208	550	1568	2.40
1950-1959	98	0.40044	0.33364	0.5	446	149	372	1019	2.28
1950-1959	99	0.42373	0.34965	0.5	297	104	245	647	2.18
1950-1959	100	0.44737	0.36559	0.5	193	71	158	402	2.08
1950-1959	101	0.47124	0.38138	0.5	123	47	99	244	1.99
1950-1959	102	0.49524	0.39695	0.5	76	30	61	144	1.90
1950-1959	103	0.51927	0.41224	0.5	46	19	36	84	1.82
1950-1959	104	0.54321	0.42718	0.5	27	11	21	47	1.75
1950-1959	105	0.56695	0.44173	0.5	15	7	12	26	1.69
1950-1959	106	0.59039	0.45583	0.5	9	4	7	14	1.63
1950-1959	107	0.61342	0.46944	0.5	5	2	4	7	1.58
1950-1959	108	0.63596	0.48252	0.5	2	1	2	4	1.53
1950-1959	109	0.65791	0.49506	0.5	1	1	1	2	1.50
1950-1959	110+	0.67921	1.00000	1.47	1	1	1	1	1.47
1960-1969	0	0.02481	0.02427	0.11	100000	2427	97844	6771507	67.72
1960-1969	1	0.00150	0.00150	0.5	97573	146	97500	6673663	68.40
1960-1969	2	0.00104	0.00104	0.5	97427	102	97376	6576164	67.50
1960-1969	3	0.00078	0.00078	0.5	97325	76	97287	6478788	66.57
1960-1969	4	0.00065	0.00065	0.5	97249	63	97217	6381501	65.62
1960-1969	5	0.00056	0.00056	0.5	97185	55	97158	6284284	64.66
1960-1969	6	0.00053	0.00053	0.5	97131	51	97105	6187126	63.70
1960-1969	7	0.00047	0.00047	0.5	97080	45	97057	6090021	62.73
1960-1969	8	0.00044	0.00044	0.5	97034	42	97013	5992964	61.76
1960-1969	9	0.00040	0.00040	0.5	96992	38	96973	5895950	60.79
1960-1969	10	0.00037	0.00037	0.5	96954	36	96936	5798977	59.81
1960-1969	11	0.00040	0.00040	0.5	96918	38	96898	5702042	58.83
1960-1969	12	0.00042	0.00042	0.5	96879	41	96859	5605143	57.86
1960-1969	13	0.00051	0.00051	0.5	96838	50	96813	5508284	56.88
1960-1969	14	0.00059	0.00059	0.5	96789	57	96760	5411471	55.91
1960-1969	15	0.00079	0.00079	0.5	96732	76	96694	5314711	54.94
1960-1969	16	0.00112	0.00112	0.5	96656	108	96601	5218017	53.99
1960-1969	17	0.00136	0.00136	0.5	96547	131	96482	5121416	53.05
1960-1969	18	0.00165	0.00165	0.5	96416	159	96337	5024934	52.12
1960-1969	19	0.00179	0.00179	0.5	96257	172	96171	4928597	51.20
1960-1969	20	0.00181	0.00181	0.5	96085	174	95998	4832426	50.29
1960-1969	21	0.00196	0.00196	0.5	95911	188	95817	4736428	49.38
1960-1969	22	0.00191	0.00190	0.5	95723	182	95632	4640610	48.48
1960-1969	23	0.00189	0.00188	0.5	95541	180	95451	4544978	47.57
1960-1969	24	0.00174	0.00174	0.5	95361	166	95278	4449527	46.66
1960-1969	25	0.00175	0.00174	0.5	95195	166	95112	4354249	45.74
1960-1969	26	0.00171	0.00170	0.5	95029	162	94948	4259137	44.82
1960-1969	27	0.00171	0.00171	0.5	94867	162	94786	4164189	43.89
1960-1969	28	0.00179	0.00179	0.5	94705	169	94620	4069403	42.97
1960-1969	29	0.00180	0.00180	0.5	94536	170	94451	3974782	42.05
1960-1969	30	0.00177	0.00177	0.5	94366	167	94282	3880332	41.12
1960-1969	31	0.00187	0.00187	0.5	94199	176	94111	3786050	40.19
1960-1969	32	0.00195	0.00195	0.5	94023	183	93931	3691939	39.27
1960-1969	33	0.00209	0.00209	0.5	93840	196	93741	3598008	38.34
1960-1969	34	0.00214	0.00214	0.5	93643	200	93543	3504266	37.42
1960-1969	35	0.00230	0.00230	0.5	93443	215	93335	3410723	36.50
1960-1969	36	0.00249	0.00249	0.5	93228	232	93112	3317388	35.58
1960-1969	37	0.00264	0.00264	0.5	92996	245	92874	3224276	34.67
1960-1969	38	0.00294	0.00293	0.5	92751	272	92615	3131402	33.76
1960-1969	39	0.00323	0.00322	0.5	92479	298	92330	3038787	32.86
1960-1969	40	0.00350	0.00349	0.5	92181	322	92020	2946457	31.96
1960-1969	41	0.00381	0.00381	0.5	91860	350	91685	2854436	31.07
1960-1969	42	0.00431	0.00430	0.5	91510	393	91313	2762751	30.19
1960-1969	43	0.00465	0.00464	0.5	91117	423	90905	2671438	29.32
1960-1969	44	0.00523	0.00521	0.5	90694	473	90457	2580533	28.45
1960-1969	45	0.00572	0.00570	0.5	90221	514	89964	2490076	27.60
1960-1969	46	0.00622	0.00621	0.5	89707	557	89428	2400112	26.76
1960-1969	47	0.00677	0.00675	0.5	89150	602	88849	2310683	25.92
1960-1969	48	0.00744	0.00741	0.5	88548	656	88220	2221834	25.09
1960-1969	49	0.00842	0.00838	0.5	87892	737	87523	2133614	24.28
1960-1969	50	0.00916	0.00912	0.5	87155	795	86758	2046091	23.48
1960-1969	51	0.01022	0.01017	0.5	86360	878	85921	1959333	22.69
1960-1969	52	0.01118	0.01112	0.5	85482	951	85007	1873412	21.92
1960-1969	53	0.01234	0.01226	0.5	84531	1036	84013	1788406	21.16
1960-1969	54	0.01347	0.01338	0.5	83495	1117	82936	1704393	20.41
1960-1969	55	0.01477	0.01467	0.5	82377	1208	81773	1621456	19.68
1960-1969	56	0.01616	0.01603	0.5	81169	1301	80519	1539683	18.97
1960-1969	57	0.01770	0.01755	0.5	79868	1401	79167	1459165	18.27
1960-1969	58	0.01947	0.01928	0.5	78467	1513	77710	1379998	17.59
1960-1969	59	0.02079	0.02057	0.5	76954	1583	76162	1302287	16.92
1960-1969	60	0.02241	0.02216	0.5	75371	1670	74536	1226125	16.27
1960-1969	61	0.02439	0.02409	0.5	73701	1776	72813	1151589	15.63
1960-1969	62	0.02718	0.02682	0.5	71925	1929	70961	1078777	15.00
1960-1969	63	0.02884	0.02843	0.5	69996	1990	69001	1007816	14.40
1960-1969	64	0.03139	0.03090	0.5	68007	2101	66956	938815	13.80
1960-1969	65	0.03456	0.03397	0.5	65905	2239	64786	871859	13.23
1960-1969	66	0.03651	0.03586	0.5	63666	2283	62525	807073	12.68
1960-1969	67	0.03983	0.03905	0.5	61383	2397	60185	744549	12.13
1960-1969	68	0.04251	0.04163	0.5	58986	2455	57758	684364	11.60
1960-1969	69	0.04542	0.04441	0.5	56531	2511	55275	626606	11.08
1960-1969	70	0.04953	0.04834	0.5	54020	2611	52714	571330	10.58
1960-1969	71	0.05232	0.05099	0.5	51409	2621	50098	518616	10.09
1960-1969	72	0.05806	0.05642	0.5	48788	2753	47411	468518	9.60
1960-1969	73	0.06195	0.06009	0.5	46035	2766	44652	421107	9.15
1960-1969	74	0.06699	0.06482	0.5	43269	2805	41866	376455	8.70
1960-1969	75	0.07229	0.06977	0.5	40464	2823	39052	334589	8.27
1960-1969	76	0.07708	0.07422	0.5	37641	2794	36244	295536	7.85
1960-1969	77	0.08309	0.07978	0.5	34847	2780	33457	259293	7.44
1960-1969	78	0.08840	0.08466	0.5	32067	2715	30710	225836	7.04
1960-1969	79	0.09713	0.09263	0.5	29352	2719	27993	195126	6.65
1960-1969	80	0.10643	0.10105	0.5	26633	2691	25288	167134	6.28
1960-1969	81	0.11225	0.10629	0.5	23942	2545	22670	141846	5.92
1960-1969	82	0.12468	0.11736	0.5	21397	2511	20142	119176	5.57
1960-1969	83	0.13727	0.12845	0.5	18886	2426	17673	99035	5.24
1960-1969	84	0.14951	0.13911	0.5	16460	2290	15315	81362	4.94
1960-1969	85	0.16178	0.14967	0.5	14170	2121	13110	66047	4.66
1960-1969	86	0.17534	0.16120	0.5	12049	1942	11078	52937	4.39
1960-1969	87	0.19225	0.17539	0.5	10107	1773	9221	41859	4.14
1960-1969	88	0.20309	0.18437	0.5	8334	1537	7566	32638	3.92
1960-1969	89	0.22219	0.19997	0.5	6798	1359	6118	25072	3.69
1960-1969	90	0.24315	0.21680	0.5	5438	1179	4849	18954	3.49
1960-1969	91	0.24661	0.21954	0.5	4259	935	3792	14105	3.31
1960-1969	92	0.27771	0.24385	0.5	3324	811	2919	10313	3.10
1960-1969	93	0.29533	0.25733	0.5	2514	647	2190	7394	2.94
1960-1969	94	0.31468	0.27190	0.5	1867	508	1613	5204	2.79
1960-1969	95	0.33596	0.28764	0.5	1359	391	1164	3591	2.64
1960-1969	96	0.35793	0.30360	0.5	968	294	821	2428	2.51
1960-1969	97	0.38051	0.31969	0.5	674	216	567	1606	2.38
1960-1969	98	0.40363	0.33585	0.5	459	154	382	1040	2.27
1960-1969	99	0.42717	0.35199	0.5	305	107	251	658	2.16
1960-1969	100	0.45106	0.36805	0.5	197	73	161	407	2.06
1960-1969	101	0.47517	0.38395	0.5	125	48	101	246	1.97
1960-1969	102	0.49939	0.39961	0.5	77	31	62	145	1.89
1960-1969	103	0.52362	0.41498	0.5	46	19	37	84	1.81
1960-1969	104	0.54774	0.42998	0.5	27	12	21	47	1.74
1960-1969	105	0.57164	0.44457	0.5	15	7	12	26	1.68
1960-1969	106	0.59520	0.45869	0.5	9	4	7	14	1.62
1960-1969	107	0.61834	0.47231	0.5	5	2	4	7	1.57
1960-1969	108	0.64095	0.48539	0.5	2	1	2	4	1.52
1960-1969	109	0.66295	0.49791	0.5	1	1	1	2	1.48
1960-1969	110+	0.68427	1.00000	1.46	1	1	1	1	1.46
1970-1979	0	0.01645	0.01621	0.09	100000	1621	98524	6968953	69.69
1970-1979	1	0.00117	0.00117	0.5	98379	115	98322	6870429	69.84
1970-1979	2	0.00089	0.00089	0.5	98264	87	98220	6772108	68.92
1970-1979	3	0.00071	0.00071	0.5	98177	70	98142	6673887	67.98
1970-1979	4	0.00057	0.00057	0.5	98107	56	98079	6575745	67.03
1970-1979	5	0.00049	0.00049	0.5	98051	48	98027	6477666	66.06
1970-1979	6	0.00047	0.00047	0.5	98003	46	97980	6379640	65.10
1970-1979	7	0.00039	0.00039	0.5	97957	38	97938	6281660	64.13
1970-1979	8	0.00036	0.00036	0.5	97919	36	97901	6183722	63.15
1970-1979	9	0.00034	0.00034	0.5	97883	34	97866	6085821	62.17
1970-1979	10	0.00034	0.00034	0.5	97849	33	97833	5987955	61.20
1970-1979	11	0.00033	0.00033	0.5	97816	33	97800	5890122	60.22
1970-1979	12	0.00038	0.00038	0.5	97784	37	97765	5792323	59.24
1970-1979	13	0.00044	0.00044	0.5	97747	43	97725	5694557	58.26
1970-1979	14	0.00058	0.00058	0.5	97704	57	97675	5596832	57.28
1970-1979	15	0.00080	0.00080	0.5	97647	78	97608	5499157	56.32
1970-1979	16	0.00116	0.00116	0.5	97569	113	97513	5401549	55.36
1970-1979	17	0.00151	0.00151	0.5	97457	147	97383	5304036	54.42
1970-1979	18	0.00187	0.00186	0.5	97310	181	97219	5206653	53.51
1970-1979	19	0.00212	0.00212	0.5	97128	206	97025	5109434	52.61
1970-1979	20	0.00209	0.00209	0.5	96922	203	96821	5012409	51.72
1970-1979	21	0.00220	0.00220	0.5	96719	212	96613	4915588	50.82
1970-1979	22	0.00218	0.00218	0.5	96507	210	96402	4818974	49.93
1970-1979	23	0.00209	0.00208	0.5	96297	201	96196	4722573	49.04
1970-1979	24	0.00203	0.00203	0.5	96096	195	95999	4626376	48.14
1970-1979	25	0.00200	0.00200	0.5	95901	191	95806	4530377	47.24
1970-1979	26	0.00194	0.00194	0.5	95710	185	95617	4434571	46.33
1970-1979	27	0.00189	0.00189	0.5	95525	181	95434	4338954	45.42
1970-1979	28	0.00193	0.00193	0.5	95344	184	95252	4243520	44.51
1970-1979	29	0.00191	0.00191	0.5	95160	182	95069	4148268	43.59
1970-1979	30	0.00186	0.00186	0.5	94978	177	94890	4053199	42.67
1970-1979	31	0.00184	0.00183	0.5	94802	174	94715	3958309	41.75
1970-1979	32	0.00195	0.00195	0.5	94628	185	94535	3863594	40.83
1970-1979	33	0.00189	0.00189	0.5	94443	178	94354	3769058	39.91
1970-1979	34	0.00203	0.00203	0.5	94265	192	94169	3674704	38.98
1970-1979	35	0.00211	0.00210	0.5	94074	198	93975	3580535	38.06
1970-1979	36	0.00231	0.00230	0.5	93876	216	93767	3486560	37.14
1970-1979	37	0.00244	0.00244	0.5	93659	228	93545	3392793	36.22
1970-1979	38	0.00259	0.00259	0.5	93431	242	93310	3299248	35.31
1970-1979	39	0.00286	0.00285	0.5	93189	266	93056	3205938	34.40
1970-1979	40	0.00309	0.00309	0.5	92924	287	92780	3112881	33.50
1970-1979	41	0.00325	0.00324	0.5	92637	300	92487	3020101	32.60
1970-1979	42	0.00373	0.00372	0.5	92336	344	92165	2927614	31.71
1970-1979	43	0.00408	0.00407	0.5	91993	374	91805	2835450	30.82
1970-1979	44	0.00433	0.00432	0.5	91618	396	91420	2743644	29.95
1970-1979	45	0.00487	0.00485	0.5	91223	443	91001	2652224	29.07
1970-1979	46	0.00537	0.00536	0.5	90780	487	90536	2561223	28.21
1970-1979	47	0.00584	0.00582	0.5	90293	526	90030	2470686	27.36
1970-1979	48	0.00656	0.00654	0.5	89767	587	89474	2380656	26.52
1970-1979	49	0.00705	0.00702	0.5	89181	626	88868	2291182	25.69
1970-1979	50	0.00781	0.00778	0.5	88554	689	88210	2202314	24.87
1970-1979	51	0.00856	0.00852	0.5	87865	749	87491	2114104	24.06
1970-1979	52	0.00908	0.00903	0.5	87117	787	86723	2026613	23.26
1970-1979	53	0.01011	0.01006	0.5	86330	869	85895	1939890	22.47
1970-1979	54	0.01108	0.01102	0.5	85461	942	84990	1853995	21.69
1970-1979	55	0.01221	0.01213	0.5	84519	1026	84006	1769005	20.93
1970-1979	56	0.01323	0.01315	0.5	83494	1098	82945	1684999	20.18
1970-1979	57	0.01469	0.01458	0.5	82396	1202	81795	1602054	19.44
1970-1979	58	0.01587	0.01575	0.5	81194	1279	80555	1520259	18.72
1970-1979	59	0.01721	0.01706	0.5	79916	1364	79234	1439704	18.02
1970-1979	60	0.01920	0.01901	0.5	78552	1494	77805	1360470	17.32
1970-1979	61	0.02076	0.02055	0.5	77059	1583	76267	1282664	16.65
1970-1979	62	0.02278	0.02252	0.5	75475	1700	74625	1206397	15.98
1970-1979	63	0.02507	0.02476	0.5	73775	1827	72862	1131772	15.34
1970-1979	64	0.02700	0.02664	0.5	71949	1917	70990	1058910	14.72
1970-1979	65	0.02912	0.02870	0.5	70032	2010	69027	987920	14.11
1970-1979	66	0.03098	0.03050	0.5	68022	2075	66984	918893	13.51
1970-1979	67	0.03415	0.03358	0.5	65947	2214	64840	851909	12.92
1970-1979	68	0.03640	0.03575	0.5	63732	2279	62593	787069	12.35
1970-1979	69	0.03992	0.03914	0.5	61454	2405	60251	724476	11.79
1970-1979	70	0.04308	0.04217	0.5	59049	2490	57804	664225	11.25
1970-1979	71	0.04685	0.04578	0.5	56559	2589	55264	606421	10.72
1970-1979	72	0.05115	0.04987	0.5	53969	2692	52623	551157	10.21
1970-1979	73	0.05505	0.05358	0.5	51278	2747	49904	498534	9.72
1970-1979	74	0.05948	0.05776	0.5	48530	2803	47129	448630	9.24
1970-1979	75	0.06587	0.06377	0.5	45727	2916	44269	401501	8.78
1970-1979	76	0.07081	0.06839	0.5	42811	2928	41348	357231	8.34
1970-1979	77	0.07673	0.07390	0.5	39884	2947	38410	315884	7.92
1970-1979	78	0.08257	0.07929	0.5	36936	2929	35472	277474	7.51
1970-1979	79	0.09017	0.08628	0.5	34008	2934	32541	242001	7.12
1970-1979	80	0.09581	0.09143	0.5	31073	2841	29653	209461	6.74
1970-1979	81	0.10341	0.09833	0.5	28232	2776	26844	179808	6.37
1970-1979	82	0.11283	0.10681	0.5	25456	2719	24097	152964	6.01
1970-1979	83	0.12368	0.11648	0.5	22738	2648	21413	128867	5.67
1970-1979	84	0.13375	0.12537	0.5	20089	2519	18830	107453	5.35
1970-1979	85	0.14477	0.13499	0.5	17570	2372	16385	88624	5.04
1970-1979	86	0.15926	0.14751	0.5	15199	2242	14078	72239	4.75
1970-1979	87	0.17032	0.15695	0.5	12957	2034	11940	58162	4.49
1970-1979	88	0.18374	0.16828	0.5	10923	1838	10004	46222	4.23
1970-1979	89	0.20077	0.18245	0.5	9085	1658	8256	36218	3.99
1970-1979	90	0.21488	0.19404	0.5	7427	1441	6707	27962	3.76
1970-1979	91	0.23095	0.20704	0.5	5986	1239	5366	21255	3.55
1970-1979	92	0.25487	0.22606	0.5	4747	1073	4210	15889	3.35
1970-1979	93	0.26813	0.23644	0.5	3674	869	3239	11678	3.18
1970-1979	94	0.28699	0.25098	0.5	2805	704	2453	8439	3.01
1970-1979	95	0.30696	0.26611	0.5	2101	559	1822	5986	2.85
1970-1979	96	0.32767	0.28154	0.5	1542	434	1325	4164	2.70
1970-1979	97	0.34907	0.29720	0.5	1108	329	943	2839	2.56
1970-1979	98	0.37111	0.31302	0.5	779	244	657	1896	2.44
1970-1979	99	0.39369	0.32894	0.5	535	176	447	1239	2.32
1970-1979	100	0.41673	0.34487	0.5	359	124	297	793	2.21
1970-1979	101	0.44015	0.36075	0.5	235	85	193	496	2.11
1970-1979	102	0.46383	0.37651	0.5	150	57	122	303	2.01
1970-1979	103	0.48768	0.39208	0.5	94	37	75	181	1.93
1970-1979	104	0.51158	0.40738	0.5	57	23	45	105	1.85
1970-1979	105	0.53544	0.42236	0.5	34	14	27	60	1.78
1970-1979	106	0.55913	0.43697	0.5	20	9	15	33	1.71
1970-1979	107	0.58255	0.45114	0.5	11	5	9	18	1.65
1970-1979	108	0.60561	0.46485	0.5	6	3	5	10	1.60
1970-1979	109	0.62821	0.47805	0.5	3	2	2	5	1.56
1970-1979	110+	0.65026	1.00000	1.54	2	2	3	3	1.54
1980-1989	0	0.01100	0.01089	0.07	100000	1089	98992	7195709	71.96
1980-1989	1	0.00090	0.00090	0.5	98911	89	98867	7096716	71.75
1980-1989	2	0.00063	0.00063	0.5	98822	62	98791	6997850	70.81
1980-1989	3	0.00049	0.00049	0.5	98760	48	98736	6899059	69.86
1980-1989	4	0.00037	0.00037	0.5	98712	37	98694	6800323	68.89
1980-1989	5	0.00032	0.00032	0.5	98675	32	98659	6701629	67.92
1980-1989	6	0.00032	0.00032	0.5	98644	31	98628	6602969	66.94
1980-1989	7	0.00029	0.00029	0.5	98612	29	98598	6504341	65.96
1980-1989	8	0.00029	0.00029	0.5	98583	29	98569	6405744	64.98
1980-1989	9	0.00027	0.00027	0.5	98555	27	98541	6307175	64.00
1980-1989	10	0.00024	0.00024	0.5	98528	24	98516	6208633	63.01
1980-1989	11	0.00028	0.00028	0.5	98504	27	98490	6110117	62.03
1980-1989	12	0.00031	0.00031	0.5	98477	31	98461	6011627	61.05
1980-1989	13	0.00036	0.00036	0.5	98446	35	98428	5913166	60.07
1980-1989	14	0.00047	0.00047	0.5	98411	47	98387	5814738	59.09
1980-1989	15	0.00065	0.00065	0.5	98364	64	98332	5716351	58.11
1980-1989	16	0.00099	0.00099	0.5	98300	97	98252	5618019	57.15
1980-1989	17	0.00124	0.00124	0.5	98203	122	98142	5519767	56.21
1980-1989	18	0.00166	0.00166	0.5	98081	162	98000	5421625	55.28
1980-1989	19	0.00168	0.00168	0.5	97919	165	97837	5323625	54.37
1980-1989	20	0.00165	0.00165	0.5	97754	161	97674	5225788	53.46
1980-1989	21	0.00177	0.00177	0.5	97593	173	97507	5128115	52.55
1980-1989	22	0.00177	0.00177	0.5	97421	172	97335	5030608	51.64
1980-1989	23	0.00174	0.00174	0.5	97249	169	97164	4933273	50.73
1980-1989	24	0.00169	0.00169	0.5	97079	164	96997	4836110	49.82
1980-1989	25	0.00173	0.00172	0.5	96916	167	96832	4739112	48.90
1980-1989	26	0.00174	0.00174	0.5	96748	168	96664	4642280	47.98
1980-1989	27	0.00175	0.00175	0.5	96580	169	96496	4545616	47.07
1980-1989	28	0.00181	0.00181	0.5	96411	174	96324	4449120	46.15
1980-1989	29	0.00175	0.00175	0.5	96237	168	96153	4352796	45.23
1980-1989	30	0.00188	0.00188	0.5	96069	181	95978	4256643	44.31
1980-1989	31	0.00195	0.00194	0.5	95888	186	95795	4160665	43.39
1980-1989	32	0.00209	0.00208	0.5	95702	200	95602	4064870	42.47
1980-1989	33	0.00212	0.00212	0.5	95502	202	95401	3969268	41.56
1980-1989	34	0.00208	0.00208	0.5	95300	198	95201	3873867	40.65
1980-1989	35	0.00221	0.00221	0.5	95102	210	94997	3778667	39.73
1980-1989	36	0.00240	0.00240	0.5	94892	227	94778	3683670	38.82
1980-1989	37	0.00250	0.00249	0.5	94664	236	94546	3588892	37.91
1980-1989	38	0.00272	0.00272	0.5	94428	256	94300	3494346	37.01
1980-1989	39	0.00251	0.00250	0.5	94172	236	94054	3400046	36.10
1980-1989	40	0.00278	0.00278	0.5	93936	261	93805	3305992	35.19
1980-1989	41	0.00307	0.00307	0.5	93675	287	93531	3212187	34.29
1980-1989	42	0.00326	0.00326	0.5	93387	304	93235	3118656	33.39
1980-1989	43	0.00339	0.00339	0.5	93083	315	92925	3025421	32.50
1980-1989	44	0.00359	0.00358	0.5	92768	332	92602	2932495	31.61
1980-1989	45	0.00396	0.00395	0.5	92435	365	92253	2839894	30.72
1980-1989	46	0.00441	0.00440	0.5	92070	405	91867	2747641	29.84
1980-1989	47	0.00469	0.00468	0.5	91665	429	91450	2655774	28.97
1980-1989	48	0.00539	0.00538	0.5	91236	491	90991	2564324	28.11
1980-1989	49	0.00536	0.00535	0.5	90745	485	90503	2473333	27.26
1980-1989	50	0.00613	0.00612	0.5	90260	552	89984	2382830	26.40
1980-1989	51	0.00696	0.00694	0.5	89708	622	89397	2292846	25.56
1980-1989	52	0.00759	0.00756	0.5	89086	674	88749	2203449	24.73
1980-1989	53	0.00833	0.00830	0.5	88412	733	88045	2114700	23.92
1980-1989	54	0.00893	0.00889	0.5	87679	780	87289	2026655	23.11
1980-1989	55	0.01010	0.01005	0.5	86899	873	86462	1939366	22.32
1980-1989	56	0.01112	0.01106	0.5	86026	951	85550	1852904	21.54
1980-1989	57	0.01176	0.01169	0.5	85074	995	84577	1767354	20.77
1980-1989	58	0.01334	0.01325	0.5	84080	1114	83523	1682777	20.01
1980-1989	59	0.01408	0.01399	0.5	82966	1160	82385	1599254	19.28
1980-1989	60	0.01555	0.01543	0.5	81805	1262	81174	1516869	18.54
1980-1989	61	0.01701	0.01687	0.5	80543	1358	79864	1435695	17.83
1980-1989	62	0.01910	0.01892	0.5	79185	1498	78436	1355831	17.12
1980-1989	63	0.02025	0.02005	0.5	77687	1557	76908	1277395	16.44
1980-1989	64	0.02163	0.02140	0.5	76129	1629	75315	1200487	15.77
1980-1989	65	0.02338	0.02311	0.5	74500	1722	73639	1125173	15.10
1980-1989	66	0.02553	0.02520	0.5	72778	1834	71861	1051533	14.45
1980-1989	67	0.02789	0.02750	0.5	70944	1951	69968	979672	13.81
1980-1989	68	0.03067	0.03020	0.5	68993	2084	67951	909704	13.19
1980-1989	69	0.03343	0.03288	0.5	66909	2200	65809	841753	12.58
1980-1989	70	0.03642	0.03577	0.5	64709	2315	63552	775943	11.99
1980-1989	71	0.03993	0.03915	0.5	62395	2443	61173	712392	11.42
1980-1989	72	0.04403	0.04308	0.5	59952	2583	58661	651218	10.86
1980-1989	73	0.04800	0.04688	0.5	57369	2689	56024	592558	10.33
1980-1989	74	0.05151	0.05022	0.5	54680	2746	53307	536533	9.81
1980-1989	75	0.05591	0.05439	0.5	51934	2825	50521	483227	9.30
1980-1989	76	0.06166	0.05982	0.5	49109	2938	47640	432705	8.81
1980-1989	77	0.06657	0.06443	0.5	46171	2975	44684	385066	8.34
1980-1989	78	0.07299	0.07042	0.5	43197	3042	41676	340382	7.88
1980-1989	79	0.07940	0.07637	0.5	40155	3067	38621	298706	7.44
1980-1989	80	0.08912	0.08532	0.5	37088	3164	35506	260085	7.01
1980-1989	81	0.09698	0.09249	0.5	33924	3138	32355	224579	6.62
1980-1989	82	0.10670	0.10129	0.5	30786	3118	29227	192224	6.24
1980-1989	83	0.11362	0.10751	0.5	27668	2975	26180	162997	5.89
1980-1989	84	0.12519	0.11782	0.5	24693	2909	23238	136816	5.54
1980-1989	85	0.13707	0.12828	0.5	21784	2794	20387	113578	5.21
1980-1989	86	0.14877	0.13847	0.5	18989	2629	17675	93191	4.91
1980-1989	87	0.16186	0.14974	0.5	16360	2450	15135	75516	4.62
1980-1989	88	0.17472	0.16069	0.5	13910	2235	12793	60381	4.34
1980-1989	89	0.19037	0.17383	0.5	11675	2029	10660	47588	4.08
1980-1989	90	0.20779	0.18823	0.5	9646	1816	8738	36928	3.83
1980-1989	91	0.22812	0.20476	0.5	7830	1603	7028	28190	3.60
1980-1989	92	0.24460	0.21795	0.5	6227	1357	5548	21162	3.40
1980-1989	93	0.26414	0.23333	0.5	4870	1136	4302	15614	3.21
1980-1989	94	0.28248	0.24752	0.5	3733	924	3271	11312	3.03
1980-1989	95	0.30327	0.26334	0.5	2809	740	2439	8041	2.86
1980-1989	96	0.32490	0.27949	0.5	2069	578	1780	5602	2.71
1980-1989	97	0.34730	0.29591	0.5	1491	441	1270	3821	2.56
1980-1989	98	0.37039	0.31252	0.5	1050	328	886	2551	2.43
1980-1989	99	0.39410	0.32922	0.5	722	238	603	1665	2.31
1980-1989	100	0.41831	0.34595	0.5	484	167	400	1062	2.19
1980-1989	101	0.44292	0.36262	0.5	317	115	259	662	2.09
1980-1989	102	0.46782	0.37914	0.5	202	77	164	402	1.99
1980-1989	103	0.49288	0.39543	0.5	125	50	101	239	1.91
1980-1989	104	0.51797	0.41142	0.5	76	31	60	138	1.83
1980-1989	105	0.54298	0.42704	0.5	45	19	35	78	1.75
1980-1989	106	0.56777	0.44223	0.5	26	11	20	43	1.69
1980-1989	107	0.59222	0.45692	0.5	14	7	11	23	1.63
1980-1989	108	0.61623	0.47108	0.5	8	4	6	12	1.58
1980-1989	109	0.63968	0.48467	0.5	4	2	3	6	1.54
1980-1989	110+	0.66249	1.00000	1.51	2	2	3	3	1.51
1990-1999	0	0.00750	0.00745	0.07	100000	745	99304	7389447	73.89
1990-1999	1	0.00062	0.00062	0.5	99255	62	99224	7290143	73.45
1990-1999	2	0.00041	0.00041	0.5	99193	41	99173	7190919	72.49
1990-1999	3	0.00031	0.00031	0.5	99153	30	99137	7091746	71.52
1990-1999	4	0.00024	0.00024	0.5	99122	24	99110	6992608	70.55
1990-1999	5	0.00022	0.00022	0.5	99098	22	99087	6893498	69.56
1990-1999	6	0.00019	0.00019	0.5	99076	19	99066	6794411	68.58
1990-1999	7	0.00018	0.00018	0.5	99057	18	99048	6695345	67.59
1990-1999	8	0.00019	0.00019	0.5	99039	18	99030	6596297	66.60
1990-1999	9	0.00017	0.00017	0.5	99021	17	99012	6497266	65.62
1990-1999	10	0.00019	0.00019	0.5	99004	18	98995	6398254	64.63
1990-1999	11	0.00020	0.00020	0.5	98985	19	98976	6299259	63.64
1990-1999	12	0.00023	0.00023	0.5	98966	23	98955	6200284	62.65
1990-1999	13	0.00032	0.00032	0.5	98943	31	98927	6101329	61.67
1990-1999	14	0.00043	0.00043	0.5	98912	42	98890	6002402	60.68
1990-1999	15	0.00059	0.00059	0.5	98869	58	98840	5903511	59.71
1990-1999	16	0.00091	0.00091	0.5	98811	90	98766	5804671	58.75
1990-1999	17	0.00115	0.00115	0.5	98721	113	98664	5705905	57.80
1990-1999	18	0.00147	0.00147	0.5	98607	145	98535	5607241	56.86
1990-1999	19	0.00150	0.00149	0.5	98462	147	98389	5508706	55.95
1990-1999	20	0.00151	0.00151	0.5	98315	148	98241	5410318	55.03
1990-1999	21	0.00155	0.00155	0.5	98167	152	98091	5312076	54.11
1990-1999	22	0.00154	0.00154	0.5	98015	151	97939	5213986	53.20
1990-1999	23	0.00149	0.00149	0.5	97863	146	97791	5116047	52.28
1990-1999	24	0.00143	0.00143	0.5	97718	139	97648	5018256	51.35
1990-1999	25	0.00142	0.00142	0.5	97578	139	97509	4920608	50.43
1990-1999	26	0.00144	0.00144	0.5	97440	140	97370	4823099	49.50
1990-1999	27	0.00147	0.00147	0.5	97299	143	97228	4725729	48.57
1990-1999	28	0.00158	0.00158	0.5	97156	153	97080	4628502	47.64
1990-1999	29	0.00156	0.00156	0.5	97003	151	96928	4531422	46.71
1990-1999	30	0.00167	0.00167	0.5	96852	162	96771	4434494	45.79
1990-1999	31	0.00185	0.00185	0.5	96690	179	96601	4337723	44.86
1990-1999	32	0.00198	0.00198	0.5	96511	191	96416	4241122	43.94
1990-1999	33	0.00209	0.00209	0.5	96320	201	96220	4144706	43.03
1990-1999	34	0.00219	0.00219	0.5	96119	210	96014	4048486	42.12
1990-1999	35	0.00223	0.00223	0.5	95909	214	95802	3952472	41.21
1990-1999	36	0.00243	0.00242	0.5	95695	232	95579	3856670	40.30
1990-1999	37	0.00255	0.00255	0.5	95463	243	95342	3761090	39.40
1990-1999	38	0.00278	0.00278	0.5	95220	265	95088	3665748	38.50
1990-1999	39	0.00277	0.00276	0.5	94956	262	94824	3570661	37.60
1990-1999	40	0.00293	0.00292	0.5	94693	277	94555	3475836	36.71
1990-1999	41	0.00326	0.00326	0.5	94416	307	94263	3381282	35.81
1990-1999	42	0.00337	0.00337	0.5	94109	317	93951	3287019	34.93
1990-1999	43	0.00357	0.00356	0.5	93792	334	93626	3193068	34.04
1990-1999	44	0.00375	0.00375	0.5	93459	350	93284	3099443	33.16
1990-1999	45	0.00394	0.00393	0.5	93109	366	92925	3006159	32.29
1990-1999	46	0.00424	0.00423	0.5	92742	393	92546	2913233	31.41
1990-1999	47	0.00444	0.00443	0.5	92350	409	92145	2820687	30.54
1990-1999	48	0.00486	0.00485	0.5	91940	446	91717	2728542	29.68
1990-1999	49	0.00482	0.00481	0.5	91495	440	91275	2636825	28.82
1990-1999	50	0.00523	0.00521	0.5	91055	475	90817	2545550	27.96
1990-1999	51	0.00578	0.00576	0.5	90580	522	90319	2454733	27.10
1990-1999	52	0.00636	0.00634	0.5	90058	571	89773	2364413	26.25
1990-1999	53	0.00683	0.00681	0.5	89487	609	89182	2274641	25.42
1990-1999	54	0.00719	0.00717	0.5	88878	637	88559	2185459	24.59
1990-1999	55	0.00809	0.00806	0.5	88241	711	87885	2096900	23.76
1990-1999	56	0.00876	0.00873	0.5	87529	764	87148	2009015	22.95
1990-1999	57	0.00964	0.00959	0.5	86766	832	86350	1921867	22.15
1990-1999	58	0.01076	0.01070	0.5	85933	919	85474	1835517	21.36
1990-1999	59	0.01126	0.01120	0.5	85014	952	84538	1750044	20.59
1990-1999	60	0.01268	0.01260	0.5	84062	1060	83532	1665506	19.81
1990-1999	61	0.01419	0.01409	0.5	83002	1169	82418	1581974	19.06
1990-1999	62	0.01569	0.01557	0.5	81833	1274	81196	1499556	18.32
1990-1999	63	0.01691	0.01677	0.5	80559	1351	79884	1418360	17.61
1990-1999	64	0.01845	0.01828	0.5	79208	1448	78484	1338476	16.90
1990-1999	65	0.01964	0.01945	0.5	77760	1512	77004	1259992	16.20
1990-1999	66	0.02133	0.02111	0.5	76248	1609	75443	1182988	15.52
1990-1999	67	0.02343	0.02316	0.5	74638	1729	73774	1107545	14.84
1990-1999	68	0.02575	0.02543	0.5	72910	1854	71983	1033771	14.18
1990-1999	69	0.02754	0.02717	0.5	71056	1930	70091	961789	13.54
1990-1999	70	0.03076	0.03030	0.5	69125	2094	68078	891698	12.90
1990-1999	71	0.03329	0.03275	0.5	67031	2195	65933	823620	12.29
1990-1999	72	0.03667	0.03601	0.5	64836	2335	63669	757686	11.69
1990-1999	73	0.04014	0.03935	0.5	62501	2459	61272	694018	11.10
1990-1999	74	0.04303	0.04212	0.5	60042	2529	58777	632746	10.54
1990-1999	75	0.04712	0.04604	0.5	57513	2648	56189	573969	9.98
1990-1999	76	0.05179	0.05048	0.5	54865	2770	53480	517780	9.44
1990-1999	77	0.05624	0.05470	0.5	52095	2850	50670	464300	8.91
1990-1999	78	0.06089	0.05909	0.5	49245	2910	47791	413629	8.40
1990-1999	79	0.06650	0.06436	0.5	46336	2982	44845	365839	7.90
1990-1999	80	0.07724	0.07437	0.5	43353	3224	41741	320994	7.40
1990-1999	81	0.08577	0.08224	0.5	40129	3300	38479	279253	6.96
1990-1999	82	0.09489	0.09059	0.5	36829	3336	35161	240774	6.54
1990-1999	83	0.10491	0.09968	0.5	33493	3339	31823	205613	6.14
1990-1999	84	0.11451	0.10831	0.5	30154	3266	28521	173790	5.76
1990-1999	85	0.12561	0.11818	0.5	26888	3178	25299	145269	5.40
1990-1999	86	0.13831	0.12936	0.5	23710	3067	22177	119970	5.06
1990-1999	87	0.15159	0.14091	0.5	20643	2909	19189	97793	4.74
1990-1999	88	0.16646	0.15367	0.5	17734	2725	16372	78605	4.43
1990-1999	89	0.18349	0.16807	0.5	15009	2523	13748	62233	4.15
1990-1999	90	0.20082	0.18249	0.5	12486	2279	11347	48485	3.88
1990-1999	91	0.21823	0.19676	0.5	10208	2008	9203	37138	3.64
1990-1999	92	0.23799	0.21268	0.5	8199	1744	7327	27935	3.41
1990-1999	93	0.26379	0.23305	0.5	6455	1504	5703	20607	3.19
1990-1999	94	0.28086	0.24628	0.5	4951	1219	4341	14904	3.01
1990-1999	95	0.30363	0.26361	0.5	3732	984	3240	10563	2.83
1990-1999	96	0.32741	0.28135	0.5	2748	773	2361	7323	2.66
1990-1999	97	0.35211	0.29940	0.5	1975	591	1679	4962	2.51
1990-1999	98	0.37762	0.31765	0.5	1384	439	1164	3283	2.37
1990-1999	99	0.40383	0.33599	0.5	944	317	785	2119	2.24
1990-1999	100	0.43060	0.35432	0.5	627	222	516	1333	2.13
1990-1999	101	0.45779	0.37252	0.5	405	151	329	818	2.02
1990-1999	102	0.48522	0.39049	0.5	254	99	204	488	1.92
1990-1999	103	0.51275	0.40812	0.5	155	63	123	284	1.83
1990-1999	104	0.54020	0.42532	0.5	92	39	72	161	1.75
1990-1999	105	0.56741	0.44201	0.5	53	23	41	88	1.68
1990-1999	106	0.59421	0.45811	0.5	29	13	23	47	1.61
1990-1999	107	0.62047	0.47356	0.5	16	8	12	25	1.56
1990-1999	108	0.64604	0.48831	0.5	8	4	6	13	1.51
1990-1999	109	0.67080	0.50232	0.5	4	2	3	6	1.47
1990-1999	110+	0.69465	1.00000	1.44	2	2	3	3	1.44
2000-2009	0	0.00598	0.00594	0.06	100000	594	99442	7653599	76.54
2000-2009	1	0.00044	0.00044	0.5	99406	44	99384	7554157	75.99
2000-2009	2	0.00030	0.00030	0.5	99362	29	99347	7454773	75.03
2000-2009	3	0.00023	0.00023	0.5	99332	22	99321	7355427	74.05
2000-2009	4	0.00018	0.00018	0.5	99310	18	99301	7256106	73.07
2000-2009	5	0.00016	0.00016	0.5	99292	16	99284	7156805	72.08
2000-2009	6	0.00015	0.00015	0.5	99276	14	99269	7057521	71.09
2000-2009	7	0.00013	0.00013	0.5	99261	13	99255	6958252	70.10
2000-2009	8	0.00014	0.00014	0.5	99249	14	99242	6858997	69.11
2000-2009	9	0.00012	0.00012	0.5	99235	12	99229	6759755	68.12
2000-2009	10	0.00014	0.00014	0.5	99223	14	99216	6660527	67.13
2000-2009	11	0.00014	0.00014	0.5	99208	14	99202	6561311	66.14
2000-2009	12	0.00016	0.00016	0.5	99195	16	99187	6462110	65.15
2000-2009	13	0.00019	0.00019	0.5	99179	18	99170	6362923	64.16
2000-2009	14	0.00026	0.00026	0.5	99161	26	99147	6263753	63.17
2000-2009	15	0.00037	0.00037	0.5	99134	37	99116	6164605	62.18
2000-2009	16	0.00053	0.00053	0.5	99097	53	99071	6065490	61.21
2000-2009	17	0.00075	0.00075	0.5	99044	74	99007	5966419	60.24
2000-2009	18	0.00106	0.00106	0.5	98970	104	98918	5867411	59.28
2000-2009	19	0.00117	0.00117	0.5	98866	116	98808	5768494	58.35
2000-2009	20	0.00120	0.00120	0.5	98750	119	98691	5669686	57.41
2000-2009	21	0.00124	0.00124	0.5	98631	123	98570	5570995	56.48
2000-2009	22	0.00123	0.00123	0.5	98509	121	98448	5472425	55.55
2000-2009	23	0.00116	0.00115	0.5	98388	114	98331	5373977	54.62
2000-2009	24	0.00115	0.00115	0.5	98274	113	98218	5275646	53.68
2000-2009	25	0.00111	0.00111	0.5	98161	109	98107	5177428	52.74
2000-2009	26	0.00115	0.00115	0.5	98052	113	97996	5079322	51.80
2000-2009	27	0.00110	0.00110	0.5	97940	108	97886	4981326	50.86
2000-2009	28	0.00107	0.00107	0.5	97832	105	97779	4883440	49.92
2000-2009	29	0.00109	0.00109	0.5	97727	106	97674	4785660	48.97
2000-2009	30	0.00108	0.00108	0.5	97621	105	97568	4687987	48.02
2000-2009	31	0.00116	0.00116	0.5	97516	113	97459	4590418	47.07
2000-2009	32	0.00122	0.00122	0.5	97402	119	97343	4492959	46.13
2000-2009	33	0.00125	0.00125	0.5	97284	122	97223	4395616	45.18
2000-2009	34	0.00135	0.00135	0.5	97162	131	97096	4298393	44.24
2000-2009	35	0.00140	0.00140	0.5	97031	135	96963	4201297	43.30
2000-2009	36	0.00149	0.00149	0.5	96895	145	96823	4104334	42.36
2000-2009	37	0.00159	0.00159	0.5	96751	154	96674	4007511	41.42
2000-2009	38	0.00178	0.00178	0.5	96597	172	96511	3910838	40.49
2000-2009	39	0.00187	0.00187	0.5	96425	180	96335	3814327	39.56
2000-2009	40	0.00206	0.00206	0.5	96245	198	96146	3717992	38.63
2000-2009	41	0.00226	0.00226	0.5	96047	217	95938	3621847	37.71
2000-2009	42	0.00246	0.00245	0.5	95830	235	95712	3525908	36.79
2000-2009	43	0.00265	0.00264	0.5	95595	253	95468	3430196	35.88
2000-2009	44	0.00288	0.00287	0.5	95342	274	95205	3334728	34.98
2000-2009	45	0.00316	0.00315	0.5	95068	300	94918	3239523	34.08
2000-2009	46	0.00353	0.00352	0.5	94768	334	94602	3144605	33.18
2000-2009	47	0.00380	0.00379	0.5	94435	358	94256	3050003	32.30
2000-2009	48	0.00422	0.00421	0.5	94077	396	93879	2955747	31.42
2000-2009	49	0.00449	0.00448	0.5	93681	420	93471	2861868	30.55
2000-2009	50	0.00487	0.00486	0.5	93261	453	93034	2768397	29.68
2000-2009	51	0.00527	0.00525	0.5	92807	487	92564	2675363	28.83
2000-2009	52	0.00571	0.00569	0.5	92320	526	92057	2582800	27.98
2000-2009	53	0.00622	0.00620	0.5	91794	569	91510	2490742	27.13
2000-2009	54	0.00658	0.00656	0.5	91225	599	90926	2399233	26.30
2000-2009	55	0.00720	0.00718	0.5	90627	651	90301	2308307	25.47
2000-2009	56	0.00760	0.00757	0.5	89976	681	89635	2218005	24.65
2000-2009	57	0.00808	0.00804	0.5	89295	718	88936	2128370	23.84
2000-2009	58	0.00871	0.00867	0.5	88577	768	88193	2039434	23.02
2000-2009	59	0.00960	0.00955	0.5	87809	839	87389	1951241	22.22
2000-2009	60	0.01051	0.01046	0.5	86970	910	86515	1863852	21.43
2000-2009	61	0.01103	0.01097	0.5	86060	944	85588	1777337	20.65
2000-2009	62	0.01221	0.01214	0.5	85116	1033	84599	1691749	19.88
2000-2009	63	0.01318	0.01309	0.5	84082	1101	83532	1607150	19.11
2000-2009	64	0.01442	0.01432	0.5	82982	1188	82388	1523618	18.36
2000-2009	65	0.01555	0.01543	0.5	81794	1262	81162	1441230	17.62
2000-2009	66	0.01685	0.01671	0.5	80531	1346	79858	1360067	16.89
2000-2009	67	0.01829	0.01812	0.5	79186	1435	78468	1280209	16.17
2000-2009	68	0.02009	0.01989	0.5	77750	1547	76977	1201741	15.46
2000-2009	69	0.02173	0.02150	0.5	76204	1638	75385	1124764	14.76
2000-2009	70	0.02400	0.02371	0.5	74566	1768	73682	1049379	14.07
2000-2009	71	0.02598	0.02565	0.5	72797	1867	71864	975698	13.40
2000-2009	72	0.02870	0.02829	0.5	70930	2007	69927	903834	12.74
2000-2009	73	0.03164	0.03115	0.5	68924	2147	67850	833907	12.10
2000-2009	74	0.03463	0.03404	0.5	66777	2273	65640	766057	11.47
2000-2009	75	0.03865	0.03792	0.5	64503	2446	63280	700417	10.86
2000-2009	76	0.04186	0.04100	0.5	62057	2545	60785	637137	10.27
2000-2009	77	0.04596	0.04493	0.5	59513	2674	58176	576352	9.68
2000-2009	78	0.05040	0.04916	0.5	56839	2794	55442	518176	9.12
2000-2009	79	0.05561	0.05411	0.5	54044	2924	52582	462734	8.56
2000-2009	80	0.06488	0.06284	0.5	51120	3212	49514	410152	8.02
2000-2009	81	0.07201	0.06950	0.5	47908	3330	46243	360638	7.53
2000-2009	82	0.07967	0.07661	0.5	44578	3415	42871	314395	7.05
2000-2009	83	0.08808	0.08437	0.5	41163	3473	39427	271524	6.60
2000-2009	84	0.09908	0.09440	0.5	37690	3558	35911	232097	6.16
2000-2009	85	0.10830	0.10274	0.5	34132	3507	32379	196186	5.75
2000-2009	86	0.12227	0.11523	0.5	30626	3529	28861	163807	5.35
2000-2009	87	0.13571	0.12709	0.5	27097	3444	25375	134946	4.98
2000-2009	88	0.15087	0.14029	0.5	23653	3318	21994	109572	4.63
2000-2009	89	0.16831	0.15524	0.5	20335	3157	18756	87578	4.31
2000-2009	90	0.18655	0.17063	0.5	17178	2931	15712	68821	4.01
2000-2009	91	0.20733	0.18785	0.5	14247	2676	12909	53109	3.73
2000-2009	92	0.22631	0.20330	0.5	11571	2352	10394	40200	3.47
2000-2009	93	0.25374	0.22517	0.5	9218	2076	8180	29806	3.23
2000-2009	94	0.27377	0.24081	0.5	7143	1720	6283	21626	3.03
2000-2009	95	0.29887	0.26002	0.5	5423	1410	4718	15343	2.83
2000-2009	96	0.32524	0.27975	0.5	4013	1123	3451	10625	2.65
2000-2009	97	0.35277	0.29988	0.5	2890	867	2457	7174	2.48
2000-2009	98	0.38132	0.32026	0.5	2023	648	1699	4717	2.33
2000-2009	99	0.41070	0.34073	0.5	1375	469	1141	3018	2.19
2000-2009	100	0.44074	0.36115	0.5	907	327	743	1877	2.07
2000-2009	101	0.47122	0.38136	0.5	579	221	469	1134	1.96
2000-2009	102	0.50191	0.40122	0.5	358	144	286	665	1.86
2000-2009	103	0.53259	0.42059	0.5	215	90	169	379	1.76
2000-2009	104	0.56302	0.43934	0.5	124	55	97	209	1.68
2000-2009	105	0.59299	0.45738	0.5	70	32	54	112	1.61
2000-2009	106	0.62228	0.47461	0.5	38	18	29	58	1.54
2000-2009	107	0.65071	0.49097	0.5	20	10	15	30	1.49
2000-2009	108	0.67810	0.50640	0.5	10	5	8	15	1.44
2000-2009	109	0.70432	0.52089	0.5	5	3	4	7	1.40
2000-2009	110+	0.72926	1.00000	1.37	2	2	3	3	1.37
2010-2019	0	0.00480	0.00478	0.06	100000	478	99549	7828961	78.29
2010-2019	1	0.00033	0.00033	0.5	99522	33	99505	7729412	77.67
2010-2019	2	0.00021	0.00021	0.5	99488	21	99478	7629907	76.69
2010-2019	3	0.00017	0.00017	0.5	99467	16	99459	7530429	75.71
2010-2019	4	0.00013	0.00013	0.5	99451	12	99445	7430970	74.72
2010-2019	5	0.00010	0.00010	0.5	99438	10	99433	7331525	73.73
2010-2019	6	0.00011	0.00011	0.5	99428	11	99423	7232092	72.74
2010-2019	7	0.00009	0.00009	0.5	99418	9	99413	7132669	71.74
2010-2019	8	0.00009	0.00009	0.5	99408	9	99403	7033256	70.75
2010-2019	9	0.00009	0.00009	0.5	99399	9	99394	6933853	69.76
2010-2019	10	0.00010	0.00010	0.5	99390	10	99385	6834459	68.76
2010-2019	11	0.00011	0.00011	0.5	99380	11	99374	6735074	67.77
2010-2019	12	0.00013	0.00013	0.5	99369	13	99363	6635700	66.78
2010-2019	13	0.00014	0.00014	0.5	99356	14	99350	6536337	65.79
2010-2019	14	0.00020	0.00020	0.5	99343	20	99333	6436987	64.80
2010-2019	15	0.00028	0.00028	0.5	99323	28	99309	6337655	63.81
2010-2019	16	0.00038	0.00038	0.5	99295	38	99276	6238346	62.83
2010-2019	17	0.00050	0.00050	0.5	99257	50	99233	6139069	61.85
2010-2019	18	0.00077	0.00077	0.5	99208	77	99170	6039837	60.88
2010-2019	19	0.00089	0.00089	0.5	99131	88	99087	5940667	59.93
2010-2019	20	0.00097	0.00097	0.5	99043	96	98995	5841580	58.98
2010-2019	21	0.00107	0.00107	0.5	98947	106	98894	5742585	58.04
2010-2019	22	0.00108	0.00108	0.5	98841	107	98787	5643691	57.10
2010-2019	23	0.00105	0.00105	0.5	98734	103	98682	5544904	56.16
2010-2019	24	0.00108	0.00108	0.5	98630	106	98577	5446222	55.22
2010-2019	25	0.00110	0.00110	0.5	98524	108	98470	5347645	54.28
2010-2019	26	0.00106	0.00106	0.5	98416	105	98363	5249175	53.34
2010-2019	27	0.00113	0.00113	0.5	98311	111	98255	5150812	52.39
2010-2019	28	0.00113	0.00113	0.5	98200	111	98144	5052556	51.45
2010-2019	29	0.00116	0.00116	0.5	98089	114	98032	4954412	50.51
2010-2019	30	0.00118	0.00118	0.5	97975	116	97917	4856380	49.57
2010-2019	31	0.00119	0.00119	0.5	97859	116	97801	4758463	48.63
2010-2019	32	0.00124	0.00124	0.5	97743	121	97682	4660662	47.68
2010-2019	33	0.00127	0.00126	0.5	97622	123	97560	4562979	46.74
2010-2019	34	0.00132	0.00132	0.5	97499	128	97434	4465419	45.80
2010-2019	35	0.00140	0.00140	0.5	97370	136	97302	4367985	44.86
2010-2019	36	0.00143	0.00143	0.5	97234	139	97164	4270683	43.92
2010-2019	37	0.00151	0.00151	0.5	97095	146	97022	4173518	42.98
2010-2019	38	0.00156	0.00156	0.5	96948	151	96873	4076497	42.05
2010-2019	39	0.00162	0.00162	0.5	96797	156	96719	3979624	41.11
2010-2019	40	0.00172	0.00172	0.5	96641	166	96558	3882904	40.18
2010-2019	41	0.00184	0.00183	0.5	96475	177	96386	3786347	39.25
2010-2019	42	0.00200	0.00200	0.5	96298	193	96201	3689961	38.32
2010-2019	43	0.00212	0.00211	0.5	96105	203	96003	3593759	37.39
2010-2019	44	0.00232	0.00232	0.5	95902	222	95790	3497756	36.47
2010-2019	45	0.00253	0.00253	0.5	95679	242	95558	3401965	35.56
2010-2019	46	0.00278	0.00277	0.5	95437	265	95305	3306407	34.64
2010-2019	47	0.00308	0.00308	0.5	95172	293	95026	3211103	33.74
2010-2019	48	0.00339	0.00339	0.5	94879	321	94719	3116077	32.84
2010-2019	49	0.00381	0.00381	0.5	94558	360	94378	3021358	31.95
2010-2019	50	0.00410	0.00409	0.5	94198	385	94005	2926980	31.07
2010-2019	51	0.00452	0.00451	0.5	93813	424	93601	2832975	30.20
2010-2019	52	0.00497	0.00496	0.5	93389	463	93158	2739374	29.33
2010-2019	53	0.00534	0.00532	0.5	92926	495	92679	2646216	28.48
2010-2019	54	0.00593	0.00592	0.5	92431	547	92158	2553537	27.63
2010-2019	55	0.00655	0.00653	0.5	91885	600	91585	2461379	26.79
2010-2019	56	0.00705	0.00703	0.5	91285	641	90964	2369794	25.96
2010-2019	57	0.00771	0.00768	0.5	90643	696	90295	2278831	25.14
2010-2019	58	0.00829	0.00826	0.5	89947	743	89576	2188535	24.33
2010-2019	59	0.00906	0.00902	0.5	89205	805	88802	2098959	23.53
2010-2019	60	0.00963	0.00958	0.5	88400	847	87977	2010157	22.74
2010-2019	61	0.01053	0.01047	0.5	87553	917	87095	1922180	21.95
2010-2019	62	0.01118	0.01112	0.5	86636	963	86155	1835085	21.18
2010-2019	63	0.01217	0.01210	0.5	85673	1037	85155	1748931	20.41
2010-2019	64	0.01287	0.01279	0.5	84637	1082	84095	1663776	19.66
2010-2019	65	0.01363	0.01354	0.5	83554	1132	82988	1579681	18.91
2010-2019	66	0.01472	0.01461	0.5	82423	1204	81821	1496692	18.16
2010-2019	67	0.01560	0.01548	0.5	81218	1257	80590	1414872	17.42
2010-2019	68	0.01700	0.01685	0.5	79961	1348	79288	1334282	16.69
2010-2019	69	0.01811	0.01795	0.5	78614	1411	77908	1254994	15.96
2010-2019	70	0.01991	0.01972	0.5	77203	1522	76442	1177086	15.25
2010-2019	71	0.02161	0.02138	0.5	75681	1618	74872	1100644	14.54
2010-2019	72	0.02346	0.02319	0.5	74063	1718	73204	1025772	13.85
2010-2019	73	0.02551	0.02519	0.5	72345	1822	71434	952568	13.17
2010-2019	74	0.02805	0.02766	0.5	70523	1951	69548	881134	12.49
2010-2019	75	0.03117	0.03069	0.5	68572	2104	67520	811586	11.84
2010-2019	76	0.03397	0.03340	0.5	66468	2220	65358	744066	11.19
2010-2019	77	0.03761	0.03692	0.5	64248	2372	63062	678708	10.56
2010-2019	78	0.04101	0.04019	0.5	61876	2487	60633	615646	9.95
2010-2019	79	0.04576	0.04474	0.5	59389	2657	58061	555013	9.35
2010-2019	80	0.05345	0.05206	0.5	56732	2953	55256	496953	8.76
2010-2019	81	0.05976	0.05803	0.5	53779	3121	52219	441697	8.21
2010-2019	82	0.06639	0.06426	0.5	50658	3255	49031	389478	7.69
2010-2019	83	0.07408	0.07144	0.5	47403	3386	45710	340447	7.18
2010-2019	84	0.08388	0.08051	0.5	44017	3544	42245	294737	6.70
2010-2019	85	0.09420	0.08996	0.5	40473	3641	38653	252492	6.24
2010-2019	86	0.10377	0.09866	0.5	36832	3634	35015	213840	5.81
2010-2019	87	0.11696	0.11049	0.5	33198	3668	31364	178825	5.39
2010-2019	88	0.13226	0.12406	0.5	29530	3663	27698	147461	4.99
2010-2019	89	0.14826	0.13803	0.5	25867	3570	24081	119762	4.63
2010-2019	90	0.16562	0.15295	0.5	22296	3410	20591	95681	4.29
2010-2019	91	0.18535	0.16963	0.5	18886	3204	17284	75090	3.98
2010-2019	92	0.20656	0.18722	0.5	15682	2936	14214	57805	3.69
2010-2019	93	0.23211	0.20798	0.5	12746	2651	11421	43591	3.42
2010-2019	94	0.25619	0.22710	0.5	10095	2293	8949	32170	3.19
2010-2019	95	0.27728	0.24352	0.5	7803	1900	6853	23221	2.98
2010-2019	96	0.30406	0.26393	0.5	5903	1558	5124	16368	2.77
2010-2019	97	0.33223	0.28491	0.5	4345	1238	3726	11245	2.59
2010-2019	98	0.36166	0.30628	0.5	3107	952	2631	7519	2.42
2010-2019	99	0.39217	0.32788	0.5	2155	707	1802	4888	2.27
2010-2019	100	0.42354	0.34952	0.5	1449	506	1195	3086	2.13
2010-2019	101	0.45553	0.37103	0.5	942	350	768	1890	2.01
2010-2019	102	0.48790	0.39222	0.5	593	232	476	1123	1.89
2010-2019	103	0.52038	0.41294	0.5	360	149	286	646	1.79
2010-2019	104	0.55268	0.43302	0.5	211	92	166	361	1.70
2010-2019	105	0.58454	0.45234	0.5	120	54	93	195	1.63
2010-2019	106	0.61571	0.47078	0.5	66	31	50	102	1.55
2010-2019	107	0.64596	0.48826	0.5	35	17	26	52	1.49
2010-2019	108	0.67508	0.50472	0.5	18	9	13	26	1.44
2010-2019	109	0.70291	0.52011	0.5	9	5	7	12	1.40
2010-2019	110+	0.72931	1.00000	1.37	4	4	6	6	1.37
2020-2022	0	0.00434	0.00432	0.06	100000	432	99592	7625998	76.26
2020-2022	1	0.00031	0.00031	0.5	99568	31	99552	7526406	75.59
2020-2022	2	0.00020	0.00020	0.5	99537	20	99527	7426853	74.61
2020-2022	3	0.00017	0.00017	0.5	99517	17	99508	7327326	73.63
2020-2022	4	0.00011	0.00011	0.5	99500	11	99494	7227818	72.64
2020-2022	5	0.00010	0.00010	0.5	99489	10	99484	7128324	71.65
2020-2022	6	0.00010	0.00010	0.5	99479	10	99474	7028840	70.66
2020-2022	7	0.00009	0.00009	0.5	99469	9	99464	6929366	69.66
2020-2022	8	0.00009	0.00009	0.5	99459	9	99455	6829902	68.67
2020-2022	9	0.00009	0.00009	0.5	99450	9	99446	6730447	67.68
2020-2022	10	0.00010	0.00010	0.5	99441	10	99436	6631001	66.68
2020-2022	11	0.00011	0.00011	0.5	99431	11	99425	6531565	65.69
2020-2022	12	0.00013	0.00013	0.5	99420	13	99414	6432140	64.70
2020-2022	13	0.00016	0.00016	0.5	99407	16	99400	6332726	63.70
2020-2022	14	0.00023	0.00023	0.5	99392	23	99380	6233327	62.71
2020-2022	15	0.00033	0.00033	0.5	99369	33	99352	6133947	61.73
2020-2022	16	0.00044	0.00044	0.5	99336	44	99314	6034594	60.75
2020-2022	17	0.00065	0.00065	0.5	99292	64	99260	5935280	59.78
2020-2022	18	0.00093	0.00093	0.5	99228	93	99181	5836021	58.81
2020-2022	19	0.00115	0.00115	0.5	99135	114	99078	5736839	57.87
2020-2022	20	0.00122	0.00122	0.5	99021	120	98961	5637761	56.93
2020-2022	21	0.00132	0.00132	0.5	98901	131	98836	5538800	56.00
2020-2022	22	0.00143	0.00143	0.5	98770	141	98700	5439964	55.08
2020-2022	23	0.00151	0.00151	0.5	98629	149	98555	5341265	54.16
2020-2022	24	0.00158	0.00158	0.5	98480	155	98403	5242710	53.24
2020-2022	25	0.00164	0.00164	0.5	98325	161	98245	5144307	52.32
2020-2022	26	0.00166	0.00166	0.5	98164	163	98082	5046063	51.40
2020-2022	27	0.00174	0.00174	0.5	98001	170	97916	4947980	50.49
2020-2022	28	0.00182	0.00181	0.5	97831	177	97742	4850064	49.58
2020-2022	29	0.00199	0.00199	0.5	97653	194	97556	4752323	48.67
2020-2022	30	0.00205	0.00205	0.5	97459	200	97359	4654766	47.76
2020-2022	31	0.00202	0.00202	0.5	97260	196	97162	4557407	46.86
2020-2022	32	0.00212	0.00212	0.5	97063	205	96961	4460245	45.95
2020-2022	33	0.00222	0.00222	0.5	96858	215	96751	4363285	45.05
2020-2022	34	0.00214	0.00214	0.5	96643	207	96540	4266534	44.15
2020-2022	35	0.00225	0.00224	0.5	96436	216	96328	4169994	43.24
2020-2022	36	0.00238	0.00237	0.5	96220	228	96106	4073666	42.34
2020-2022	37	0.00248	0.00248	0.5	95992	238	95873	3977561	41.44
2020-2022	38	0.00251	0.00250	0.5	95754	240	95634	3881688	40.54
2020-2022	39	0.00273	0.00273	0.5	95514	261	95384	3786054	39.64
2020-2022	40	0.00286	0.00286	0.5	95253	272	95117	3690670	38.75
2020-2022	41	0.00296	0.00295	0.5	94981	281	94841	3595553	37.86
2020-2022	42	0.00305	0.00304	0.5	94701	288	94557	3500712	36.97
2020-2022	43	0.00320	0.00319	0.5	94412	302	94262	3406156	36.08
2020-2022	44	0.00348	0.00347	0.5	94111	327	93947	3311894	35.19
2020-2022	45	0.00353	0.00352	0.5	93784	331	93619	3217947	34.31
2020-2022	46	0.00376	0.00376	0.5	93453	351	93278	3124328	33.43
2020-2022	47	0.00407	0.00406	0.5	93102	378	92913	3031050	32.56
2020-2022	48	0.00429	0.00428	0.5	92725	397	92526	2938137	31.69
2020-2022	49	0.00472	0.00471	0.5	92328	435	92110	2845610	30.82
2020-2022	50	0.00510	0.00509	0.5	91892	467	91659	2753500	29.96
2020-2022	51	0.00553	0.00552	0.5	91425	504	91173	2661842	29.12
2020-2022	52	0.00599	0.00597	0.5	90921	543	90650	2570669	28.27
2020-2022	53	0.00643	0.00641	0.5	90378	580	90088	2480019	27.44
2020-2022	54	0.00717	0.00715	0.5	89799	642	89478	2389931	26.61
2020-2022	55	0.00760	0.00757	0.5	89157	675	88819	2300453	25.80
2020-2022	56	0.00847	0.00843	0.5	88482	746	88109	2211634	25.00
2020-2022	57	0.00909	0.00905	0.5	87736	794	87339	2123525	24.20
2020-2022	58	0.00975	0.00970	0.5	86942	843	86520	2036186	23.42
2020-2022	59	0.01059	0.01054	0.5	86098	907	85645	1949666	22.64
2020-2022	60	0.01161	0.01155	0.5	85191	984	84699	1864022	21.88
2020-2022	61	0.01265	0.01257	0.5	84207	1058	83678	1779322	21.13
2020-2022	62	0.01323	0.01314	0.5	83149	1093	82603	1695644	20.39
2020-2022	63	0.01427	0.01417	0.5	82056	1163	81475	1613041	19.66
2020-2022	64	0.01552	0.01540	0.5	80894	1246	80271	1531566	18.93
2020-2022	65	0.01643	0.01630	0.5	79648	1298	78999	1451295	18.22
2020-2022	66	0.01734	0.01720	0.5	78350	1347	77676	1372297	17.51
2020-2022	67	0.01880	0.01863	0.5	77003	1435	76285	1294620	16.81
2020-2022	68	0.01969	0.01950	0.5	75568	1474	74831	1218335	16.12
2020-2022	69	0.02118	0.02095	0.5	74094	1553	73318	1143504	15.43
2020-2022	70	0.02294	0.02268	0.5	72542	1645	71719	1070185	14.75
2020-2022	71	0.02392	0.02364	0.5	70897	1676	70059	998466	14.08
2020-2022	72	0.02602	0.02569	0.5	69221	1778	68332	928407	13.41
2020-2022	73	0.02839	0.02799	0.5	67443	1888	66499	860075	12.75
2020-2022	74	0.03078	0.03031	0.5	65555	1987	64561	793577	12.11
2020-2022	75	0.03421	0.03364	0.5	63568	2138	62499	729015	11.47
2020-2022	76	0.03689	0.03622	0.5	61430	2225	60317	666517	10.85
2020-2022	77	0.04198	0.04111	0.5	59205	2434	57988	606200	10.24
2020-2022	78	0.04615	0.04511	0.5	56770	2561	55490	548212	9.66
2020-2022	79	0.05121	0.04993	0.5	54210	2707	52856	492722	9.09
2020-2022	80	0.05620	0.05466	0.5	51503	2815	50095	439865	8.54
2020-2022	81	0.06170	0.05985	0.5	48688	2914	47231	389770	8.01
2020-2022	82	0.06977	0.06742	0.5	45774	3086	44231	342539	7.48
2020-2022	83	0.07804	0.07511	0.5	42688	3206	41085	298309	6.99
2020-2022	84	0.08686	0.08325	0.5	39481	3287	37838	257224	6.52
2020-2022	85	0.09807	0.09348	0.5	36195	3384	34503	219386	6.06
2020-2022	86	0.10978	0.10407	0.5	32811	3415	31104	184883	5.63
2020-2022	87	0.12297	0.11585	0.5	29397	3406	27694	153779	5.23
2020-2022	88	0.13790	0.12900	0.5	25991	3353	24315	126085	4.85
2020-2022	89	0.15169	0.14100	0.5	22638	3192	21042	101771	4.50
2020-2022	90	0.17371	0.15983	0.5	19446	3108	17892	80729	4.15
2020-2022	91	0.19580	0.17834	0.5	16338	2914	14881	62837	3.85
2020-2022	92	0.21531	0.19438	0.5	13424	2609	12120	47955	3.57
2020-2022	93	0.24101	0.21509	0.5	10815	2326	9652	35836	3.31
2020-2022	94	0.26460	0.23368	0.5	8489	1984	7497	26184	3.08
2020-2022	95	0.28997	0.25325	0.5	6505	1647	5681	18687	2.87
2020-2022	96	0.31770	0.27415	0.5	4858	1332	4192	13006	2.68
2020-2022	97	0.34678	0.29554	0.5	3526	1042	3005	8814	2.50
2020-2022	98	0.37706	0.31725	0.5	2484	788	2090	5809	2.34
2020-2022	99	0.40832	0.33909	0.5	1696	575	1408	3719	2.19
2020-2022	100	0.44035	0.36089	0.5	1121	404	919	2311	2.06
2020-2022	101	0.47288	0.38245	0.5	716	274	579	1392	1.94
2020-2022	102	0.50564	0.40360	0.5	442	179	353	813	1.84
2020-2022	103	0.53836	0.42418	0.5	264	112	208	460	1.74
2020-2022	104	0.57074	0.44403	0.5	152	67	118	252	1.66
2020-2022	105	0.60254	0.46304	0.5	84	39	65	134	1.58
2020-2022	106	0.63349	0.48110	0.5	45	22	34	69	1.52
2020-2022	107	0.66337	0.49815	0.5	24	12	18	34	1.46
2020-2022	108	0.69201	0.51412	0.5	12	6	9	17	1.41
2020-2022	109	0.71924	0.52900	0.5	6	3	4	8	1.37
2020-2022	110+	0.74495	1.00000	1.34	3	3	4	4	1.34
