Div9: Div9, Lifetables (period 1x10), Females Last modified: February 4 2025, MPv5 (May07) 

Year     	Age	mx	qx	ax	lx	dx	Lx	Tx	ex
1941-1949	0	0.02813	0.02746	0.13	100000	2746	97616	7041169	70.41
1941-1949	1	0.00249	0.00249	0.5	97254	242	97133	6943553	71.40
1941-1949	2	0.00156	0.00155	0.5	97012	151	96937	6846420	70.57
1941-1949	3	0.00125	0.00125	0.5	96861	121	96801	6749483	69.68
1941-1949	4	0.00106	0.00106	0.5	96740	102	96689	6652683	68.77
1941-1949	5	0.00090	0.00090	0.5	96638	87	96594	6555994	67.84
1941-1949	6	0.00079	0.00079	0.5	96551	76	96513	6459399	66.90
1941-1949	7	0.00069	0.00069	0.5	96475	67	96441	6362887	65.95
1941-1949	8	0.00061	0.00061	0.5	96408	59	96378	6266446	65.00
1941-1949	9	0.00055	0.00055	0.5	96349	53	96322	6170067	64.04
1941-1949	10	0.00052	0.00052	0.5	96296	50	96271	6073745	63.07
1941-1949	11	0.00052	0.00052	0.5	96246	50	96221	5977474	62.11
1941-1949	12	0.00056	0.00056	0.5	96196	54	96169	5881253	61.14
1941-1949	13	0.00063	0.00063	0.5	96142	61	96112	5785084	60.17
1941-1949	14	0.00073	0.00073	0.5	96082	71	96046	5688972	59.21
1941-1949	15	0.00086	0.00086	0.5	96011	82	95970	5592925	58.25
1941-1949	16	0.00097	0.00097	0.5	95929	93	95882	5496955	57.30
1941-1949	17	0.00107	0.00107	0.5	95836	102	95785	5401073	56.36
1941-1949	18	0.00115	0.00115	0.5	95734	110	95679	5305289	55.42
1941-1949	19	0.00122	0.00122	0.5	95624	117	95565	5209610	54.48
1941-1949	20	0.00128	0.00128	0.5	95507	122	95446	5114045	53.55
1941-1949	21	0.00133	0.00133	0.5	95385	127	95322	5018599	52.61
1941-1949	22	0.00137	0.00137	0.5	95258	131	95193	4923277	51.68
1941-1949	23	0.00141	0.00141	0.5	95128	134	95061	4828084	50.75
1941-1949	24	0.00144	0.00144	0.5	94994	137	94926	4733023	49.82
1941-1949	25	0.00147	0.00147	0.5	94857	140	94788	4638098	48.90
1941-1949	26	0.00151	0.00151	0.5	94718	143	94646	4543310	47.97
1941-1949	27	0.00155	0.00155	0.5	94575	147	94502	4448663	47.04
1941-1949	28	0.00161	0.00161	0.5	94428	152	94352	4354162	46.11
1941-1949	29	0.00168	0.00168	0.5	94276	158	94197	4259810	45.18
1941-1949	30	0.00176	0.00176	0.5	94118	166	94035	4165613	44.26
1941-1949	31	0.00185	0.00185	0.5	93952	173	93865	4071578	43.34
1941-1949	32	0.00195	0.00195	0.5	93779	183	93687	3977713	42.42
1941-1949	33	0.00209	0.00208	0.5	93595	195	93498	3884026	41.50
1941-1949	34	0.00224	0.00224	0.5	93401	209	93296	3790528	40.58
1941-1949	35	0.00243	0.00242	0.5	93192	226	93079	3697232	39.67
1941-1949	36	0.00261	0.00261	0.5	92966	243	92844	3604153	38.77
1941-1949	37	0.00280	0.00279	0.5	92723	259	92594	3511309	37.87
1941-1949	38	0.00299	0.00298	0.5	92464	276	92326	3418715	36.97
1941-1949	39	0.00317	0.00317	0.5	92189	292	92042	3326389	36.08
1941-1949	40	0.00335	0.00334	0.5	91896	307	91743	3234346	35.20
1941-1949	41	0.00352	0.00352	0.5	91589	322	91428	3142604	34.31
1941-1949	42	0.00377	0.00376	0.5	91267	343	91096	3051175	33.43
1941-1949	43	0.00408	0.00408	0.5	90924	371	90739	2960080	32.56
1941-1949	44	0.00441	0.00440	0.5	90553	398	90354	2869341	31.69
1941-1949	45	0.00479	0.00478	0.5	90155	431	89939	2778987	30.82
1941-1949	46	0.00517	0.00516	0.5	89724	463	89492	2689048	29.97
1941-1949	47	0.00553	0.00552	0.5	89261	492	89015	2599555	29.12
1941-1949	48	0.00592	0.00590	0.5	88769	524	88507	2510540	28.28
1941-1949	49	0.00637	0.00635	0.5	88244	560	87964	2422034	27.45
1941-1949	50	0.00688	0.00686	0.5	87684	601	87384	2334070	26.62
1941-1949	51	0.00731	0.00728	0.5	87083	634	86766	2246686	25.80
1941-1949	52	0.00775	0.00772	0.5	86449	668	86115	2159920	24.98
1941-1949	53	0.00830	0.00827	0.5	85781	709	85427	2073805	24.18
1941-1949	54	0.00889	0.00885	0.5	85072	753	84696	1988378	23.37
1941-1949	55	0.00955	0.00951	0.5	84320	802	83919	1903682	22.58
1941-1949	56	0.01024	0.01019	0.5	83518	851	83093	1819763	21.79
1941-1949	57	0.01102	0.01096	0.5	82667	906	82214	1736670	21.01
1941-1949	58	0.01192	0.01185	0.5	81761	969	81277	1654456	20.24
1941-1949	59	0.01290	0.01282	0.5	80792	1035	80275	1573179	19.47
1941-1949	60	0.01400	0.01390	0.5	79757	1109	79203	1492904	18.72
1941-1949	61	0.01509	0.01498	0.5	78648	1178	78059	1413701	17.97
1941-1949	62	0.01634	0.01620	0.5	77470	1255	76843	1335642	17.24
1941-1949	63	0.01788	0.01772	0.5	76215	1351	75540	1258800	16.52
1941-1949	64	0.01955	0.01936	0.5	74864	1450	74139	1183260	15.81
1941-1949	65	0.02160	0.02137	0.5	73415	1569	72630	1109120	15.11
1941-1949	66	0.02379	0.02351	0.5	71846	1689	71001	1036490	14.43
1941-1949	67	0.02610	0.02576	0.5	70157	1807	69253	965489	13.76
1941-1949	68	0.02890	0.02849	0.5	68349	1947	67376	896236	13.11
1941-1949	69	0.03198	0.03147	0.5	66402	2090	65357	828860	12.48
1941-1949	70	0.03549	0.03487	0.5	64312	2243	63191	763503	11.87
1941-1949	71	0.03896	0.03821	0.5	62070	2372	60884	700312	11.28
1941-1949	72	0.04285	0.04195	0.5	59698	2504	58446	639428	10.71
1941-1949	73	0.04769	0.04658	0.5	57193	2664	55861	580983	10.16
1941-1949	74	0.05286	0.05150	0.5	54529	2808	53125	525121	9.63
1941-1949	75	0.05885	0.05717	0.5	51721	2957	50243	471996	9.13
1941-1949	76	0.06492	0.06287	0.5	48764	3066	47231	421753	8.65
1941-1949	77	0.07095	0.06852	0.5	45698	3131	44133	374522	8.20
1941-1949	78	0.07809	0.07515	0.5	42567	3199	40968	330389	7.76
1941-1949	79	0.08573	0.08220	0.5	39368	3236	37750	289421	7.35
1941-1949	80	0.08644	0.08286	0.5	36132	2994	34635	251671	6.97
1941-1949	81	0.09522	0.09090	0.5	33138	3012	31632	217036	6.55
1941-1949	82	0.10487	0.09964	0.5	30126	3002	28625	185404	6.15
1941-1949	83	0.11544	0.10914	0.5	27124	2960	25644	156779	5.78
1941-1949	84	0.12679	0.11923	0.5	24164	2881	22723	131135	5.43
1941-1949	85	0.13897	0.12994	0.5	21283	2766	19900	108411	5.09
1941-1949	86	0.15263	0.14181	0.5	18517	2626	17204	88511	4.78
1941-1949	87	0.16812	0.15508	0.5	15891	2464	14659	71307	4.49
1941-1949	88	0.18507	0.16939	0.5	13427	2274	12290	56648	4.22
1941-1949	89	0.20226	0.18369	0.5	11153	2049	10128	44358	3.98
1941-1949	90	0.21760	0.19625	0.5	9104	1787	8211	34230	3.76
1941-1949	91	0.23192	0.20782	0.5	7317	1521	6557	26019	3.56
1941-1949	92	0.24592	0.21899	0.5	5797	1269	5162	19462	3.36
1941-1949	93	0.25935	0.22958	0.5	4527	1039	4008	14300	3.16
1941-1949	94	0.29058	0.25371	0.5	3488	885	3045	10293	2.95
1941-1949	95	0.31244	0.27023	0.5	2603	703	2251	7247	2.78
1941-1949	96	0.33518	0.28707	0.5	1900	545	1627	4996	2.63
1941-1949	97	0.35871	0.30416	0.5	1354	412	1148	3369	2.49
1941-1949	98	0.38294	0.32140	0.5	942	303	791	2221	2.36
1941-1949	99	0.40776	0.33871	0.5	639	217	531	1430	2.24
1941-1949	100	0.43307	0.35599	0.5	423	151	348	899	2.13
1941-1949	101	0.45873	0.37314	0.5	272	102	222	551	2.02
1941-1949	102	0.48461	0.39009	0.5	171	67	137	330	1.93
1941-1949	103	0.51057	0.40674	0.5	104	42	83	192	1.85
1941-1949	104	0.53647	0.42301	0.5	62	26	49	109	1.77
1941-1949	105	0.56218	0.43883	0.5	36	16	28	60	1.70
1941-1949	106	0.58756	0.45414	0.5	20	9	15	33	1.63
1941-1949	107	0.61249	0.46889	0.5	11	5	8	17	1.58
1941-1949	108	0.63683	0.48303	0.5	6	3	4	9	1.53
1941-1949	109	0.66050	0.49652	0.5	3	1	2	4	1.49
1941-1949	110+	0.68339	1.00000	1.46	2	2	2	2	1.46
1950-1959	0	0.02130	0.02091	0.11	100000	2091	98145	7386706	73.87
1950-1959	1	0.00155	0.00155	0.5	97909	152	97834	7288562	74.44
1950-1959	2	0.00097	0.00097	0.5	97758	95	97710	7190728	73.56
1950-1959	3	0.00078	0.00078	0.5	97663	76	97624	7093018	72.63
1950-1959	4	0.00063	0.00063	0.5	97586	61	97556	6995393	71.68
1950-1959	5	0.00051	0.00051	0.5	97525	50	97501	6897838	70.73
1950-1959	6	0.00045	0.00045	0.5	97476	44	97454	6800337	69.76
1950-1959	7	0.00039	0.00039	0.5	97432	38	97413	6702883	68.80
1950-1959	8	0.00036	0.00036	0.5	97393	35	97376	6605471	67.82
1950-1959	9	0.00032	0.00032	0.5	97359	31	97343	6508095	66.85
1950-1959	10	0.00030	0.00030	0.5	97327	30	97313	6410752	65.87
1950-1959	11	0.00030	0.00030	0.5	97298	29	97283	6313439	64.89
1950-1959	12	0.00033	0.00033	0.5	97269	32	97253	6216156	63.91
1950-1959	13	0.00035	0.00035	0.5	97237	34	97219	6118903	62.93
1950-1959	14	0.00040	0.00040	0.5	97202	39	97183	6021684	61.95
1950-1959	15	0.00048	0.00048	0.5	97163	46	97140	5924501	60.97
1950-1959	16	0.00053	0.00053	0.5	97117	52	97091	5827361	60.00
1950-1959	17	0.00059	0.00059	0.5	97065	57	97037	5730270	59.04
1950-1959	18	0.00063	0.00063	0.5	97008	61	96977	5633233	58.07
1950-1959	19	0.00065	0.00065	0.5	96947	63	96915	5536256	57.11
1950-1959	20	0.00067	0.00067	0.5	96883	65	96851	5439341	56.14
1950-1959	21	0.00069	0.00069	0.5	96818	67	96785	5342490	55.18
1950-1959	22	0.00070	0.00070	0.5	96751	68	96718	5245705	54.22
1950-1959	23	0.00075	0.00075	0.5	96684	72	96648	5148987	53.26
1950-1959	24	0.00079	0.00079	0.5	96612	76	96573	5052340	52.30
1950-1959	25	0.00083	0.00083	0.5	96535	80	96495	4955766	51.34
1950-1959	26	0.00086	0.00086	0.5	96455	83	96414	4859271	50.38
1950-1959	27	0.00090	0.00089	0.5	96372	86	96329	4762858	49.42
1950-1959	28	0.00094	0.00094	0.5	96286	90	96241	4666529	48.47
1950-1959	29	0.00099	0.00099	0.5	96196	95	96148	4570288	47.51
1950-1959	30	0.00104	0.00104	0.5	96101	100	96051	4474140	46.56
1950-1959	31	0.00109	0.00109	0.5	96001	105	95949	4378089	45.60
1950-1959	32	0.00117	0.00117	0.5	95896	112	95840	4282140	44.65
1950-1959	33	0.00128	0.00128	0.5	95784	122	95723	4186300	43.71
1950-1959	34	0.00137	0.00136	0.5	95662	131	95597	4090577	42.76
1950-1959	35	0.00149	0.00149	0.5	95532	142	95461	3994980	41.82
1950-1959	36	0.00163	0.00163	0.5	95390	156	95312	3899519	40.88
1950-1959	37	0.00176	0.00176	0.5	95234	168	95150	3804208	39.95
1950-1959	38	0.00196	0.00195	0.5	95066	186	94973	3709058	39.02
1950-1959	39	0.00215	0.00215	0.5	94880	204	94779	3614084	38.09
1950-1959	40	0.00236	0.00235	0.5	94677	223	94565	3519306	37.17
1950-1959	41	0.00259	0.00258	0.5	94454	244	94332	3424740	36.26
1950-1959	42	0.00279	0.00279	0.5	94210	263	94078	3330409	35.35
1950-1959	43	0.00303	0.00302	0.5	93947	284	93805	3236330	34.45
1950-1959	44	0.00334	0.00334	0.5	93663	313	93507	3142525	33.55
1950-1959	45	0.00363	0.00362	0.5	93350	338	93181	3049019	32.66
1950-1959	46	0.00396	0.00395	0.5	93012	368	92828	2955838	31.78
1950-1959	47	0.00433	0.00432	0.5	92644	400	92444	2863009	30.90
1950-1959	48	0.00466	0.00464	0.5	92244	428	92030	2770565	30.04
1950-1959	49	0.00502	0.00501	0.5	91816	460	91586	2678535	29.17
1950-1959	50	0.00534	0.00532	0.5	91356	486	91113	2586949	28.32
1950-1959	51	0.00572	0.00570	0.5	90870	518	90611	2495836	27.47
1950-1959	52	0.00623	0.00621	0.5	90351	561	90071	2405226	26.62
1950-1959	53	0.00665	0.00663	0.5	89790	595	89493	2315155	25.78
1950-1959	54	0.00718	0.00715	0.5	89195	638	88876	2225662	24.95
1950-1959	55	0.00773	0.00770	0.5	88557	682	88216	2136786	24.13
1950-1959	56	0.00825	0.00822	0.5	87875	722	87515	2048570	23.31
1950-1959	57	0.00887	0.00883	0.5	87154	769	86769	1961055	22.50
1950-1959	58	0.00962	0.00957	0.5	86384	827	85971	1874286	21.70
1950-1959	59	0.01040	0.01034	0.5	85557	885	85115	1788315	20.90
1950-1959	60	0.01112	0.01106	0.5	84672	936	84204	1703201	20.12
1950-1959	61	0.01200	0.01192	0.5	83736	999	83237	1618997	19.33
1950-1959	62	0.01320	0.01311	0.5	82737	1085	82195	1535760	18.56
1950-1959	63	0.01453	0.01443	0.5	81652	1178	81064	1453565	17.80
1950-1959	64	0.01599	0.01586	0.5	80475	1276	79837	1372502	17.06
1950-1959	65	0.01765	0.01750	0.5	79198	1386	78506	1292665	16.32
1950-1959	66	0.01923	0.01905	0.5	77813	1482	77071	1214160	15.60
1950-1959	67	0.02144	0.02122	0.5	76330	1620	75521	1137088	14.90
1950-1959	68	0.02357	0.02329	0.5	74711	1740	73841	1061568	14.21
1950-1959	69	0.02601	0.02568	0.5	72971	1874	72034	987727	13.54
1950-1959	70	0.02864	0.02823	0.5	71097	2007	70093	915693	12.88
1950-1959	71	0.03150	0.03101	0.5	69090	2142	68019	845600	12.24
1950-1959	72	0.03519	0.03458	0.5	66947	2315	65790	777581	11.61
1950-1959	73	0.03882	0.03808	0.5	64632	2461	63401	711791	11.01
1950-1959	74	0.04346	0.04254	0.5	62171	2645	60848	648390	10.43
1950-1959	75	0.04862	0.04747	0.5	59526	2826	58113	587541	9.87
1950-1959	76	0.05348	0.05209	0.5	56700	2953	55224	529428	9.34
1950-1959	77	0.05896	0.05727	0.5	53747	3078	52208	474204	8.82
1950-1959	78	0.06545	0.06338	0.5	50669	3211	49063	421996	8.33
1950-1959	79	0.07318	0.07060	0.5	47458	3351	45782	372933	7.86
1950-1959	80	0.07637	0.07356	0.5	44107	3244	42485	327151	7.42
1950-1959	81	0.08432	0.08091	0.5	40863	3306	39209	284666	6.97
1950-1959	82	0.09354	0.08936	0.5	37556	3356	35878	245457	6.54
1950-1959	83	0.10493	0.09970	0.5	34200	3410	32495	209579	6.13
1950-1959	84	0.11552	0.10921	0.5	30791	3363	29109	177083	5.75
1950-1959	85	0.12712	0.11952	0.5	27428	3278	25789	147974	5.40
1950-1959	86	0.13950	0.13041	0.5	24150	3149	22575	122185	5.06
1950-1959	87	0.15277	0.14193	0.5	21000	2981	19510	99610	4.74
1950-1959	88	0.16843	0.15535	0.5	18020	2799	16620	80100	4.45
1950-1959	89	0.18480	0.16917	0.5	15221	2575	13933	63480	4.17
1950-1959	90	0.20032	0.18209	0.5	12646	2303	11494	49547	3.92
1950-1959	91	0.21709	0.19584	0.5	10343	2026	9330	38053	3.68
1950-1959	92	0.23683	0.21175	0.5	8318	1761	7437	28722	3.45
1950-1959	93	0.25557	0.22661	0.5	6556	1486	5813	21285	3.25
1950-1959	94	0.27674	0.24310	0.5	5071	1233	4454	15472	3.05
1950-1959	95	0.29896	0.26008	0.5	3838	998	3339	11018	2.87
1950-1959	96	0.32217	0.27747	0.5	2840	788	2446	7679	2.70
1950-1959	97	0.34629	0.29518	0.5	2052	606	1749	5233	2.55
1950-1959	98	0.37123	0.31311	0.5	1446	453	1220	3484	2.41
1950-1959	99	0.39688	0.33116	0.5	993	329	829	2265	2.28
1950-1959	100	0.42310	0.34922	0.5	664	232	548	1436	2.16
1950-1959	101	0.44976	0.36719	0.5	432	159	353	887	2.05
1950-1959	102	0.47672	0.38496	0.5	274	105	221	534	1.95
1950-1959	103	0.50381	0.40244	0.5	168	68	134	313	1.86
1950-1959	104	0.53088	0.41952	0.5	101	42	79	179	1.78
1950-1959	105	0.55777	0.43614	0.5	58	25	46	100	1.71
1950-1959	106	0.58432	0.45221	0.5	33	15	25	54	1.64
1950-1959	107	0.61040	0.46767	0.5	18	8	14	28	1.58
1950-1959	108	0.63586	0.48247	0.5	10	5	7	15	1.53
1950-1959	109	0.66057	0.49657	0.5	5	2	4	7	1.49
1950-1959	110+	0.68445	1.00000	1.46	3	3	4	4	1.46
1960-1969	0	0.01852	0.01822	0.1	100000	1822	98369	7499713	75.00
1960-1969	1	0.00124	0.00124	0.5	98178	122	98117	7401344	75.39
1960-1969	2	0.00079	0.00079	0.5	98057	78	98018	7303226	74.48
1960-1969	3	0.00059	0.00059	0.5	97979	58	97950	7205208	73.54
1960-1969	4	0.00053	0.00053	0.5	97921	52	97895	7107258	72.58
1960-1969	5	0.00045	0.00045	0.5	97869	44	97847	7009363	71.62
1960-1969	6	0.00037	0.00037	0.5	97825	36	97807	6911516	70.65
1960-1969	7	0.00034	0.00034	0.5	97790	33	97773	6813709	69.68
1960-1969	8	0.00031	0.00031	0.5	97756	30	97741	6715936	68.70
1960-1969	9	0.00026	0.00026	0.5	97726	25	97714	6618195	67.72
1960-1969	10	0.00025	0.00025	0.5	97701	24	97689	6520481	66.74
1960-1969	11	0.00027	0.00027	0.5	97677	26	97664	6422792	65.76
1960-1969	12	0.00028	0.00028	0.5	97651	27	97638	6325127	64.77
1960-1969	13	0.00030	0.00030	0.5	97624	29	97609	6227490	63.79
1960-1969	14	0.00033	0.00033	0.5	97595	32	97579	6129880	62.81
1960-1969	15	0.00039	0.00039	0.5	97563	38	97544	6032302	61.83
1960-1969	16	0.00047	0.00047	0.5	97524	46	97501	5934758	60.85
1960-1969	17	0.00059	0.00059	0.5	97478	57	97450	5837257	59.88
1960-1969	18	0.00066	0.00066	0.5	97421	64	97389	5739807	58.92
1960-1969	19	0.00070	0.00070	0.5	97357	68	97323	5642418	57.96
1960-1969	20	0.00068	0.00068	0.5	97289	67	97255	5545095	57.00
1960-1969	21	0.00070	0.00070	0.5	97222	68	97188	5447840	56.03
1960-1969	22	0.00072	0.00072	0.5	97155	70	97120	5350651	55.07
1960-1969	23	0.00074	0.00074	0.5	97084	72	97048	5253532	54.11
1960-1969	24	0.00073	0.00073	0.5	97013	70	96977	5156483	53.15
1960-1969	25	0.00079	0.00079	0.5	96942	76	96904	5059506	52.19
1960-1969	26	0.00078	0.00078	0.5	96866	76	96828	4962602	51.23
1960-1969	27	0.00085	0.00085	0.5	96790	82	96749	4865774	50.27
1960-1969	28	0.00085	0.00085	0.5	96708	82	96667	4769025	49.31
1960-1969	29	0.00089	0.00089	0.5	96626	86	96583	4672358	48.36
1960-1969	30	0.00096	0.00096	0.5	96539	93	96493	4575775	47.40
1960-1969	31	0.00105	0.00105	0.5	96446	101	96396	4479282	46.44
1960-1969	32	0.00118	0.00118	0.5	96345	114	96288	4382887	45.49
1960-1969	33	0.00125	0.00125	0.5	96231	120	96171	4286598	44.54
1960-1969	34	0.00131	0.00131	0.5	96111	126	96048	4190427	43.60
1960-1969	35	0.00142	0.00142	0.5	95985	136	95917	4094379	42.66
1960-1969	36	0.00149	0.00149	0.5	95849	143	95778	3998462	41.72
1960-1969	37	0.00168	0.00168	0.5	95706	161	95626	3902684	40.78
1960-1969	38	0.00182	0.00182	0.5	95545	174	95458	3807058	39.85
1960-1969	39	0.00206	0.00205	0.5	95371	196	95273	3711600	38.92
1960-1969	40	0.00218	0.00218	0.5	95175	208	95071	3616327	38.00
1960-1969	41	0.00229	0.00228	0.5	94968	217	94859	3521256	37.08
1960-1969	42	0.00262	0.00262	0.5	94751	248	94627	3426396	36.16
1960-1969	43	0.00291	0.00290	0.5	94503	274	94365	3331770	35.26
1960-1969	44	0.00311	0.00310	0.5	94228	292	94082	3237404	34.36
1960-1969	45	0.00344	0.00344	0.5	93936	323	93774	3143322	33.46
1960-1969	46	0.00370	0.00369	0.5	93613	346	93440	3049548	32.58
1960-1969	47	0.00400	0.00399	0.5	93267	372	93081	2956108	31.69
1960-1969	48	0.00442	0.00441	0.5	92895	410	92690	2863026	30.82
1960-1969	49	0.00475	0.00473	0.5	92485	438	92266	2770337	29.95
1960-1969	50	0.00518	0.00517	0.5	92047	476	91809	2678071	29.09
1960-1969	51	0.00552	0.00550	0.5	91571	504	91319	2586262	28.24
1960-1969	52	0.00592	0.00591	0.5	91067	538	90798	2494943	27.40
1960-1969	53	0.00659	0.00657	0.5	90529	595	90232	2404145	26.56
1960-1969	54	0.00697	0.00695	0.5	89934	625	89622	2313913	25.73
1960-1969	55	0.00729	0.00726	0.5	89310	648	88985	2224291	24.91
1960-1969	56	0.00802	0.00799	0.5	88661	708	88307	2135305	24.08
1960-1969	57	0.00857	0.00854	0.5	87953	751	87578	2046998	23.27
1960-1969	58	0.00922	0.00918	0.5	87202	800	86802	1959421	22.47
1960-1969	59	0.00979	0.00975	0.5	86402	842	85981	1872619	21.67
1960-1969	60	0.01060	0.01054	0.5	85560	902	85109	1786638	20.88
1960-1969	61	0.01124	0.01118	0.5	84658	947	84185	1701529	20.10
1960-1969	62	0.01284	0.01276	0.5	83711	1068	83177	1617345	19.32
1960-1969	63	0.01323	0.01314	0.5	82643	1086	82100	1534167	18.56
1960-1969	64	0.01461	0.01451	0.5	81557	1183	80966	1452067	17.80
1960-1969	65	0.01618	0.01605	0.5	80374	1290	79729	1371102	17.06
1960-1969	66	0.01738	0.01723	0.5	79084	1362	78403	1291373	16.33
1960-1969	67	0.01899	0.01881	0.5	77722	1462	76991	1212970	15.61
1960-1969	68	0.02096	0.02074	0.5	76260	1582	75469	1135979	14.90
1960-1969	69	0.02255	0.02230	0.5	74678	1665	73845	1060511	14.20
1960-1969	70	0.02545	0.02513	0.5	73012	1835	72095	986666	13.51
1960-1969	71	0.02729	0.02692	0.5	71177	1916	70219	914571	12.85
1960-1969	72	0.03132	0.03084	0.5	69261	2136	68193	844352	12.19
1960-1969	73	0.03445	0.03387	0.5	67125	2273	65988	776159	11.56
1960-1969	74	0.03791	0.03721	0.5	64852	2413	63645	710170	10.95
1960-1969	75	0.04298	0.04208	0.5	62439	2627	61125	646525	10.35
1960-1969	76	0.04719	0.04610	0.5	59812	2758	58433	585400	9.79
1960-1969	77	0.05129	0.05001	0.5	57054	2853	55627	526967	9.24
1960-1969	78	0.05758	0.05596	0.5	54201	3033	52684	471340	8.70
1960-1969	79	0.06311	0.06118	0.5	51168	3131	49602	418656	8.18
1960-1969	80	0.07078	0.06836	0.5	48037	3284	46395	369053	7.68
1960-1969	81	0.07580	0.07303	0.5	44753	3268	43119	322658	7.21
1960-1969	82	0.08645	0.08286	0.5	41485	3438	39766	279540	6.74
1960-1969	83	0.09747	0.09294	0.5	38047	3536	36279	239774	6.30
1960-1969	84	0.10986	0.10414	0.5	34511	3594	32714	203495	5.90
1960-1969	85	0.11853	0.11190	0.5	30917	3460	29187	170781	5.52
1960-1969	86	0.13381	0.12542	0.5	27458	3444	25736	141594	5.16
1960-1969	87	0.15043	0.13991	0.5	24014	3360	22334	115858	4.82
1960-1969	88	0.16151	0.14944	0.5	20654	3087	19111	93524	4.53
1960-1969	89	0.17752	0.16304	0.5	17567	2864	16135	74413	4.24
1960-1969	90	0.19614	0.17862	0.5	14703	2626	13390	58278	3.96
1960-1969	91	0.21138	0.19117	0.5	12077	2309	10923	44888	3.72
1960-1969	92	0.22787	0.20456	0.5	9768	1998	8769	33965	3.48
1960-1969	93	0.25409	0.22545	0.5	7770	1752	6894	25196	3.24
1960-1969	94	0.27537	0.24204	0.5	6018	1457	5290	18302	3.04
1960-1969	95	0.29886	0.26001	0.5	4562	1186	3969	13012	2.85
1960-1969	96	0.32347	0.27844	0.5	3376	940	2906	9044	2.68
1960-1969	97	0.34909	0.29721	0.5	2436	724	2074	6138	2.52
1960-1969	98	0.37562	0.31623	0.5	1712	541	1441	4064	2.37
1960-1969	99	0.40291	0.33535	0.5	1170	393	974	2623	2.24
1960-1969	100	0.43082	0.35446	0.5	778	276	640	1649	2.12
1960-1969	101	0.45917	0.37343	0.5	502	188	408	1009	2.01
1960-1969	102	0.48779	0.39215	0.5	315	123	253	601	1.91
1960-1969	103	0.51649	0.41048	0.5	191	79	152	348	1.82
1960-1969	104	0.54508	0.42834	0.5	113	48	89	196	1.74
1960-1969	105	0.57338	0.44563	0.5	64	29	50	107	1.66
1960-1969	106	0.60121	0.46225	0.5	36	17	27	57	1.59
1960-1969	107	0.62839	0.47816	0.5	19	9	15	30	1.54
1960-1969	108	0.65479	0.49329	0.5	10	5	8	15	1.49
1960-1969	109	0.68027	0.50761	0.5	5	3	4	7	1.44
1960-1969	110+	0.70471	1.00000	1.42	3	3	4	4	1.42
1970-1979	0	0.01261	0.01246	0.09	100000	1246	98864	7690745	76.91
1970-1979	1	0.00100	0.00100	0.5	98754	99	98704	7591881	76.88
1970-1979	2	0.00064	0.00064	0.5	98655	64	98623	7493177	75.95
1970-1979	3	0.00051	0.00051	0.5	98591	50	98566	7394554	75.00
1970-1979	4	0.00041	0.00041	0.5	98541	41	98521	7295988	74.04
1970-1979	5	0.00033	0.00033	0.5	98500	33	98484	7197468	73.07
1970-1979	6	0.00032	0.00032	0.5	98467	31	98452	7098984	72.09
1970-1979	7	0.00029	0.00029	0.5	98436	29	98422	7000532	71.12
1970-1979	8	0.00024	0.00024	0.5	98408	24	98396	6902110	70.14
1970-1979	9	0.00023	0.00023	0.5	98384	23	98372	6803715	69.15
1970-1979	10	0.00022	0.00022	0.5	98361	21	98350	6705342	68.17
1970-1979	11	0.00022	0.00022	0.5	98339	21	98329	6606992	67.19
1970-1979	12	0.00021	0.00021	0.5	98318	21	98308	6508664	66.20
1970-1979	13	0.00026	0.00026	0.5	98297	26	98284	6410356	65.21
1970-1979	14	0.00032	0.00032	0.5	98271	31	98256	6312072	64.23
1970-1979	15	0.00043	0.00043	0.5	98240	42	98219	6213816	63.25
1970-1979	16	0.00053	0.00053	0.5	98198	52	98172	6115598	62.28
1970-1979	17	0.00056	0.00056	0.5	98146	55	98119	6017426	61.31
1970-1979	18	0.00069	0.00069	0.5	98091	68	98057	5919307	60.35
1970-1979	19	0.00072	0.00072	0.5	98023	71	97988	5821250	59.39
1970-1979	20	0.00071	0.00071	0.5	97953	70	97918	5723262	58.43
1970-1979	21	0.00076	0.00076	0.5	97883	74	97846	5625344	57.47
1970-1979	22	0.00075	0.00075	0.5	97809	73	97772	5527498	56.51
1970-1979	23	0.00077	0.00077	0.5	97736	75	97698	5429725	55.56
1970-1979	24	0.00075	0.00074	0.5	97661	73	97624	5332027	54.60
1970-1979	25	0.00072	0.00072	0.5	97588	71	97553	5234403	53.64
1970-1979	26	0.00077	0.00077	0.5	97517	75	97480	5136850	52.68
1970-1979	27	0.00078	0.00078	0.5	97442	76	97405	5039370	51.72
1970-1979	28	0.00083	0.00083	0.5	97367	80	97327	4941966	50.76
1970-1979	29	0.00082	0.00082	0.5	97286	79	97247	4844639	49.80
1970-1979	30	0.00086	0.00086	0.5	97207	83	97165	4747392	48.84
1970-1979	31	0.00093	0.00093	0.5	97124	90	97079	4650227	47.88
1970-1979	32	0.00098	0.00098	0.5	97034	95	96986	4553148	46.92
1970-1979	33	0.00099	0.00099	0.5	96938	96	96890	4456163	45.97
1970-1979	34	0.00108	0.00108	0.5	96843	105	96790	4359272	45.01
1970-1979	35	0.00121	0.00121	0.5	96738	117	96680	4262482	44.06
1970-1979	36	0.00130	0.00130	0.5	96621	125	96559	4165802	43.11
1970-1979	37	0.00143	0.00143	0.5	96496	138	96427	4069243	42.17
1970-1979	38	0.00150	0.00150	0.5	96358	145	96285	3972817	41.23
1970-1979	39	0.00164	0.00163	0.5	96213	157	96134	3876531	40.29
1970-1979	40	0.00191	0.00191	0.5	96056	183	95964	3780397	39.36
1970-1979	41	0.00204	0.00203	0.5	95873	195	95775	3684433	38.43
1970-1979	42	0.00225	0.00224	0.5	95678	215	95570	3588657	37.51
1970-1979	43	0.00243	0.00242	0.5	95463	231	95347	3493087	36.59
1970-1979	44	0.00263	0.00263	0.5	95232	251	95106	3397740	35.68
1970-1979	45	0.00298	0.00298	0.5	94981	283	94840	3302633	34.77
1970-1979	46	0.00334	0.00334	0.5	94698	316	94540	3207793	33.87
1970-1979	47	0.00368	0.00368	0.5	94382	347	94209	3113253	32.99
1970-1979	48	0.00380	0.00379	0.5	94035	356	93857	3019044	32.11
1970-1979	49	0.00421	0.00420	0.5	93679	394	93482	2925187	31.23
1970-1979	50	0.00454	0.00452	0.5	93285	422	93074	2831705	30.36
1970-1979	51	0.00500	0.00499	0.5	92863	463	92632	2738631	29.49
1970-1979	52	0.00536	0.00535	0.5	92400	494	92153	2645999	28.64
1970-1979	53	0.00582	0.00580	0.5	91906	533	91639	2553846	27.79
1970-1979	54	0.00619	0.00618	0.5	91373	564	91090	2462207	26.95
1970-1979	55	0.00672	0.00670	0.5	90808	608	90504	2371117	26.11
1970-1979	56	0.00731	0.00729	0.5	90200	657	89872	2280612	25.28
1970-1979	57	0.00803	0.00800	0.5	89543	716	89185	2190741	24.47
1970-1979	58	0.00853	0.00850	0.5	88827	755	88450	2101555	23.66
1970-1979	59	0.00953	0.00948	0.5	88072	835	87655	2013106	22.86
1970-1979	60	0.00999	0.00994	0.5	87237	867	86804	1925451	22.07
1970-1979	61	0.01074	0.01068	0.5	86371	923	85909	1838647	21.29
1970-1979	62	0.01199	0.01192	0.5	85448	1019	84938	1752738	20.51
1970-1979	63	0.01255	0.01248	0.5	84429	1053	83903	1667799	19.75
1970-1979	64	0.01382	0.01372	0.5	83376	1144	82804	1583897	19.00
1970-1979	65	0.01480	0.01470	0.5	82232	1208	81628	1501093	18.25
1970-1979	66	0.01552	0.01540	0.5	81023	1248	80400	1419465	17.52
1970-1979	67	0.01676	0.01662	0.5	79776	1326	79113	1339065	16.79
1970-1979	68	0.01816	0.01800	0.5	78450	1412	77744	1259952	16.06
1970-1979	69	0.02000	0.01980	0.5	77038	1526	76275	1182208	15.35
1970-1979	70	0.02210	0.02186	0.5	75512	1650	74687	1105933	14.65
1970-1979	71	0.02426	0.02397	0.5	73862	1771	72977	1031246	13.96
1970-1979	72	0.02649	0.02614	0.5	72091	1885	71149	958269	13.29
1970-1979	73	0.02893	0.02852	0.5	70207	2002	69206	887120	12.64
1970-1979	74	0.03210	0.03159	0.5	68205	2154	67127	817915	11.99
1970-1979	75	0.03596	0.03533	0.5	66050	2333	64883	750787	11.37
1970-1979	76	0.03926	0.03850	0.5	63717	2453	62490	685904	10.76
1970-1979	77	0.04332	0.04240	0.5	61263	2598	59965	623413	10.18
1970-1979	78	0.04839	0.04724	0.5	58666	2772	57280	563449	9.60
1970-1979	79	0.05380	0.05239	0.5	55894	2928	54430	506169	9.06
1970-1979	80	0.05941	0.05769	0.5	52966	3056	51438	451739	8.53
1970-1979	81	0.06436	0.06236	0.5	49910	3112	48354	400300	8.02
1970-1979	82	0.07219	0.06968	0.5	46798	3261	45168	351946	7.52
1970-1979	83	0.08118	0.07801	0.5	43537	3396	41839	306778	7.05
1970-1979	84	0.09064	0.08671	0.5	40141	3481	38401	264939	6.60
1970-1979	85	0.10002	0.09526	0.5	36660	3492	34914	226538	6.18
1970-1979	86	0.11192	0.10599	0.5	33168	3515	31410	191624	5.78
1970-1979	87	0.12418	0.11692	0.5	29653	3467	27919	160214	5.40
1970-1979	88	0.13700	0.12821	0.5	26186	3357	24507	132294	5.05
1970-1979	89	0.14997	0.13951	0.5	22828	3185	21236	107787	4.72
1970-1979	90	0.17082	0.15738	0.5	19644	3092	18098	86551	4.41
1970-1979	91	0.18074	0.16576	0.5	16552	2744	15180	68453	4.14
1970-1979	92	0.20115	0.18277	0.5	13808	2524	12546	53273	3.86
1970-1979	93	0.22321	0.20080	0.5	11285	2266	10152	40727	3.61
1970-1979	94	0.23888	0.21339	0.5	9019	1924	8056	30575	3.39
1970-1979	95	0.26042	0.23042	0.5	7094	1635	6277	22519	3.17
1970-1979	96	0.28318	0.24806	0.5	5460	1354	4782	16242	2.97
1970-1979	97	0.30711	0.26623	0.5	4105	1093	3559	11459	2.79
1970-1979	98	0.33212	0.28482	0.5	3012	858	2583	7901	2.62
1970-1979	99	0.35812	0.30373	0.5	2154	654	1827	5317	2.47
1970-1979	100	0.38498	0.32284	0.5	1500	484	1258	3490	2.33
1970-1979	101	0.41256	0.34201	0.5	1016	347	842	2232	2.20
1970-1979	102	0.44069	0.36112	0.5	668	241	548	1390	2.08
1970-1979	103	0.46922	0.38005	0.5	427	162	346	843	1.97
1970-1979	104	0.49794	0.39868	0.5	265	106	212	497	1.88
1970-1979	105	0.52669	0.41690	0.5	159	66	126	285	1.79
1970-1979	106	0.55525	0.43460	0.5	93	40	73	159	1.71
1970-1979	107	0.58345	0.45169	0.5	52	24	41	86	1.64
1970-1979	108	0.61112	0.46809	0.5	29	13	22	46	1.58
1970-1979	109	0.63809	0.48375	0.5	15	7	12	23	1.54
1970-1979	110+	0.66422	1.00000	1.51	8	8	12	12	1.51
1980-1989	0	0.00882	0.00875	0.08	100000	875	99193	7859781	78.60
1980-1989	1	0.00080	0.00079	0.5	99125	79	99086	7760587	78.29
1980-1989	2	0.00047	0.00047	0.5	99046	47	99023	7661502	77.35
1980-1989	3	0.00033	0.00033	0.5	98999	33	98983	7562479	76.39
1980-1989	4	0.00026	0.00026	0.5	98966	26	98954	7463496	75.41
1980-1989	5	0.00024	0.00024	0.5	98941	23	98929	7364542	74.43
1980-1989	6	0.00021	0.00021	0.5	98917	21	98907	7265613	73.45
1980-1989	7	0.00021	0.00021	0.5	98896	21	98886	7166706	72.47
1980-1989	8	0.00021	0.00021	0.5	98875	21	98865	7067821	71.48
1980-1989	9	0.00017	0.00017	0.5	98854	17	98846	6968956	70.50
1980-1989	10	0.00015	0.00015	0.5	98838	15	98830	6870110	69.51
1980-1989	11	0.00016	0.00016	0.5	98822	16	98814	6771280	68.52
1980-1989	12	0.00019	0.00019	0.5	98806	19	98797	6672466	67.53
1980-1989	13	0.00022	0.00022	0.5	98787	22	98776	6573669	66.54
1980-1989	14	0.00027	0.00027	0.5	98765	26	98752	6474893	65.56
1980-1989	15	0.00036	0.00036	0.5	98739	35	98721	6376141	64.58
1980-1989	16	0.00044	0.00044	0.5	98703	43	98682	6277420	63.60
1980-1989	17	0.00050	0.00050	0.5	98660	49	98635	6178738	62.63
1980-1989	18	0.00059	0.00059	0.5	98611	58	98582	6080103	61.66
1980-1989	19	0.00056	0.00056	0.5	98553	55	98526	5981521	60.69
1980-1989	20	0.00052	0.00052	0.5	98498	51	98473	5882995	59.73
1980-1989	21	0.00055	0.00055	0.5	98447	54	98420	5784522	58.76
1980-1989	22	0.00057	0.00057	0.5	98392	56	98365	5686103	57.79
1980-1989	23	0.00055	0.00055	0.5	98337	54	98310	5587738	56.82
1980-1989	24	0.00055	0.00055	0.5	98283	54	98256	5489429	55.85
1980-1989	25	0.00059	0.00059	0.5	98229	58	98200	5391173	54.88
1980-1989	26	0.00063	0.00063	0.5	98171	62	98140	5292973	53.92
1980-1989	27	0.00060	0.00060	0.5	98109	59	98080	5194833	52.95
1980-1989	28	0.00066	0.00065	0.5	98050	64	98018	5096754	51.98
1980-1989	29	0.00065	0.00065	0.5	97986	63	97954	4998735	51.01
1980-1989	30	0.00066	0.00066	0.5	97923	65	97890	4900781	50.05
1980-1989	31	0.00072	0.00072	0.5	97858	70	97823	4802891	49.08
1980-1989	32	0.00078	0.00078	0.5	97788	76	97750	4705068	48.12
1980-1989	33	0.00078	0.00078	0.5	97712	77	97673	4607319	47.15
1980-1989	34	0.00085	0.00085	0.5	97635	83	97594	4509645	46.19
1980-1989	35	0.00092	0.00092	0.5	97552	89	97508	4412052	45.23
1980-1989	36	0.00102	0.00102	0.5	97463	99	97413	4314544	44.27
1980-1989	37	0.00103	0.00103	0.5	97364	101	97314	4217131	43.31
1980-1989	38	0.00120	0.00120	0.5	97263	117	97205	4119817	42.36
1980-1989	39	0.00122	0.00122	0.5	97146	119	97087	4022612	41.41
1980-1989	40	0.00139	0.00139	0.5	97027	135	96960	3925525	40.46
1980-1989	41	0.00149	0.00149	0.5	96893	145	96820	3828565	39.51
1980-1989	42	0.00170	0.00169	0.5	96748	164	96666	3731745	38.57
1980-1989	43	0.00184	0.00184	0.5	96584	177	96496	3635079	37.64
1980-1989	44	0.00204	0.00204	0.5	96407	196	96309	3538583	36.70
1980-1989	45	0.00222	0.00222	0.5	96210	214	96104	3442275	35.78
1980-1989	46	0.00244	0.00243	0.5	95997	234	95880	3346171	34.86
1980-1989	47	0.00266	0.00265	0.5	95763	254	95636	3250291	33.94
1980-1989	48	0.00319	0.00318	0.5	95509	304	95357	3154655	33.03
1980-1989	49	0.00325	0.00325	0.5	95205	309	95050	3059298	32.13
1980-1989	50	0.00356	0.00356	0.5	94896	338	94727	2964248	31.24
1980-1989	51	0.00414	0.00413	0.5	94558	390	94363	2869521	30.35
1980-1989	52	0.00449	0.00448	0.5	94168	422	93957	2775157	29.47
1980-1989	53	0.00479	0.00478	0.5	93746	448	93522	2681200	28.60
1980-1989	54	0.00516	0.00515	0.5	93298	480	93058	2587678	27.74
1980-1989	55	0.00574	0.00572	0.5	92818	531	92552	2494620	26.88
1980-1989	56	0.00638	0.00636	0.5	92287	587	91994	2402068	26.03
1980-1989	57	0.00687	0.00684	0.5	91700	627	91387	2310074	25.19
1980-1989	58	0.00786	0.00783	0.5	91073	713	90717	2218688	24.36
1980-1989	59	0.00817	0.00814	0.5	90360	735	89992	2127971	23.55
1980-1989	60	0.00913	0.00909	0.5	89625	814	89217	2037979	22.74
1980-1989	61	0.00989	0.00984	0.5	88810	874	88373	1948761	21.94
1980-1989	62	0.01111	0.01105	0.5	87936	972	87450	1860388	21.16
1980-1989	63	0.01178	0.01171	0.5	86964	1018	86455	1772938	20.39
1980-1989	64	0.01238	0.01230	0.5	85946	1057	85417	1686483	19.62
1980-1989	65	0.01361	0.01352	0.5	84889	1148	84315	1601066	18.86
1980-1989	66	0.01479	0.01468	0.5	83741	1229	83126	1516751	18.11
1980-1989	67	0.01598	0.01586	0.5	82512	1308	81857	1433624	17.37
1980-1989	68	0.01771	0.01755	0.5	81203	1425	80491	1351767	16.65
1980-1989	69	0.01858	0.01841	0.5	79778	1468	79044	1271276	15.94
1980-1989	70	0.02105	0.02083	0.5	78309	1631	77494	1192233	15.22
1980-1989	71	0.02258	0.02232	0.5	76678	1712	75822	1114739	14.54
1980-1989	72	0.02541	0.02509	0.5	74966	1881	74026	1038917	13.86
1980-1989	73	0.02784	0.02746	0.5	73086	2007	72082	964891	13.20
1980-1989	74	0.02958	0.02915	0.5	71079	2072	70042	892809	12.56
1980-1989	75	0.03260	0.03208	0.5	69006	2214	67900	822767	11.92
1980-1989	76	0.03625	0.03561	0.5	66793	2378	65604	754867	11.30
1980-1989	77	0.03950	0.03874	0.5	64414	2495	63167	689263	10.70
1980-1989	78	0.04233	0.04145	0.5	61919	2566	60636	626096	10.11
1980-1989	79	0.04716	0.04607	0.5	59353	2734	57986	565460	9.53
1980-1989	80	0.05401	0.05259	0.5	56618	2977	55130	507475	8.96
1980-1989	81	0.05947	0.05776	0.5	53641	3098	52092	452345	8.43
1980-1989	82	0.06726	0.06507	0.5	50543	3289	48899	400253	7.92
1980-1989	83	0.07393	0.07130	0.5	47254	3369	45570	351354	7.44
1980-1989	84	0.08163	0.07843	0.5	43885	3442	42164	305785	6.97
1980-1989	85	0.09104	0.08708	0.5	40443	3522	38682	263621	6.52
1980-1989	86	0.10262	0.09761	0.5	36921	3604	35119	224939	6.09
1980-1989	87	0.11278	0.10676	0.5	33317	3557	31539	189819	5.70
1980-1989	88	0.12626	0.11876	0.5	29760	3534	27993	158281	5.32
1980-1989	89	0.13963	0.13052	0.5	26226	3423	24514	130287	4.97
1980-1989	90	0.15375	0.14277	0.5	22803	3256	21175	105773	4.64
1980-1989	91	0.16813	0.15509	0.5	19547	3032	18031	84598	4.33
1980-1989	92	0.18833	0.17212	0.5	16516	2843	15094	66566	4.03
1980-1989	93	0.20843	0.18876	0.5	13673	2581	12383	51472	3.76
1980-1989	94	0.22591	0.20298	0.5	11092	2251	9966	39089	3.52
1980-1989	95	0.24711	0.21994	0.5	8841	1944	7868	29123	3.29
1980-1989	96	0.26961	0.23759	0.5	6896	1638	6077	21254	3.08
1980-1989	97	0.29337	0.25584	0.5	5258	1345	4585	15177	2.89
1980-1989	98	0.31830	0.27460	0.5	3913	1074	3375	10592	2.71
1980-1989	99	0.34432	0.29375	0.5	2838	834	2421	7217	2.54
1980-1989	100	0.37131	0.31317	0.5	2005	628	1691	4795	2.39
1980-1989	101	0.39912	0.33272	0.5	1377	458	1148	3105	2.26
1980-1989	102	0.42760	0.35228	0.5	919	324	757	1957	2.13
1980-1989	103	0.45657	0.37172	0.5	595	221	484	1200	2.02
1980-1989	104	0.48584	0.39089	0.5	374	146	301	716	1.91
1980-1989	105	0.51520	0.40967	0.5	228	93	181	415	1.82
1980-1989	106	0.54446	0.42796	0.5	134	58	106	234	1.74
1980-1989	107	0.57342	0.44565	0.5	77	34	60	128	1.67
1980-1989	108	0.60188	0.46265	0.5	43	20	33	68	1.60
1980-1989	109	0.62967	0.47890	0.5	23	11	17	36	1.55
1980-1989	110+	0.65663	1.00000	1.52	12	12	18	18	1.52
1990-1999	0	0.00622	0.00618	0.07	100000	618	99425	7981875	79.82
1990-1999	1	0.00053	0.00053	0.5	99382	53	99355	7882450	79.31
1990-1999	2	0.00032	0.00032	0.5	99329	32	99313	7783095	78.36
1990-1999	3	0.00025	0.00025	0.5	99297	24	99285	7683782	77.38
1990-1999	4	0.00020	0.00020	0.5	99273	20	99263	7584497	76.40
1990-1999	5	0.00017	0.00017	0.5	99253	17	99245	7485234	75.42
1990-1999	6	0.00015	0.00015	0.5	99236	15	99229	7385990	74.43
1990-1999	7	0.00016	0.00016	0.5	99221	15	99213	7286761	73.44
1990-1999	8	0.00014	0.00014	0.5	99205	14	99198	7187548	72.45
1990-1999	9	0.00013	0.00013	0.5	99191	13	99185	7088350	71.46
1990-1999	10	0.00013	0.00013	0.5	99178	13	99172	6989165	70.47
1990-1999	11	0.00013	0.00013	0.5	99165	13	99158	6889993	69.48
1990-1999	12	0.00016	0.00016	0.5	99152	16	99144	6790835	68.49
1990-1999	13	0.00018	0.00018	0.5	99136	17	99127	6691691	67.50
1990-1999	14	0.00024	0.00024	0.5	99118	24	99106	6592564	66.51
1990-1999	15	0.00028	0.00028	0.5	99094	28	99080	6493458	65.53
1990-1999	16	0.00035	0.00035	0.5	99066	35	99049	6394378	64.55
1990-1999	17	0.00042	0.00042	0.5	99031	41	99011	6295329	63.57
1990-1999	18	0.00045	0.00045	0.5	98990	44	98968	6196319	62.60
1990-1999	19	0.00044	0.00044	0.5	98946	44	98924	6097351	61.62
1990-1999	20	0.00046	0.00046	0.5	98902	45	98879	5998427	60.65
1990-1999	21	0.00046	0.00046	0.5	98857	45	98834	5899547	59.68
1990-1999	22	0.00046	0.00046	0.5	98811	45	98789	5800713	58.70
1990-1999	23	0.00043	0.00043	0.5	98766	43	98745	5701924	57.73
1990-1999	24	0.00044	0.00044	0.5	98724	44	98702	5603180	56.76
1990-1999	25	0.00045	0.00045	0.5	98680	44	98658	5504478	55.78
1990-1999	26	0.00048	0.00048	0.5	98635	47	98612	5405820	54.81
1990-1999	27	0.00049	0.00049	0.5	98588	49	98564	5307209	53.83
1990-1999	28	0.00052	0.00052	0.5	98539	52	98513	5208645	52.86
1990-1999	29	0.00053	0.00053	0.5	98488	53	98461	5110132	51.89
1990-1999	30	0.00055	0.00055	0.5	98435	55	98408	5011670	50.91
1990-1999	31	0.00063	0.00063	0.5	98380	62	98350	4913263	49.94
1990-1999	32	0.00068	0.00068	0.5	98319	67	98285	4814913	48.97
1990-1999	33	0.00075	0.00075	0.5	98252	74	98215	4716628	48.01
1990-1999	34	0.00080	0.00080	0.5	98178	79	98139	4618413	47.04
1990-1999	35	0.00084	0.00084	0.5	98099	83	98058	4520275	46.08
1990-1999	36	0.00090	0.00090	0.5	98016	88	97972	4422217	45.12
1990-1999	37	0.00100	0.00100	0.5	97929	98	97879	4324244	44.16
1990-1999	38	0.00113	0.00113	0.5	97830	111	97775	4226365	43.20
1990-1999	39	0.00118	0.00118	0.5	97720	115	97662	4128590	42.25
1990-1999	40	0.00128	0.00128	0.5	97605	125	97542	4030928	41.30
1990-1999	41	0.00143	0.00143	0.5	97480	139	97410	3933385	40.35
1990-1999	42	0.00152	0.00152	0.5	97341	148	97267	3835975	39.41
1990-1999	43	0.00170	0.00170	0.5	97193	165	97111	3738707	38.47
1990-1999	44	0.00183	0.00183	0.5	97028	178	96939	3641597	37.53
1990-1999	45	0.00196	0.00196	0.5	96850	190	96755	3544657	36.60
1990-1999	46	0.00216	0.00215	0.5	96661	208	96557	3447902	35.67
1990-1999	47	0.00236	0.00236	0.5	96452	227	96339	3351345	34.75
1990-1999	48	0.00263	0.00263	0.5	96225	253	96098	3255007	33.83
1990-1999	49	0.00274	0.00274	0.5	95972	263	95841	3158908	32.91
1990-1999	50	0.00299	0.00299	0.5	95709	286	95566	3063068	32.00
1990-1999	51	0.00340	0.00339	0.5	95424	324	95262	2967501	31.10
1990-1999	52	0.00381	0.00380	0.5	95100	362	94919	2872239	30.20
1990-1999	53	0.00423	0.00422	0.5	94738	400	94538	2777320	29.32
1990-1999	54	0.00443	0.00442	0.5	94339	417	94130	2682782	28.44
1990-1999	55	0.00492	0.00491	0.5	93921	461	93691	2588652	27.56
1990-1999	56	0.00542	0.00541	0.5	93460	505	93207	2494961	26.70
1990-1999	57	0.00603	0.00602	0.5	92955	559	92675	2401754	25.84
1990-1999	58	0.00675	0.00672	0.5	92396	621	92085	2309079	24.99
1990-1999	59	0.00722	0.00720	0.5	91774	660	91444	2216993	24.16
1990-1999	60	0.00794	0.00790	0.5	91114	720	90754	2125549	23.33
1990-1999	61	0.00895	0.00891	0.5	90394	805	89991	2034795	22.51
1990-1999	62	0.00970	0.00965	0.5	89589	865	89156	1944804	21.71
1990-1999	63	0.01050	0.01044	0.5	88724	926	88260	1855648	20.91
1990-1999	64	0.01118	0.01111	0.5	87797	976	87309	1767388	20.13
1990-1999	65	0.01229	0.01222	0.5	86821	1061	86291	1680078	19.35
1990-1999	66	0.01338	0.01329	0.5	85761	1140	85191	1593787	18.58
1990-1999	67	0.01456	0.01446	0.5	84621	1224	84009	1508597	17.83
1990-1999	68	0.01636	0.01622	0.5	83397	1353	82721	1424588	17.08
1990-1999	69	0.01735	0.01721	0.5	82044	1412	81339	1341867	16.36
1990-1999	70	0.01920	0.01902	0.5	80633	1534	79866	1260528	15.63
1990-1999	71	0.02126	0.02104	0.5	79099	1664	78267	1180662	14.93
1990-1999	72	0.02357	0.02329	0.5	77435	1804	76533	1102396	14.24
1990-1999	73	0.02564	0.02531	0.5	75631	1914	74674	1025863	13.56
1990-1999	74	0.02699	0.02663	0.5	73717	1963	72735	951189	12.90
1990-1999	75	0.03023	0.02978	0.5	71754	2137	70685	878453	12.24
1990-1999	76	0.03328	0.03274	0.5	69617	2279	68478	807768	11.60
1990-1999	77	0.03674	0.03608	0.5	67338	2430	66123	739290	10.98
1990-1999	78	0.03982	0.03905	0.5	64909	2534	63641	673167	10.37
1990-1999	79	0.04404	0.04309	0.5	62374	2688	61030	609525	9.77
1990-1999	80	0.05101	0.04974	0.5	59687	2969	58202	548495	9.19
1990-1999	81	0.05608	0.05455	0.5	56718	3094	55171	490293	8.64
1990-1999	82	0.06248	0.06059	0.5	53624	3249	51999	435122	8.11
1990-1999	83	0.07032	0.06793	0.5	50375	3422	48664	383122	7.61
1990-1999	84	0.07829	0.07534	0.5	46953	3538	45184	334458	7.12
1990-1999	85	0.08639	0.08282	0.5	43416	3596	41618	289274	6.66
1990-1999	86	0.09690	0.09242	0.5	39820	3680	37980	247656	6.22
1990-1999	87	0.10775	0.10224	0.5	36140	3695	34292	209676	5.80
1990-1999	88	0.11979	0.11302	0.5	32445	3667	30611	175384	5.41
1990-1999	89	0.13381	0.12542	0.5	28778	3609	26973	144773	5.03
1990-1999	90	0.14929	0.13892	0.5	25169	3496	23420	117800	4.68
1990-1999	91	0.16510	0.15251	0.5	21672	3305	20020	94379	4.35
1990-1999	92	0.18366	0.16821	0.5	18367	3090	16822	74360	4.05
1990-1999	93	0.20715	0.18771	0.5	15277	2868	13844	57538	3.77
1990-1999	94	0.22420	0.20160	0.5	12410	2502	11159	43694	3.52
1990-1999	95	0.24620	0.21921	0.5	9908	2172	8822	32535	3.28
1990-1999	96	0.26960	0.23758	0.5	7736	1838	6817	23713	3.07
1990-1999	97	0.29437	0.25660	0.5	5898	1513	5141	16896	2.86
1990-1999	98	0.32041	0.27616	0.5	4385	1211	3779	11755	2.68
1990-1999	99	0.34762	0.29614	0.5	3174	940	2704	7976	2.51
1990-1999	100	0.37586	0.31640	0.5	2234	707	1880	5272	2.36
1990-1999	101	0.40497	0.33678	0.5	1527	514	1270	3391	2.22
1990-1999	102	0.43476	0.35713	0.5	1013	362	832	2121	2.09
1990-1999	103	0.46504	0.37731	0.5	651	246	528	1290	1.98
1990-1999	104	0.49557	0.39716	0.5	405	161	325	761	1.88
1990-1999	105	0.52614	0.41656	0.5	244	102	194	436	1.79
1990-1999	106	0.55651	0.43537	0.5	143	62	112	243	1.70
1990-1999	107	0.58647	0.45349	0.5	81	37	62	131	1.63
1990-1999	108	0.61580	0.47083	0.5	44	21	34	69	1.57
1990-1999	109	0.64431	0.48732	0.5	23	11	18	35	1.52
1990-1999	110+	0.67183	1.00000	1.49	12	12	18	18	1.49
2000-2009	0	0.00496	0.00494	0.07	100000	494	99539	8117742	81.18
2000-2009	1	0.00038	0.00038	0.5	99506	38	99487	8018203	80.58
2000-2009	2	0.00023	0.00023	0.5	99469	23	99457	7918715	79.61
2000-2009	3	0.00016	0.00016	0.5	99446	16	99438	7819258	78.63
2000-2009	4	0.00015	0.00015	0.5	99430	15	99422	7719821	77.64
2000-2009	5	0.00014	0.00014	0.5	99415	14	99408	7620399	76.65
2000-2009	6	0.00012	0.00012	0.5	99401	12	99395	7520991	75.66
2000-2009	7	0.00010	0.00010	0.5	99389	10	99384	7421596	74.67
2000-2009	8	0.00011	0.00011	0.5	99379	11	99373	7322212	73.68
2000-2009	9	0.00011	0.00011	0.5	99368	11	99362	7222839	72.69
2000-2009	10	0.00010	0.00010	0.5	99356	10	99351	7123477	71.70
2000-2009	11	0.00011	0.00011	0.5	99346	11	99341	7024126	70.70
2000-2009	12	0.00012	0.00012	0.5	99335	12	99329	6924785	69.71
2000-2009	13	0.00014	0.00014	0.5	99324	13	99317	6825455	68.72
2000-2009	14	0.00017	0.00017	0.5	99310	17	99302	6726139	67.73
2000-2009	15	0.00020	0.00020	0.5	99293	20	99283	6626837	66.74
2000-2009	16	0.00026	0.00026	0.5	99274	26	99261	6527554	65.75
2000-2009	17	0.00030	0.00030	0.5	99248	30	99233	6428293	64.77
2000-2009	18	0.00037	0.00037	0.5	99218	37	99200	6329060	63.79
2000-2009	19	0.00037	0.00037	0.5	99181	37	99163	6229860	62.81
2000-2009	20	0.00038	0.00038	0.5	99145	37	99126	6130697	61.84
2000-2009	21	0.00040	0.00040	0.5	99107	39	99088	6031571	60.86
2000-2009	22	0.00038	0.00038	0.5	99068	37	99049	5932483	59.88
2000-2009	23	0.00037	0.00037	0.5	99031	37	99012	5833434	58.91
2000-2009	24	0.00038	0.00038	0.5	98994	37	98975	5734422	57.93
2000-2009	25	0.00039	0.00039	0.5	98956	38	98937	5635447	56.95
2000-2009	26	0.00042	0.00042	0.5	98918	42	98897	5536510	55.97
2000-2009	27	0.00041	0.00041	0.5	98876	41	98856	5437613	54.99
2000-2009	28	0.00042	0.00042	0.5	98836	42	98815	5338757	54.02
2000-2009	29	0.00045	0.00045	0.5	98794	45	98772	5239942	53.04
2000-2009	30	0.00046	0.00046	0.5	98749	45	98727	5141170	52.06
2000-2009	31	0.00053	0.00053	0.5	98704	52	98678	5042443	51.09
2000-2009	32	0.00055	0.00055	0.5	98652	54	98625	4943765	50.11
2000-2009	33	0.00061	0.00061	0.5	98598	60	98568	4845140	49.14
2000-2009	34	0.00066	0.00066	0.5	98538	65	98506	4746572	48.17
2000-2009	35	0.00072	0.00072	0.5	98473	71	98438	4648067	47.20
2000-2009	36	0.00075	0.00075	0.5	98402	74	98365	4549629	46.24
2000-2009	37	0.00083	0.00083	0.5	98328	82	98287	4451264	45.27
2000-2009	38	0.00094	0.00094	0.5	98246	93	98200	4352976	44.31
2000-2009	39	0.00108	0.00108	0.5	98154	106	98101	4254776	43.35
2000-2009	40	0.00117	0.00117	0.5	98048	114	97990	4156675	42.39
2000-2009	41	0.00127	0.00127	0.5	97933	124	97871	4058685	41.44
2000-2009	42	0.00141	0.00141	0.5	97809	138	97740	3960814	40.50
2000-2009	43	0.00158	0.00158	0.5	97671	154	97594	3863073	39.55
2000-2009	44	0.00173	0.00173	0.5	97517	168	97433	3765479	38.61
2000-2009	45	0.00190	0.00190	0.5	97349	185	97257	3668046	37.68
2000-2009	46	0.00207	0.00207	0.5	97164	201	97064	3570789	36.75
2000-2009	47	0.00227	0.00227	0.5	96963	220	96853	3473726	35.83
2000-2009	48	0.00244	0.00244	0.5	96743	236	96625	3376873	34.91
2000-2009	49	0.00265	0.00265	0.5	96507	256	96379	3280248	33.99
2000-2009	50	0.00288	0.00288	0.5	96251	277	96113	3183869	33.08
2000-2009	51	0.00309	0.00309	0.5	95974	296	95826	3087756	32.17
2000-2009	52	0.00339	0.00338	0.5	95678	323	95516	2991930	31.27
2000-2009	53	0.00370	0.00370	0.5	95354	353	95178	2896414	30.38
2000-2009	54	0.00387	0.00387	0.5	95002	367	94818	2801236	29.49
2000-2009	55	0.00418	0.00417	0.5	94635	395	94437	2706418	28.60
2000-2009	56	0.00460	0.00459	0.5	94240	432	94024	2611980	27.72
2000-2009	57	0.00495	0.00494	0.5	93808	463	93576	2517956	26.84
2000-2009	58	0.00541	0.00540	0.5	93344	504	93092	2424380	25.97
2000-2009	59	0.00600	0.00598	0.5	92840	555	92563	2331288	25.11
2000-2009	60	0.00664	0.00661	0.5	92285	610	91980	2238725	24.26
2000-2009	61	0.00710	0.00707	0.5	91675	648	91351	2146745	23.42
2000-2009	62	0.00783	0.00780	0.5	91026	710	90671	2055395	22.58
2000-2009	63	0.00854	0.00850	0.5	90316	768	89932	1964724	21.75
2000-2009	64	0.00940	0.00936	0.5	89548	838	89129	1874791	20.94
2000-2009	65	0.01039	0.01034	0.5	88710	917	88251	1785662	20.13
2000-2009	66	0.01114	0.01108	0.5	87793	972	87307	1697411	19.33
2000-2009	67	0.01236	0.01228	0.5	86820	1066	86287	1610104	18.55
2000-2009	68	0.01344	0.01335	0.5	85754	1145	85182	1523817	17.77
2000-2009	69	0.01482	0.01471	0.5	84609	1245	83987	1438635	17.00
2000-2009	70	0.01641	0.01628	0.5	83365	1357	82686	1354648	16.25
2000-2009	71	0.01785	0.01769	0.5	82008	1451	81282	1271962	15.51
2000-2009	72	0.01976	0.01956	0.5	80557	1576	79769	1190680	14.78
2000-2009	73	0.02154	0.02131	0.5	78981	1683	78139	1110911	14.07
2000-2009	74	0.02419	0.02390	0.5	77298	1847	76374	1032772	13.36
2000-2009	75	0.02659	0.02624	0.5	75450	1980	74460	956398	12.68
2000-2009	76	0.02893	0.02851	0.5	73471	2095	72423	881938	12.00
2000-2009	77	0.03220	0.03169	0.5	71376	2262	70245	809515	11.34
2000-2009	78	0.03540	0.03479	0.5	69114	2404	67912	739270	10.70
2000-2009	79	0.03951	0.03874	0.5	66709	2585	65417	671358	10.06
2000-2009	80	0.04645	0.04539	0.5	64125	2911	62669	605941	9.45
2000-2009	81	0.05145	0.05016	0.5	61214	3070	59679	543272	8.87
2000-2009	82	0.05809	0.05646	0.5	58144	3283	56502	483593	8.32
2000-2009	83	0.06437	0.06237	0.5	54861	3421	53150	427090	7.78
2000-2009	84	0.07255	0.07001	0.5	51440	3601	49639	373940	7.27
2000-2009	85	0.08108	0.07792	0.5	47839	3728	45975	324301	6.78
2000-2009	86	0.09163	0.08762	0.5	44111	3865	42179	278326	6.31
2000-2009	87	0.10269	0.09767	0.5	40246	3931	38281	236147	5.87
2000-2009	88	0.11589	0.10954	0.5	36315	3978	34326	197867	5.45
2000-2009	89	0.12971	0.12181	0.5	32337	3939	30368	163541	5.06
2000-2009	90	0.14615	0.13619	0.5	28398	3868	26464	133173	4.69
2000-2009	91	0.16412	0.15167	0.5	24530	3721	22670	106709	4.35
2000-2009	92	0.18287	0.16755	0.5	20810	3487	19067	84039	4.04
2000-2009	93	0.20293	0.18424	0.5	17323	3192	15727	64972	3.75
2000-2009	94	0.22437	0.20174	0.5	14132	2851	12706	49245	3.48
2000-2009	95	0.24777	0.22046	0.5	11281	2487	10037	36539	3.24
2000-2009	96	0.27276	0.24003	0.5	8794	2111	7738	26501	3.01
2000-2009	97	0.29927	0.26032	0.5	6683	1740	5813	18763	2.81
2000-2009	98	0.32719	0.28119	0.5	4943	1390	4248	12950	2.62
2000-2009	99	0.35639	0.30249	0.5	3553	1075	3016	8701	2.45
2000-2009	100	0.38670	0.32405	0.5	2478	803	2077	5685	2.29
2000-2009	101	0.41792	0.34568	0.5	1675	579	1386	3608	2.15
2000-2009	102	0.44981	0.36722	0.5	1096	403	895	2223	2.03
2000-2009	103	0.48211	0.38847	0.5	694	269	559	1328	1.91
2000-2009	104	0.51457	0.40927	0.5	424	174	337	769	1.81
2000-2009	105	0.54690	0.42946	0.5	251	108	197	431	1.72
2000-2009	106	0.57884	0.44892	0.5	143	64	111	235	1.64
2000-2009	107	0.61014	0.46751	0.5	79	37	60	124	1.57
2000-2009	108	0.64055	0.48516	0.5	42	20	32	63	1.51
2000-2009	109	0.66987	0.50180	0.5	22	11	16	32	1.46
2000-2009	110+	0.69794	1.00000	1.43	11	11	15	15	1.43
2010-2019	0	0.00408	0.00406	0.06	100000	406	99620	8282283	82.82
2010-2019	1	0.00027	0.00027	0.5	99594	27	99580	8182663	82.16
2010-2019	2	0.00017	0.00017	0.5	99567	17	99558	8083083	81.18
2010-2019	3	0.00013	0.00013	0.5	99550	13	99543	7983525	80.20
2010-2019	4	0.00011	0.00011	0.5	99537	10	99531	7883981	79.21
2010-2019	5	0.00010	0.00010	0.5	99526	10	99521	7784450	78.22
2010-2019	6	0.00009	0.00009	0.5	99516	9	99512	7684929	77.22
2010-2019	7	0.00008	0.00008	0.5	99507	8	99503	7585417	76.23
2010-2019	8	0.00007	0.00007	0.5	99499	7	99495	7485914	75.24
2010-2019	9	0.00008	0.00008	0.5	99492	8	99488	7386419	74.24
2010-2019	10	0.00008	0.00008	0.5	99484	8	99480	7286931	73.25
2010-2019	11	0.00009	0.00009	0.5	99476	8	99472	7187451	72.25
2010-2019	12	0.00009	0.00009	0.5	99468	9	99463	7087979	71.26
2010-2019	13	0.00011	0.00011	0.5	99459	11	99453	6988516	70.27
2010-2019	14	0.00013	0.00013	0.5	99447	13	99441	6889063	69.27
2010-2019	15	0.00016	0.00016	0.5	99434	16	99427	6789622	68.28
2010-2019	16	0.00017	0.00017	0.5	99419	17	99411	6690196	67.29
2010-2019	17	0.00021	0.00021	0.5	99402	21	99392	6590785	66.30
2010-2019	18	0.00026	0.00026	0.5	99381	26	99368	6491394	65.32
2010-2019	19	0.00031	0.00031	0.5	99355	30	99340	6392025	64.34
2010-2019	20	0.00032	0.00032	0.5	99325	32	99309	6292685	63.35
2010-2019	21	0.00035	0.00035	0.5	99293	34	99276	6193377	62.37
2010-2019	22	0.00035	0.00035	0.5	99258	35	99241	6094101	61.40
2010-2019	23	0.00037	0.00037	0.5	99223	37	99205	5994860	60.42
2010-2019	24	0.00037	0.00037	0.5	99186	37	99168	5895655	59.44
2010-2019	25	0.00040	0.00040	0.5	99150	39	99130	5796488	58.46
2010-2019	26	0.00041	0.00041	0.5	99110	40	99090	5697358	57.49
2010-2019	27	0.00043	0.00043	0.5	99070	42	99049	5598268	56.51
2010-2019	28	0.00044	0.00044	0.5	99028	43	99006	5499219	55.53
2010-2019	29	0.00045	0.00045	0.5	98985	44	98962	5400213	54.56
2010-2019	30	0.00050	0.00050	0.5	98940	50	98915	5301250	53.58
2010-2019	31	0.00053	0.00053	0.5	98891	52	98864	5202335	52.61
2010-2019	32	0.00056	0.00056	0.5	98838	56	98810	5103471	51.63
2010-2019	33	0.00061	0.00061	0.5	98783	60	98753	5004660	50.66
2010-2019	34	0.00064	0.00064	0.5	98723	63	98691	4905908	49.69
2010-2019	35	0.00068	0.00068	0.5	98660	68	98626	4807216	48.73
2010-2019	36	0.00076	0.00076	0.5	98592	75	98555	4708591	47.76
2010-2019	37	0.00078	0.00078	0.5	98518	76	98479	4610036	46.79
2010-2019	38	0.00089	0.00089	0.5	98441	87	98397	4511557	45.83
2010-2019	39	0.00091	0.00091	0.5	98354	90	98309	4413159	44.87
2010-2019	40	0.00103	0.00103	0.5	98264	101	98213	4314851	43.91
2010-2019	41	0.00105	0.00105	0.5	98163	103	98111	4216637	42.96
2010-2019	42	0.00117	0.00117	0.5	98060	115	98003	4118526	42.00
2010-2019	43	0.00129	0.00129	0.5	97946	126	97882	4020523	41.05
2010-2019	44	0.00141	0.00141	0.5	97819	138	97750	3922641	40.10
2010-2019	45	0.00156	0.00156	0.5	97681	152	97605	3824890	39.16
2010-2019	46	0.00174	0.00173	0.5	97529	169	97445	3727285	38.22
2010-2019	47	0.00187	0.00187	0.5	97360	182	97269	3629840	37.28
2010-2019	48	0.00209	0.00209	0.5	97178	203	97077	3532571	36.35
2010-2019	49	0.00232	0.00232	0.5	96975	225	96863	3435495	35.43
2010-2019	50	0.00256	0.00256	0.5	96751	247	96627	3338632	34.51
2010-2019	51	0.00281	0.00281	0.5	96503	271	96368	3242005	33.59
2010-2019	52	0.00302	0.00302	0.5	96232	291	96087	3145637	32.69
2010-2019	53	0.00329	0.00328	0.5	95942	315	95784	3049550	31.79
2010-2019	54	0.00354	0.00353	0.5	95627	338	95458	2953766	30.89
2010-2019	55	0.00392	0.00391	0.5	95289	373	95103	2858307	30.00
2010-2019	56	0.00420	0.00419	0.5	94916	398	94718	2763204	29.11
2010-2019	57	0.00454	0.00453	0.5	94519	428	94305	2668487	28.23
2010-2019	58	0.00482	0.00480	0.5	94091	452	93865	2574182	27.36
2010-2019	59	0.00527	0.00526	0.5	93639	492	93393	2480317	26.49
2010-2019	60	0.00572	0.00571	0.5	93146	531	92881	2386925	25.63
2010-2019	61	0.00618	0.00617	0.5	92615	571	92329	2294044	24.77
2010-2019	62	0.00657	0.00654	0.5	92044	602	91743	2201715	23.92
2010-2019	63	0.00730	0.00728	0.5	91442	665	91109	2109972	23.07
2010-2019	64	0.00776	0.00773	0.5	90776	702	90425	2018863	22.24
2010-2019	65	0.00842	0.00839	0.5	90075	755	89697	1928438	21.41
2010-2019	66	0.00890	0.00886	0.5	89319	792	88923	1838741	20.59
2010-2019	67	0.00987	0.00982	0.5	88528	870	88093	1749817	19.77
2010-2019	68	0.01085	0.01079	0.5	87658	946	87185	1661725	18.96
2010-2019	69	0.01177	0.01170	0.5	86712	1014	86205	1574540	18.16
2010-2019	70	0.01300	0.01291	0.5	85698	1107	85144	1488335	17.37
2010-2019	71	0.01431	0.01421	0.5	84591	1202	83990	1403191	16.59
2010-2019	72	0.01576	0.01564	0.5	83389	1304	82737	1319201	15.82
2010-2019	73	0.01721	0.01706	0.5	82085	1400	81385	1236465	15.06
2010-2019	74	0.01925	0.01907	0.5	80684	1539	79915	1155080	14.32
2010-2019	75	0.02151	0.02128	0.5	79146	1685	78303	1075165	13.58
2010-2019	76	0.02373	0.02345	0.5	77461	1817	76553	996862	12.87
2010-2019	77	0.02655	0.02620	0.5	75645	1982	74654	920309	12.17
2010-2019	78	0.02929	0.02887	0.5	73663	2126	72599	845655	11.48
2010-2019	79	0.03275	0.03222	0.5	71536	2305	70384	773056	10.81
2010-2019	80	0.03922	0.03846	0.5	69231	2663	67900	702672	10.15
2010-2019	81	0.04397	0.04303	0.5	66568	2864	65136	634772	9.54
2010-2019	82	0.04927	0.04808	0.5	63704	3063	62173	569636	8.94
2010-2019	83	0.05562	0.05412	0.5	60641	3282	59000	507463	8.37
2010-2019	84	0.06292	0.06100	0.5	57359	3499	55610	448463	7.82
2010-2019	85	0.07060	0.06820	0.5	53860	3673	52024	392853	7.29
2010-2019	86	0.07916	0.07615	0.5	50187	3822	48276	340830	6.79
2010-2019	87	0.08948	0.08564	0.5	46365	3971	44380	292554	6.31
2010-2019	88	0.10201	0.09706	0.5	42394	4115	40337	248174	5.85
2010-2019	89	0.11415	0.10798	0.5	38280	4134	36213	207837	5.43
2010-2019	90	0.13077	0.12274	0.5	34146	4191	32050	171624	5.03
2010-2019	91	0.14658	0.13657	0.5	29955	4091	27909	139573	4.66
2010-2019	92	0.16515	0.15255	0.5	25864	3946	23891	111664	4.32
2010-2019	93	0.18320	0.16783	0.5	21918	3679	20079	87773	4.00
2010-2019	94	0.20446	0.18550	0.5	18240	3383	16548	67693	3.71
2010-2019	95	0.22661	0.20354	0.5	14856	3024	13344	51145	3.44
2010-2019	96	0.25090	0.22293	0.5	11833	2638	10514	37801	3.19
2010-2019	97	0.27686	0.24320	0.5	9195	2236	8077	27287	2.97
2010-2019	98	0.30443	0.26421	0.5	6959	1839	6039	19211	2.76
2010-2019	99	0.33346	0.28581	0.5	5120	1463	4388	13171	2.57
2010-2019	100	0.36383	0.30783	0.5	3657	1126	3094	8783	2.40
2010-2019	101	0.39531	0.33007	0.5	2531	835	2113	5689	2.25
2010-2019	102	0.42769	0.35234	0.5	1696	597	1397	3576	2.11
2010-2019	103	0.46070	0.37444	0.5	1098	411	893	2179	1.98
2010-2019	104	0.49406	0.39619	0.5	687	272	551	1286	1.87
2010-2019	105	0.52747	0.41739	0.5	415	173	328	735	1.77
2010-2019	106	0.56063	0.43789	0.5	242	106	189	407	1.69
2010-2019	107	0.59327	0.45754	0.5	136	62	105	218	1.61
2010-2019	108	0.62510	0.47625	0.5	74	35	56	114	1.54
2010-2019	109	0.65588	0.49391	0.5	39	19	29	58	1.49
2010-2019	110+	0.68541	1.00000	1.46	20	20	28	28	1.46
2020-2022	0	0.00369	0.00368	0.06	100000	368	99655	8187276	81.87
2020-2022	1	0.00028	0.00028	0.5	99632	28	99618	8087621	81.17
2020-2022	2	0.00017	0.00017	0.5	99604	17	99596	7988002	80.20
2020-2022	3	0.00012	0.00012	0.5	99587	12	99581	7888407	79.21
2020-2022	4	0.00010	0.00010	0.5	99575	10	99570	7788826	78.22
2020-2022	5	0.00008	0.00008	0.5	99565	8	99561	7689256	77.23
2020-2022	6	0.00008	0.00008	0.5	99557	8	99553	7589694	76.23
2020-2022	7	0.00007	0.00007	0.5	99549	7	99545	7490142	75.24
2020-2022	8	0.00009	0.00009	0.5	99541	9	99537	7390596	74.25
2020-2022	9	0.00009	0.00009	0.5	99532	9	99528	7291060	73.25
2020-2022	10	0.00008	0.00008	0.5	99523	8	99519	7191532	72.26
2020-2022	11	0.00008	0.00008	0.5	99516	8	99512	7092013	71.27
2020-2022	12	0.00011	0.00011	0.5	99508	11	99502	6992501	70.27
2020-2022	13	0.00013	0.00013	0.5	99497	13	99491	6892999	69.28
2020-2022	14	0.00018	0.00018	0.5	99484	17	99476	6793508	68.29
2020-2022	15	0.00018	0.00018	0.5	99467	18	99458	6694032	67.30
2020-2022	16	0.00025	0.00025	0.5	99449	25	99436	6594575	66.31
2020-2022	17	0.00029	0.00029	0.5	99424	28	99410	6495138	65.33
2020-2022	18	0.00034	0.00034	0.5	99396	34	99379	6395729	64.35
2020-2022	19	0.00041	0.00041	0.5	99362	41	99341	6296350	63.37
2020-2022	20	0.00045	0.00045	0.5	99321	45	99299	6197009	62.39
2020-2022	21	0.00047	0.00047	0.5	99276	47	99253	6097710	61.42
2020-2022	22	0.00052	0.00052	0.5	99229	52	99204	5998457	60.45
2020-2022	23	0.00050	0.00050	0.5	99178	50	99153	5899254	59.48
2020-2022	24	0.00050	0.00050	0.5	99128	50	99103	5800101	58.51
2020-2022	25	0.00057	0.00057	0.5	99078	57	99050	5700998	57.54
2020-2022	26	0.00058	0.00058	0.5	99022	57	98993	5601948	56.57
2020-2022	27	0.00064	0.00064	0.5	98964	64	98933	5502955	55.61
2020-2022	28	0.00063	0.00063	0.5	98901	63	98869	5404022	54.64
2020-2022	29	0.00069	0.00069	0.5	98838	68	98804	5305153	53.68
2020-2022	30	0.00076	0.00076	0.5	98770	75	98733	5206349	52.71
2020-2022	31	0.00075	0.00075	0.5	98695	74	98658	5107616	51.75
2020-2022	32	0.00079	0.00079	0.5	98621	78	98582	5008958	50.79
2020-2022	33	0.00094	0.00094	0.5	98543	93	98496	4910376	49.83
2020-2022	34	0.00094	0.00094	0.5	98450	93	98404	4811880	48.88
2020-2022	35	0.00095	0.00095	0.5	98357	93	98311	4713476	47.92
2020-2022	36	0.00108	0.00107	0.5	98264	106	98211	4615165	46.97
2020-2022	37	0.00112	0.00112	0.5	98158	110	98103	4516954	46.02
2020-2022	38	0.00110	0.00110	0.5	98048	108	97994	4418851	45.07
2020-2022	39	0.00130	0.00130	0.5	97940	127	97876	4320857	44.12
2020-2022	40	0.00139	0.00139	0.5	97813	136	97745	4222981	43.17
2020-2022	41	0.00142	0.00142	0.5	97677	138	97607	4125236	42.23
2020-2022	42	0.00155	0.00155	0.5	97538	151	97462	4027629	41.29
2020-2022	43	0.00171	0.00171	0.5	97387	166	97303	3930166	40.36
2020-2022	44	0.00174	0.00173	0.5	97220	169	97136	3832863	39.42
2020-2022	45	0.00192	0.00192	0.5	97052	186	96959	3735727	38.49
2020-2022	46	0.00208	0.00207	0.5	96866	201	96765	3638768	37.57
2020-2022	47	0.00217	0.00217	0.5	96665	210	96560	3542003	36.64
2020-2022	48	0.00241	0.00241	0.5	96455	232	96339	3445443	35.72
2020-2022	49	0.00258	0.00257	0.5	96223	248	96099	3349104	34.81
2020-2022	50	0.00287	0.00286	0.5	95975	275	95838	3253005	33.89
2020-2022	51	0.00308	0.00307	0.5	95701	294	95554	3157167	32.99
2020-2022	52	0.00327	0.00326	0.5	95407	311	95251	3061614	32.09
2020-2022	53	0.00369	0.00368	0.5	95095	350	94920	2966363	31.19
2020-2022	54	0.00393	0.00392	0.5	94745	372	94559	2871442	30.31
2020-2022	55	0.00418	0.00417	0.5	94374	394	94177	2776883	29.42
2020-2022	56	0.00452	0.00451	0.5	93980	424	93768	2682706	28.55
2020-2022	57	0.00514	0.00513	0.5	93556	480	93316	2588939	27.67
2020-2022	58	0.00543	0.00541	0.5	93076	504	92825	2495623	26.81
2020-2022	59	0.00585	0.00584	0.5	92573	540	92303	2402798	25.96
2020-2022	60	0.00672	0.00669	0.5	92033	616	91724	2310495	25.11
2020-2022	61	0.00716	0.00713	0.5	91416	652	91090	2218771	24.27
2020-2022	62	0.00761	0.00758	0.5	90764	688	90421	2127680	23.44
2020-2022	63	0.00851	0.00848	0.5	90077	764	89695	2037260	22.62
2020-2022	64	0.00905	0.00901	0.5	89313	804	88911	1947565	21.81
2020-2022	65	0.00953	0.00948	0.5	88509	839	88089	1858654	21.00
2020-2022	66	0.01011	0.01006	0.5	87669	882	87228	1770565	20.20
2020-2022	67	0.01101	0.01095	0.5	86788	950	86313	1683337	19.40
2020-2022	68	0.01183	0.01176	0.5	85838	1009	85333	1597024	18.61
2020-2022	69	0.01290	0.01281	0.5	84828	1087	84285	1511691	17.82
2020-2022	70	0.01376	0.01367	0.5	83741	1145	83169	1427407	17.05
2020-2022	71	0.01512	0.01501	0.5	82597	1240	81977	1344238	16.27
2020-2022	72	0.01689	0.01675	0.5	81357	1362	80676	1262261	15.52
2020-2022	73	0.01853	0.01836	0.5	79995	1469	79260	1181585	14.77
2020-2022	74	0.02065	0.02043	0.5	78526	1605	77723	1102324	14.04
2020-2022	75	0.02287	0.02262	0.5	76921	1740	76051	1024601	13.32
2020-2022	76	0.02474	0.02444	0.5	75181	1837	74263	948550	12.62
2020-2022	77	0.02897	0.02856	0.5	73344	2094	72297	874287	11.92
2020-2022	78	0.03202	0.03152	0.5	71250	2246	70127	801990	11.26
2020-2022	79	0.03509	0.03449	0.5	69004	2380	67814	731863	10.61
2020-2022	80	0.03977	0.03900	0.5	66625	2598	65325	664048	9.97
2020-2022	81	0.04456	0.04359	0.5	64026	2791	62631	598723	9.35
2020-2022	82	0.05114	0.04987	0.5	61235	3054	59709	536092	8.75
2020-2022	83	0.05744	0.05584	0.5	58182	3249	56557	476383	8.19
2020-2022	84	0.06458	0.06256	0.5	54933	3437	53215	419826	7.64
2020-2022	85	0.07380	0.07117	0.5	51496	3665	49664	366611	7.12
2020-2022	86	0.08222	0.07897	0.5	47831	3777	45943	316948	6.63
2020-2022	87	0.09366	0.08947	0.5	44054	3942	42083	271005	6.15
2020-2022	88	0.10469	0.09948	0.5	40112	3990	38117	228922	5.71
2020-2022	89	0.12050	0.11366	0.5	36122	4105	34069	190805	5.28
2020-2022	90	0.13496	0.12643	0.5	32016	4048	29993	156736	4.90
2020-2022	91	0.15086	0.14028	0.5	27969	3923	26007	126743	4.53
2020-2022	92	0.17217	0.15852	0.5	24045	3812	22139	100736	4.19
2020-2022	93	0.19023	0.17371	0.5	20234	3515	18476	78597	3.88
2020-2022	94	0.21303	0.19253	0.5	16719	3219	15110	60121	3.60
2020-2022	95	0.23608	0.21116	0.5	13500	2851	12075	45011	3.33
2020-2022	96	0.26139	0.23118	0.5	10649	2462	9418	32937	3.09
2020-2022	97	0.28838	0.25204	0.5	8188	2064	7156	23518	2.87
2020-2022	98	0.31697	0.27361	0.5	6124	1676	5286	16362	2.67
2020-2022	99	0.34701	0.29570	0.5	4448	1315	3791	11076	2.49
2020-2022	100	0.37832	0.31814	0.5	3133	997	2635	7285	2.33
2020-2022	101	0.41067	0.34071	0.5	2136	728	1772	4651	2.18
2020-2022	102	0.44382	0.36322	0.5	1408	512	1153	2878	2.04
2020-2022	103	0.47747	0.38545	0.5	897	346	724	1726	1.92
2020-2022	104	0.51134	0.40722	0.5	551	224	439	1002	1.82
2020-2022	105	0.54509	0.42835	0.5	327	140	257	563	1.72
2020-2022	106	0.57844	0.44868	0.5	187	84	145	306	1.64
2020-2022	107	0.61109	0.46807	0.5	103	48	79	161	1.57
2020-2022	108	0.64277	0.48644	0.5	55	27	41	82	1.50
2020-2022	109	0.67325	0.50369	0.5	28	14	21	41	1.45
2020-2022	110+	0.70233	1.00000	1.42	14	14	20	20	1.42
