Div6: Div6, Lifetables (period 1x10), Females Last modified: February 4 2025, MPv5 (May07) 

Year     	Age	mx	qx	ax	lx	dx	Lx	Tx	ex
1941-1949	0	0.04055	0.03923	0.17	100000	3923	96731	6688881	66.89
1941-1949	1	0.00439	0.00438	0.5	96077	421	95867	6592151	68.61
1941-1949	2	0.00225	0.00225	0.5	95656	215	95549	6496284	67.91
1941-1949	3	0.00163	0.00163	0.5	95441	155	95363	6400735	67.06
1941-1949	4	0.00131	0.00130	0.5	95285	124	95223	6305372	66.17
1941-1949	5	0.00106	0.00106	0.5	95161	101	95111	6210149	65.26
1941-1949	6	0.00090	0.00090	0.5	95060	86	95017	6115038	64.33
1941-1949	7	0.00077	0.00077	0.5	94974	73	94938	6020021	63.39
1941-1949	8	0.00068	0.00068	0.5	94901	65	94869	5925084	62.43
1941-1949	9	0.00062	0.00062	0.5	94836	59	94807	5830215	61.48
1941-1949	10	0.00060	0.00060	0.5	94777	57	94749	5735408	60.51
1941-1949	11	0.00063	0.00063	0.5	94720	59	94691	5640660	59.55
1941-1949	12	0.00070	0.00070	0.5	94661	66	94628	5545969	58.59
1941-1949	13	0.00082	0.00082	0.5	94595	78	94556	5451341	57.63
1941-1949	14	0.00099	0.00099	0.5	94517	94	94470	5356786	56.68
1941-1949	15	0.00120	0.00120	0.5	94423	114	94366	5262316	55.73
1941-1949	16	0.00140	0.00140	0.5	94309	132	94243	5167950	54.80
1941-1949	17	0.00158	0.00158	0.5	94177	149	94102	5073707	53.87
1941-1949	18	0.00175	0.00175	0.5	94028	164	93946	4979605	52.96
1941-1949	19	0.00189	0.00189	0.5	93864	177	93775	4885659	52.05
1941-1949	20	0.00202	0.00201	0.5	93686	189	93592	4791884	51.15
1941-1949	21	0.00213	0.00213	0.5	93498	199	93398	4698292	50.25
1941-1949	22	0.00223	0.00222	0.5	93299	208	93195	4604894	49.36
1941-1949	23	0.00232	0.00231	0.5	93092	215	92984	4511699	48.47
1941-1949	24	0.00238	0.00238	0.5	92876	221	92765	4418715	47.58
1941-1949	25	0.00244	0.00244	0.5	92655	226	92542	4325949	46.69
1941-1949	26	0.00249	0.00249	0.5	92429	230	92314	4233407	45.80
1941-1949	27	0.00256	0.00255	0.5	92199	235	92081	4141093	44.91
1941-1949	28	0.00265	0.00264	0.5	91964	243	91842	4049012	44.03
1941-1949	29	0.00274	0.00274	0.5	91721	251	91595	3957170	43.14
1941-1949	30	0.00285	0.00284	0.5	91470	260	91339	3865575	42.26
1941-1949	31	0.00296	0.00295	0.5	91209	269	91075	3774235	41.38
1941-1949	32	0.00310	0.00310	0.5	90940	282	90799	3683160	40.50
1941-1949	33	0.00330	0.00329	0.5	90658	299	90509	3592361	39.63
1941-1949	34	0.00352	0.00352	0.5	90360	318	90201	3501852	38.75
1941-1949	35	0.00380	0.00379	0.5	90042	342	89871	3411651	37.89
1941-1949	36	0.00405	0.00404	0.5	89701	363	89519	3321780	37.03
1941-1949	37	0.00430	0.00429	0.5	89338	383	89146	3232260	36.18
1941-1949	38	0.00457	0.00456	0.5	88955	406	88752	3143114	35.33
1941-1949	39	0.00482	0.00481	0.5	88549	426	88336	3054362	34.49
1941-1949	40	0.00502	0.00501	0.5	88123	441	87903	2966026	33.66
1941-1949	41	0.00517	0.00515	0.5	87682	452	87456	2878123	32.82
1941-1949	42	0.00541	0.00540	0.5	87230	471	86995	2790667	31.99
1941-1949	43	0.00576	0.00574	0.5	86759	498	86510	2703673	31.16
1941-1949	44	0.00608	0.00606	0.5	86261	523	86000	2617163	30.34
1941-1949	45	0.00646	0.00644	0.5	85738	552	85462	2531163	29.52
1941-1949	46	0.00681	0.00679	0.5	85186	579	84897	2445701	28.71
1941-1949	47	0.00722	0.00720	0.5	84608	609	84303	2360804	27.90
1941-1949	48	0.00780	0.00777	0.5	83999	653	83672	2276501	27.10
1941-1949	49	0.00851	0.00847	0.5	83346	706	82992	2192829	26.31
1941-1949	50	0.00932	0.00927	0.5	82639	766	82256	2109836	25.53
1941-1949	51	0.00989	0.00984	0.5	81873	805	81470	2027580	24.76
1941-1949	52	0.01043	0.01038	0.5	81068	841	80647	1946109	24.01
1941-1949	53	0.01112	0.01106	0.5	80226	887	79783	1865462	23.25
1941-1949	54	0.01176	0.01169	0.5	79339	928	78875	1785680	22.51
1941-1949	55	0.01244	0.01237	0.5	78411	970	77927	1706804	21.77
1941-1949	56	0.01306	0.01298	0.5	77442	1005	76939	1628878	21.03
1941-1949	57	0.01371	0.01362	0.5	76437	1041	75916	1551938	20.30
1941-1949	58	0.01457	0.01447	0.5	75396	1091	74850	1476022	19.58
1941-1949	59	0.01550	0.01538	0.5	74305	1143	73734	1401172	18.86
1941-1949	60	0.01653	0.01639	0.5	73162	1199	72563	1327438	18.14
1941-1949	61	0.01744	0.01729	0.5	71963	1244	71341	1254876	17.44
1941-1949	62	0.01859	0.01842	0.5	70719	1302	70067	1183535	16.74
1941-1949	63	0.02028	0.02007	0.5	69416	1393	68719	1113468	16.04
1941-1949	64	0.02226	0.02202	0.5	68023	1498	67274	1044748	15.36
1941-1949	65	0.02492	0.02461	0.5	66525	1637	65706	977475	14.69
1941-1949	66	0.02731	0.02694	0.5	64888	1748	64014	911768	14.05
1941-1949	67	0.02955	0.02912	0.5	63139	1838	62220	847755	13.43
1941-1949	68	0.03253	0.03201	0.5	61301	1962	60320	785535	12.81
1941-1949	69	0.03558	0.03496	0.5	59339	2074	58302	725215	12.22
1941-1949	70	0.03885	0.03811	0.5	57265	2182	56174	666913	11.65
1941-1949	71	0.04173	0.04087	0.5	55082	2251	53957	610739	11.09
1941-1949	72	0.04514	0.04414	0.5	52831	2332	51665	556782	10.54
1941-1949	73	0.04971	0.04850	0.5	50499	2449	49274	505117	10.00
1941-1949	74	0.05456	0.05311	0.5	48050	2552	46774	455843	9.49
1941-1949	75	0.06064	0.05886	0.5	45498	2678	44159	409069	8.99
1941-1949	76	0.06661	0.06446	0.5	42820	2760	41440	364911	8.52
1941-1949	77	0.07249	0.06995	0.5	40059	2802	38658	323471	8.07
1941-1949	78	0.07996	0.07688	0.5	37257	2864	35825	284813	7.64
1941-1949	79	0.08791	0.08421	0.5	34393	2896	32945	248988	7.24
1941-1949	80	0.09545	0.09110	0.5	31497	2869	30062	216044	6.86
1941-1949	81	0.10433	0.09916	0.5	28627	2839	27208	185982	6.50
1941-1949	82	0.11389	0.10775	0.5	25789	2779	24399	158774	6.16
1941-1949	83	0.12423	0.11697	0.5	23010	2691	21664	134375	5.84
1941-1949	84	0.13516	0.12660	0.5	20318	2572	19032	112711	5.55
1941-1949	85	0.14642	0.13643	0.5	17746	2421	16536	93678	5.28
1941-1949	86	0.15812	0.14654	0.5	15325	2246	14202	77143	5.03
1941-1949	87	0.17046	0.15707	0.5	13079	2054	12052	62941	4.81
1941-1949	88	0.18321	0.16784	0.5	11025	1850	10100	50889	4.62
1941-1949	89	0.19521	0.17785	0.5	9175	1632	8359	40789	4.45
1941-1949	90	0.20459	0.18561	0.5	7543	1400	6843	32430	4.30
1941-1949	91	0.21142	0.19121	0.5	6143	1175	5556	25587	4.17
1941-1949	92	0.21540	0.19445	0.5	4968	966	4485	20032	4.03
1941-1949	93	0.21956	0.19784	0.5	4002	792	3606	15546	3.88
1941-1949	94	0.23157	0.20754	0.5	3210	666	2877	11940	3.72
1941-1949	95	0.24403	0.21749	0.5	2544	553	2267	9063	3.56
1941-1949	96	0.25693	0.22768	0.5	1991	453	1764	6795	3.41
1941-1949	97	0.27027	0.23810	0.5	1538	366	1354	5031	3.27
1941-1949	98	0.28404	0.24872	0.5	1171	291	1026	3677	3.14
1941-1949	99	0.29823	0.25953	0.5	880	228	766	2651	3.01
1941-1949	100	0.31281	0.27050	0.5	652	176	564	1885	2.89
1941-1949	101	0.32778	0.28162	0.5	475	134	408	1322	2.78
1941-1949	102	0.34310	0.29286	0.5	342	100	292	913	2.67
1941-1949	103	0.35876	0.30419	0.5	241	73	205	622	2.57
1941-1949	104	0.37472	0.31559	0.5	168	53	142	417	2.48
1941-1949	105	0.39096	0.32703	0.5	115	38	96	275	2.39
1941-1949	106	0.40745	0.33849	0.5	77	26	64	179	2.31
1941-1949	107	0.42415	0.34993	0.5	51	18	42	115	2.24
1941-1949	108	0.44102	0.36134	0.5	33	12	27	73	2.18
1941-1949	109	0.45803	0.37268	0.5	21	8	17	45	2.13
1941-1949	110+	0.47514	1.00000	2.1	13	13	28	28	2.10
1950-1959	0	0.03055	0.02976	0.14	100000	2976	97436	7116155	71.16
1950-1959	1	0.00245	0.00245	0.5	97024	237	96905	7018719	72.34
1950-1959	2	0.00143	0.00143	0.5	96786	138	96718	6921814	71.52
1950-1959	3	0.00105	0.00105	0.5	96649	101	96598	6825096	70.62
1950-1959	4	0.00080	0.00080	0.5	96547	77	96509	6728498	69.69
1950-1959	5	0.00068	0.00068	0.5	96470	66	96437	6631989	68.75
1950-1959	6	0.00058	0.00058	0.5	96405	56	96377	6535552	67.79
1950-1959	7	0.00051	0.00051	0.5	96349	49	96324	6439175	66.83
1950-1959	8	0.00045	0.00045	0.5	96299	43	96278	6342851	65.87
1950-1959	9	0.00042	0.00042	0.5	96256	41	96236	6246574	64.90
1950-1959	10	0.00037	0.00037	0.5	96215	36	96197	6150338	63.92
1950-1959	11	0.00040	0.00040	0.5	96180	38	96161	6054140	62.95
1950-1959	12	0.00041	0.00041	0.5	96142	40	96122	5957980	61.97
1950-1959	13	0.00045	0.00045	0.5	96102	44	96080	5861858	61.00
1950-1959	14	0.00054	0.00054	0.5	96058	52	96032	5765778	60.02
1950-1959	15	0.00063	0.00063	0.5	96007	61	95976	5669745	59.06
1950-1959	16	0.00074	0.00074	0.5	95946	71	95910	5573769	58.09
1950-1959	17	0.00084	0.00084	0.5	95875	80	95835	5477859	57.14
1950-1959	18	0.00089	0.00089	0.5	95795	85	95752	5382024	56.18
1950-1959	19	0.00095	0.00095	0.5	95710	91	95664	5286272	55.23
1950-1959	20	0.00099	0.00099	0.5	95619	95	95571	5190608	54.28
1950-1959	21	0.00105	0.00105	0.5	95524	100	95474	5095037	53.34
1950-1959	22	0.00109	0.00109	0.5	95423	104	95371	4999563	52.39
1950-1959	23	0.00114	0.00114	0.5	95319	108	95265	4904192	51.45
1950-1959	24	0.00116	0.00116	0.5	95211	111	95156	4808927	50.51
1950-1959	25	0.00122	0.00122	0.5	95100	116	95043	4713771	49.57
1950-1959	26	0.00126	0.00126	0.5	94985	119	94925	4618728	48.63
1950-1959	27	0.00134	0.00134	0.5	94865	127	94802	4523803	47.69
1950-1959	28	0.00140	0.00140	0.5	94739	132	94672	4429002	46.75
1950-1959	29	0.00149	0.00149	0.5	94606	141	94535	4334329	45.81
1950-1959	30	0.00160	0.00160	0.5	94465	151	94389	4239794	44.88
1950-1959	31	0.00171	0.00171	0.5	94314	161	94233	4145405	43.95
1950-1959	32	0.00186	0.00186	0.5	94152	175	94065	4051172	43.03
1950-1959	33	0.00200	0.00200	0.5	93977	188	93884	3957107	42.11
1950-1959	34	0.00215	0.00215	0.5	93790	202	93689	3863223	41.19
1950-1959	35	0.00226	0.00226	0.5	93588	212	93482	3769534	40.28
1950-1959	36	0.00242	0.00241	0.5	93376	225	93263	3676052	39.37
1950-1959	37	0.00257	0.00257	0.5	93151	239	93031	3582789	38.46
1950-1959	38	0.00278	0.00278	0.5	92911	258	92782	3489758	37.56
1950-1959	39	0.00299	0.00299	0.5	92653	277	92515	3396975	36.66
1950-1959	40	0.00319	0.00318	0.5	92377	294	92230	3304460	35.77
1950-1959	41	0.00339	0.00338	0.5	92083	311	91927	3212230	34.88
1950-1959	42	0.00370	0.00369	0.5	91772	339	91603	3120303	34.00
1950-1959	43	0.00389	0.00389	0.5	91433	355	91256	3028700	33.12
1950-1959	44	0.00420	0.00419	0.5	91078	382	90887	2937445	32.25
1950-1959	45	0.00455	0.00454	0.5	90696	412	90490	2846558	31.39
1950-1959	46	0.00489	0.00488	0.5	90284	441	90064	2756068	30.53
1950-1959	47	0.00533	0.00532	0.5	89843	478	89605	2666004	29.67
1950-1959	48	0.00589	0.00587	0.5	89366	525	89103	2576400	28.83
1950-1959	49	0.00630	0.00628	0.5	88841	558	88562	2487296	28.00
1950-1959	50	0.00675	0.00673	0.5	88283	594	87986	2398734	27.17
1950-1959	51	0.00727	0.00725	0.5	87689	635	87371	2310748	26.35
1950-1959	52	0.00796	0.00793	0.5	87053	690	86708	2223377	25.54
1950-1959	53	0.00843	0.00839	0.5	86363	725	86000	2136669	24.74
1950-1959	54	0.00903	0.00899	0.5	85638	770	85253	2050669	23.95
1950-1959	55	0.00949	0.00944	0.5	84868	801	84468	1965416	23.16
1950-1959	56	0.01007	0.01002	0.5	84067	842	83646	1880948	22.37
1950-1959	57	0.01070	0.01064	0.5	83225	886	82782	1797302	21.60
1950-1959	58	0.01174	0.01167	0.5	82339	961	81858	1714521	20.82
1950-1959	59	0.01257	0.01249	0.5	81378	1017	80870	1632662	20.06
1950-1959	60	0.01315	0.01306	0.5	80361	1050	79836	1551793	19.31
1950-1959	61	0.01399	0.01390	0.5	79311	1102	78760	1471957	18.56
1950-1959	62	0.01558	0.01546	0.5	78209	1209	77605	1393196	17.81
1950-1959	63	0.01717	0.01703	0.5	77001	1311	76345	1315591	17.09
1950-1959	64	0.01907	0.01889	0.5	75690	1429	74975	1239246	16.37
1950-1959	65	0.02154	0.02131	0.5	74260	1582	73469	1164271	15.68
1950-1959	66	0.02311	0.02285	0.5	72678	1660	71847	1090802	15.01
1950-1959	67	0.02565	0.02533	0.5	71017	1799	70118	1018955	14.35
1950-1959	68	0.02786	0.02748	0.5	69219	1902	68268	948837	13.71
1950-1959	69	0.03011	0.02966	0.5	67317	1997	66318	880569	13.08
1950-1959	70	0.03261	0.03209	0.5	65320	2096	64272	814251	12.47
1950-1959	71	0.03489	0.03429	0.5	63224	2168	62140	749979	11.86
1950-1959	72	0.03882	0.03808	0.5	61056	2325	59894	687839	11.27
1950-1959	73	0.04245	0.04157	0.5	58731	2441	57510	627945	10.69
1950-1959	74	0.04692	0.04585	0.5	56290	2581	54999	570435	10.13
1950-1959	75	0.05201	0.05069	0.5	53709	2722	52348	515436	9.60
1950-1959	76	0.05759	0.05597	0.5	50987	2854	49560	463088	9.08
1950-1959	77	0.06251	0.06062	0.5	48133	2918	46674	413528	8.59
1950-1959	78	0.07024	0.06786	0.5	45215	3068	43681	366854	8.11
1950-1959	79	0.07823	0.07529	0.5	42147	3173	40560	323174	7.67
1950-1959	80	0.08440	0.08099	0.5	38973	3156	37395	282614	7.25
1950-1959	81	0.09172	0.08770	0.5	35817	3141	34247	245218	6.85
1950-1959	82	0.10202	0.09707	0.5	32676	3172	31090	210972	6.46
1950-1959	83	0.11200	0.10606	0.5	29504	3129	27939	179882	6.10
1950-1959	84	0.12343	0.11626	0.5	26375	3066	24842	151942	5.76
1950-1959	85	0.13271	0.12445	0.5	23309	2901	21858	127101	5.45
1950-1959	86	0.14604	0.13611	0.5	20408	2778	19019	105242	5.16
1950-1959	87	0.16088	0.14890	0.5	17630	2625	16318	86223	4.89
1950-1959	88	0.17197	0.15836	0.5	15005	2376	13817	69905	4.66
1950-1959	89	0.18533	0.16962	0.5	12629	2142	11558	56088	4.44
1950-1959	90	0.19833	0.18044	0.5	10487	1892	9541	44530	4.25
1950-1959	91	0.20021	0.18199	0.5	8595	1564	7813	34990	4.07
1950-1959	92	0.21131	0.19112	0.5	7030	1344	6359	27177	3.87
1950-1959	93	0.22832	0.20493	0.5	5687	1165	5104	20818	3.66
1950-1959	94	0.24374	0.21726	0.5	4521	982	4030	15714	3.48
1950-1959	95	0.25984	0.22997	0.5	3539	814	3132	11684	3.30
1950-1959	96	0.27662	0.24301	0.5	2725	662	2394	8552	3.14
1950-1959	97	0.29406	0.25637	0.5	2063	529	1799	6158	2.98
1950-1959	98	0.31212	0.26999	0.5	1534	414	1327	4359	2.84
1950-1959	99	0.33077	0.28383	0.5	1120	318	961	3032	2.71
1950-1959	100	0.34996	0.29785	0.5	802	239	683	2071	2.58
1950-1959	101	0.36966	0.31199	0.5	563	176	475	1389	2.47
1950-1959	102	0.38980	0.32622	0.5	387	126	324	913	2.36
1950-1959	103	0.41032	0.34047	0.5	261	89	217	589	2.26
1950-1959	104	0.43116	0.35469	0.5	172	61	142	372	2.16
1950-1959	105	0.45225	0.36884	0.5	111	41	91	231	2.08
1950-1959	106	0.47350	0.38286	0.5	70	27	57	140	2.00
1950-1959	107	0.49486	0.39670	0.5	43	17	35	83	1.93
1950-1959	108	0.51623	0.41032	0.5	26	11	21	49	1.87
1950-1959	109	0.53755	0.42367	0.5	15	7	12	28	1.82
1950-1959	110+	0.55873	1.00000	1.79	9	9	16	16	1.79
1960-1969	0	0.02658	0.02598	0.13	100000	2598	97733	7282210	72.82
1960-1969	1	0.00202	0.00202	0.5	97402	196	97304	7184477	73.76
1960-1969	2	0.00113	0.00113	0.5	97206	110	97151	7087173	72.91
1960-1969	3	0.00083	0.00083	0.5	97096	80	97056	6990022	71.99
1960-1969	4	0.00066	0.00066	0.5	97016	64	96984	6892965	71.05
1960-1969	5	0.00058	0.00058	0.5	96952	56	96924	6795982	70.10
1960-1969	6	0.00045	0.00045	0.5	96896	43	96874	6699058	69.14
1960-1969	7	0.00046	0.00046	0.5	96852	45	96830	6602184	68.17
1960-1969	8	0.00038	0.00038	0.5	96807	37	96789	6505354	67.20
1960-1969	9	0.00038	0.00038	0.5	96770	37	96752	6408565	66.22
1960-1969	10	0.00033	0.00033	0.5	96733	32	96717	6311813	65.25
1960-1969	11	0.00037	0.00037	0.5	96701	36	96683	6215096	64.27
1960-1969	12	0.00034	0.00034	0.5	96665	33	96649	6118413	63.29
1960-1969	13	0.00038	0.00038	0.5	96632	36	96614	6021764	62.32
1960-1969	14	0.00045	0.00045	0.5	96596	43	96574	5925150	61.34
1960-1969	15	0.00052	0.00052	0.5	96552	50	96527	5828576	60.37
1960-1969	16	0.00057	0.00057	0.5	96502	55	96475	5732049	59.40
1960-1969	17	0.00072	0.00072	0.5	96447	70	96412	5635574	58.43
1960-1969	18	0.00075	0.00075	0.5	96377	72	96341	5539162	57.47
1960-1969	19	0.00080	0.00080	0.5	96305	77	96266	5442821	56.52
1960-1969	20	0.00080	0.00080	0.5	96228	77	96189	5346555	55.56
1960-1969	21	0.00087	0.00087	0.5	96151	84	96109	5250366	54.61
1960-1969	22	0.00085	0.00085	0.5	96067	82	96026	5154257	53.65
1960-1969	23	0.00084	0.00084	0.5	95985	81	95945	5058231	52.70
1960-1969	24	0.00091	0.00091	0.5	95905	87	95861	4962286	51.74
1960-1969	25	0.00099	0.00099	0.5	95818	94	95770	4866425	50.79
1960-1969	26	0.00098	0.00098	0.5	95723	94	95676	4770654	49.84
1960-1969	27	0.00105	0.00105	0.5	95629	100	95579	4674978	48.89
1960-1969	28	0.00118	0.00118	0.5	95529	112	95472	4579399	47.94
1960-1969	29	0.00120	0.00120	0.5	95416	114	95359	4483927	46.99
1960-1969	30	0.00123	0.00123	0.5	95302	117	95243	4388568	46.05
1960-1969	31	0.00132	0.00132	0.5	95185	126	95122	4293325	45.11
1960-1969	32	0.00157	0.00157	0.5	95059	149	94984	4198203	44.16
1960-1969	33	0.00159	0.00159	0.5	94910	151	94835	4103219	43.23
1960-1969	34	0.00172	0.00172	0.5	94759	163	94678	4008384	42.30
1960-1969	35	0.00182	0.00182	0.5	94596	172	94510	3913707	41.37
1960-1969	36	0.00199	0.00199	0.5	94424	188	94330	3819197	40.45
1960-1969	37	0.00219	0.00219	0.5	94237	206	94133	3724866	39.53
1960-1969	38	0.00234	0.00234	0.5	94030	220	93920	3630733	38.61
1960-1969	39	0.00253	0.00252	0.5	93810	237	93692	3536812	37.70
1960-1969	40	0.00276	0.00275	0.5	93573	258	93445	3443121	36.80
1960-1969	41	0.00298	0.00298	0.5	93316	278	93177	3349676	35.90
1960-1969	42	0.00338	0.00337	0.5	93038	314	92881	3256499	35.00
1960-1969	43	0.00351	0.00350	0.5	92724	325	92562	3163618	34.12
1960-1969	44	0.00369	0.00368	0.5	92400	340	92230	3071055	33.24
1960-1969	45	0.00391	0.00390	0.5	92060	359	91880	2978826	32.36
1960-1969	46	0.00413	0.00412	0.5	91700	378	91512	2886946	31.48
1960-1969	47	0.00466	0.00465	0.5	91323	424	91110	2795434	30.61
1960-1969	48	0.00506	0.00505	0.5	90898	459	90669	2704324	29.75
1960-1969	49	0.00543	0.00542	0.5	90440	490	90195	2613655	28.90
1960-1969	50	0.00574	0.00573	0.5	89950	515	89692	2523460	28.05
1960-1969	51	0.00597	0.00595	0.5	89435	532	89168	2433768	27.21
1960-1969	52	0.00672	0.00670	0.5	88902	596	88604	2344599	26.37
1960-1969	53	0.00698	0.00695	0.5	88306	614	87999	2255995	25.55
1960-1969	54	0.00764	0.00761	0.5	87693	668	87359	2167995	24.72
1960-1969	55	0.00823	0.00820	0.5	87025	713	86668	2080637	23.91
1960-1969	56	0.00867	0.00863	0.5	86312	745	85939	1993968	23.10
1960-1969	57	0.00950	0.00946	0.5	85567	809	85162	1908029	22.30
1960-1969	58	0.01037	0.01031	0.5	84757	874	84320	1822867	21.51
1960-1969	59	0.01106	0.01100	0.5	83883	923	83422	1738547	20.73
1960-1969	60	0.01227	0.01220	0.5	82961	1012	82455	1655125	19.95
1960-1969	61	0.01252	0.01244	0.5	81949	1020	81439	1572670	19.19
1960-1969	62	0.01482	0.01471	0.5	80929	1191	80334	1491231	18.43
1960-1969	63	0.01576	0.01564	0.5	79739	1247	79115	1410897	17.69
1960-1969	64	0.01658	0.01645	0.5	78492	1291	77846	1331782	16.97
1960-1969	65	0.02010	0.01990	0.5	77201	1536	76433	1253936	16.24
1960-1969	66	0.01994	0.01975	0.5	75664	1494	74917	1177503	15.56
1960-1969	67	0.02283	0.02258	0.5	74170	1674	73333	1102586	14.87
1960-1969	68	0.02479	0.02449	0.5	72496	1775	71608	1029253	14.20
1960-1969	69	0.02575	0.02543	0.5	70720	1798	69821	957645	13.54
1960-1969	70	0.03007	0.02963	0.5	68922	2042	67901	887824	12.88
1960-1969	71	0.02934	0.02892	0.5	66880	1934	65913	819923	12.26
1960-1969	72	0.03656	0.03590	0.5	64946	2332	63780	754009	11.61
1960-1969	73	0.03860	0.03787	0.5	62614	2371	61429	690229	11.02
1960-1969	74	0.04277	0.04187	0.5	60243	2523	58982	628800	10.44
1960-1969	75	0.04913	0.04795	0.5	57720	2768	56336	569819	9.87
1960-1969	76	0.05233	0.05100	0.5	54952	2802	53551	513482	9.34
1960-1969	77	0.05610	0.05457	0.5	52150	2846	50727	459931	8.82
1960-1969	78	0.06438	0.06237	0.5	49304	3075	47767	409204	8.30
1960-1969	79	0.07041	0.06801	0.5	46229	3144	44657	361437	7.82
1960-1969	80	0.08172	0.07851	0.5	43085	3383	41394	316780	7.35
1960-1969	81	0.08050	0.07738	0.5	39702	3072	38166	275386	6.94
1960-1969	82	0.09631	0.09188	0.5	36630	3366	34947	237220	6.48
1960-1969	83	0.10809	0.10255	0.5	33264	3411	31559	202273	6.08
1960-1969	84	0.12128	0.11434	0.5	29853	3414	28146	170714	5.72
1960-1969	85	0.13125	0.12317	0.5	26440	3257	24811	142568	5.39
1960-1969	86	0.14465	0.13489	0.5	23183	3127	21620	117756	5.08
1960-1969	87	0.15694	0.14552	0.5	20056	2918	18597	96137	4.79
1960-1969	88	0.17180	0.15821	0.5	17137	2711	15782	77540	4.52
1960-1969	89	0.18321	0.16784	0.5	14426	2421	13215	61758	4.28
1960-1969	90	0.20673	0.18736	0.5	12005	2249	10880	48543	4.04
1960-1969	91	0.20907	0.18929	0.5	9756	1847	8832	37663	3.86
1960-1969	92	0.23177	0.20770	0.5	7909	1643	7088	28830	3.65
1960-1969	93	0.23957	0.21394	0.5	6266	1341	5596	21743	3.47
1960-1969	94	0.25753	0.22815	0.5	4926	1124	4364	16147	3.28
1960-1969	95	0.27634	0.24279	0.5	3802	923	3340	11783	3.10
1960-1969	96	0.29598	0.25783	0.5	2879	742	2508	8443	2.93
1960-1969	97	0.31641	0.27319	0.5	2137	584	1845	5935	2.78
1960-1969	98	0.33757	0.28882	0.5	1553	449	1329	4090	2.63
1960-1969	99	0.35940	0.30465	0.5	1104	336	936	2762	2.50
1960-1969	100	0.38183	0.32062	0.5	768	246	645	1825	2.38
1960-1969	101	0.40478	0.33664	0.5	522	176	434	1181	2.26
1960-1969	102	0.42814	0.35265	0.5	346	122	285	747	2.16
1960-1969	103	0.45184	0.36857	0.5	224	83	183	462	2.06
1960-1969	104	0.47575	0.38433	0.5	141	54	114	279	1.97
1960-1969	105	0.49978	0.39986	0.5	87	35	70	165	1.89
1960-1969	106	0.52381	0.41509	0.5	52	22	41	95	1.82
1960-1969	107	0.54772	0.42997	0.5	31	13	24	54	1.75
1960-1969	108	0.57142	0.44444	0.5	17	8	14	30	1.69
1960-1969	109	0.59480	0.45845	0.5	10	4	7	16	1.65
1960-1969	110+	0.61775	1.00000	1.62	5	5	8	8	1.62
1970-1979	0	0.01724	0.01698	0.1	100000	1698	98474	7533339	75.33
1970-1979	1	0.00122	0.00122	0.5	98302	120	98242	7434865	75.63
1970-1979	2	0.00075	0.00075	0.5	98182	74	98145	7336623	74.72
1970-1979	3	0.00056	0.00056	0.5	98109	55	98081	7238477	73.78
1970-1979	4	0.00050	0.00050	0.5	98054	49	98029	7140396	72.82
1970-1979	5	0.00045	0.00045	0.5	98005	44	97983	7042367	71.86
1970-1979	6	0.00042	0.00042	0.5	97961	41	97940	6944384	70.89
1970-1979	7	0.00035	0.00035	0.5	97920	35	97902	6846444	69.92
1970-1979	8	0.00028	0.00028	0.5	97885	28	97871	6748542	68.94
1970-1979	9	0.00030	0.00030	0.5	97857	29	97843	6650671	67.96
1970-1979	10	0.00026	0.00026	0.5	97828	25	97815	6552828	66.98
1970-1979	11	0.00025	0.00025	0.5	97803	25	97790	6455013	66.00
1970-1979	12	0.00027	0.00027	0.5	97778	26	97765	6357222	65.02
1970-1979	13	0.00033	0.00033	0.5	97752	32	97736	6259457	64.03
1970-1979	14	0.00039	0.00039	0.5	97719	38	97700	6161722	63.06
1970-1979	15	0.00048	0.00048	0.5	97682	47	97658	6064021	62.08
1970-1979	16	0.00054	0.00054	0.5	97635	52	97609	5966363	61.11
1970-1979	17	0.00061	0.00061	0.5	97583	60	97553	5868754	60.14
1970-1979	18	0.00073	0.00073	0.5	97523	71	97487	5771201	59.18
1970-1979	19	0.00076	0.00076	0.5	97452	74	97415	5673714	58.22
1970-1979	20	0.00073	0.00073	0.5	97378	71	97342	5576299	57.26
1970-1979	21	0.00069	0.00068	0.5	97307	67	97274	5478957	56.31
1970-1979	22	0.00074	0.00074	0.5	97240	72	97204	5381683	55.34
1970-1979	23	0.00072	0.00072	0.5	97169	70	97134	5284478	54.38
1970-1979	24	0.00077	0.00077	0.5	97099	75	97061	5187345	53.42
1970-1979	25	0.00073	0.00073	0.5	97024	71	96989	5090283	52.46
1970-1979	26	0.00084	0.00084	0.5	96953	81	96912	4993295	51.50
1970-1979	27	0.00085	0.00085	0.5	96872	83	96831	4896382	50.54
1970-1979	28	0.00084	0.00084	0.5	96789	82	96749	4799552	49.59
1970-1979	29	0.00095	0.00095	0.5	96708	92	96662	4702803	48.63
1970-1979	30	0.00096	0.00096	0.5	96616	93	96569	4606141	47.67
1970-1979	31	0.00104	0.00104	0.5	96523	100	96473	4509572	46.72
1970-1979	32	0.00112	0.00112	0.5	96423	108	96369	4413099	45.77
1970-1979	33	0.00128	0.00128	0.5	96315	123	96253	4316730	44.82
1970-1979	34	0.00129	0.00129	0.5	96192	124	96129	4220477	43.88
1970-1979	35	0.00139	0.00139	0.5	96067	134	96000	4124348	42.93
1970-1979	36	0.00163	0.00163	0.5	95934	156	95855	4028347	41.99
1970-1979	37	0.00176	0.00176	0.5	95777	168	95693	3932492	41.06
1970-1979	38	0.00199	0.00198	0.5	95609	190	95514	3836799	40.13
1970-1979	39	0.00202	0.00202	0.5	95419	193	95323	3741285	39.21
1970-1979	40	0.00229	0.00228	0.5	95226	217	95118	3645962	38.29
1970-1979	41	0.00236	0.00235	0.5	95009	224	94897	3550845	37.37
1970-1979	42	0.00277	0.00276	0.5	94785	262	94654	3455948	36.46
1970-1979	43	0.00291	0.00291	0.5	94523	275	94386	3361293	35.56
1970-1979	44	0.00326	0.00325	0.5	94249	306	94095	3266907	34.66
1970-1979	45	0.00348	0.00347	0.5	93942	326	93779	3172812	33.77
1970-1979	46	0.00367	0.00366	0.5	93616	343	93444	3079033	32.89
1970-1979	47	0.00421	0.00420	0.5	93273	392	93077	2985589	32.01
1970-1979	48	0.00461	0.00460	0.5	92881	427	92668	2892511	31.14
1970-1979	49	0.00471	0.00470	0.5	92454	434	92237	2799844	30.28
1970-1979	50	0.00523	0.00521	0.5	92020	480	91780	2707607	29.42
1970-1979	51	0.00558	0.00556	0.5	91540	509	91286	2615827	28.58
1970-1979	52	0.00610	0.00608	0.5	91031	554	90754	2524541	27.73
1970-1979	53	0.00637	0.00635	0.5	90477	575	90190	2433787	26.90
1970-1979	54	0.00688	0.00685	0.5	89902	616	89594	2343597	26.07
1970-1979	55	0.00709	0.00706	0.5	89286	631	88971	2254003	25.24
1970-1979	56	0.00787	0.00784	0.5	88656	695	88308	2165032	24.42
1970-1979	57	0.00821	0.00817	0.5	87960	719	87601	2076724	23.61
1970-1979	58	0.00906	0.00902	0.5	87242	787	86848	1989123	22.80
1970-1979	59	0.00986	0.00981	0.5	86454	848	86030	1902275	22.00
1970-1979	60	0.01068	0.01062	0.5	85607	909	85152	1816244	21.22
1970-1979	61	0.01115	0.01109	0.5	84697	939	84228	1731093	20.44
1970-1979	62	0.01298	0.01289	0.5	83758	1080	83218	1646865	19.66
1970-1979	63	0.01356	0.01347	0.5	82678	1114	82121	1563647	18.91
1970-1979	64	0.01475	0.01464	0.5	81564	1194	80967	1481526	18.16
1970-1979	65	0.01602	0.01589	0.5	80370	1277	79732	1400558	17.43
1970-1979	66	0.01685	0.01671	0.5	79093	1322	78432	1320827	16.70
1970-1979	67	0.01851	0.01834	0.5	77771	1426	77058	1242394	15.97
1970-1979	68	0.02016	0.01996	0.5	76345	1524	75583	1165336	15.26
1970-1979	69	0.02234	0.02209	0.5	74821	1653	73995	1089753	14.56
1970-1979	70	0.02541	0.02510	0.5	73168	1836	72250	1015758	13.88
1970-1979	71	0.02656	0.02621	0.5	71332	1869	70398	943508	13.23
1970-1979	72	0.03100	0.03053	0.5	69463	2121	68402	873110	12.57
1970-1979	73	0.03342	0.03288	0.5	67342	2214	66235	804708	11.95
1970-1979	74	0.03679	0.03613	0.5	65128	2353	63952	738473	11.34
1970-1979	75	0.04046	0.03966	0.5	62775	2490	61530	674521	10.75
1970-1979	76	0.04461	0.04364	0.5	60285	2631	58970	612990	10.17
1970-1979	77	0.04849	0.04734	0.5	57655	2729	56290	554020	9.61
1970-1979	78	0.05497	0.05350	0.5	54925	2938	53456	497730	9.06
1970-1979	79	0.06026	0.05850	0.5	51987	3041	50466	444274	8.55
1970-1979	80	0.06867	0.06639	0.5	48946	3249	47321	393808	8.05
1970-1979	81	0.07267	0.07012	0.5	45696	3204	44094	346487	7.58
1970-1979	82	0.08285	0.07955	0.5	42492	3380	40801	302393	7.12
1970-1979	83	0.09213	0.08807	0.5	39111	3445	37389	261592	6.69
1970-1979	84	0.10566	0.10036	0.5	35667	3579	33877	224203	6.29
1970-1979	85	0.11204	0.10610	0.5	32087	3404	30385	190326	5.93
1970-1979	86	0.12552	0.11811	0.5	28683	3388	26989	159941	5.58
1970-1979	87	0.13686	0.12809	0.5	25295	3240	23675	132952	5.26
1970-1979	88	0.14781	0.13764	0.5	22055	3036	20537	109277	4.95
1970-1979	89	0.16154	0.14947	0.5	19019	2843	17598	88740	4.67
1970-1979	90	0.17628	0.16200	0.5	16177	2621	14866	71142	4.40
1970-1979	91	0.18794	0.17179	0.5	13556	2329	12392	56275	4.15
1970-1979	92	0.20435	0.18541	0.5	11227	2082	10186	43884	3.91
1970-1979	93	0.22332	0.20089	0.5	9146	1837	8227	33698	3.68
1970-1979	94	0.23630	0.21133	0.5	7308	1544	6536	25471	3.49
1970-1979	95	0.25495	0.22612	0.5	5764	1303	5112	18935	3.29
1970-1979	96	0.27453	0.24140	0.5	4461	1077	3922	13822	3.10
1970-1979	97	0.29503	0.25710	0.5	3384	870	2949	9900	2.93
1970-1979	98	0.31639	0.27317	0.5	2514	687	2170	6951	2.77
1970-1979	99	0.33855	0.28954	0.5	1827	529	1563	4781	2.62
1970-1979	100	0.36145	0.30612	0.5	1298	397	1099	3218	2.48
1970-1979	101	0.38499	0.32284	0.5	901	291	755	2119	2.35
1970-1979	102	0.40908	0.33962	0.5	610	207	506	1364	2.24
1970-1979	103	0.43362	0.35636	0.5	403	144	331	857	2.13
1970-1979	104	0.45849	0.37298	0.5	259	97	211	526	2.03
1970-1979	105	0.48356	0.38941	0.5	163	63	131	316	1.94
1970-1979	106	0.50872	0.40556	0.5	99	40	79	185	1.86
1970-1979	107	0.53384	0.42137	0.5	59	25	47	105	1.79
1970-1979	108	0.55878	0.43675	0.5	34	15	27	59	1.73
1970-1979	109	0.58343	0.45167	0.5	19	9	15	32	1.68
1970-1979	110+	0.60767	1.00000	1.65	11	11	17	17	1.65
1980-1989	0	0.01121	0.01110	0.08	100000	1110	98984	7738322	77.38
1980-1989	1	0.00083	0.00083	0.5	98890	82	98849	7639338	77.25
1980-1989	2	0.00054	0.00054	0.5	98808	53	98782	7540489	76.31
1980-1989	3	0.00038	0.00038	0.5	98755	38	98736	7441707	75.36
1980-1989	4	0.00029	0.00029	0.5	98717	29	98703	7342971	74.38
1980-1989	5	0.00027	0.00027	0.5	98688	26	98675	7244268	73.41
1980-1989	6	0.00027	0.00027	0.5	98662	27	98648	7145593	72.43
1980-1989	7	0.00023	0.00023	0.5	98635	23	98624	7046945	71.44
1980-1989	8	0.00023	0.00023	0.5	98612	23	98601	6948321	70.46
1980-1989	9	0.00021	0.00021	0.5	98589	20	98579	6849720	69.48
1980-1989	10	0.00020	0.00020	0.5	98569	20	98559	6751141	68.49
1980-1989	11	0.00021	0.00021	0.5	98549	21	98539	6652582	67.51
1980-1989	12	0.00023	0.00023	0.5	98528	22	98517	6554044	66.52
1980-1989	13	0.00025	0.00025	0.5	98506	25	98494	6455527	65.53
1980-1989	14	0.00030	0.00030	0.5	98481	29	98467	6357033	64.55
1980-1989	15	0.00038	0.00038	0.5	98452	37	98433	6258566	63.57
1980-1989	16	0.00052	0.00052	0.5	98415	51	98389	6160133	62.59
1980-1989	17	0.00057	0.00057	0.5	98363	56	98335	6061744	61.63
1980-1989	18	0.00065	0.00065	0.5	98308	64	98275	5963409	60.66
1980-1989	19	0.00061	0.00061	0.5	98243	60	98214	5865133	59.70
1980-1989	20	0.00056	0.00056	0.5	98184	55	98156	5766920	58.74
1980-1989	21	0.00057	0.00057	0.5	98129	56	98101	5668763	57.77
1980-1989	22	0.00060	0.00060	0.5	98073	59	98044	5570662	56.80
1980-1989	23	0.00064	0.00064	0.5	98014	63	97983	5472618	55.83
1980-1989	24	0.00063	0.00063	0.5	97952	62	97921	5374635	54.87
1980-1989	25	0.00063	0.00063	0.5	97890	62	97859	5276714	53.90
1980-1989	26	0.00064	0.00064	0.5	97828	63	97797	5178855	52.94
1980-1989	27	0.00074	0.00074	0.5	97765	73	97729	5081059	51.97
1980-1989	28	0.00076	0.00076	0.5	97692	74	97655	4983330	51.01
1980-1989	29	0.00074	0.00074	0.5	97618	72	97582	4885675	50.05
1980-1989	30	0.00080	0.00080	0.5	97546	78	97506	4788093	49.09
1980-1989	31	0.00086	0.00086	0.5	97467	83	97425	4690587	48.12
1980-1989	32	0.00093	0.00093	0.5	97384	90	97339	4593161	47.17
1980-1989	33	0.00096	0.00096	0.5	97294	93	97247	4495823	46.21
1980-1989	34	0.00101	0.00101	0.5	97200	98	97151	4398576	45.25
1980-1989	35	0.00107	0.00106	0.5	97102	103	97050	4301424	44.30
1980-1989	36	0.00124	0.00124	0.5	96999	120	96938	4204374	43.34
1980-1989	37	0.00130	0.00130	0.5	96878	126	96815	4107436	42.40
1980-1989	38	0.00151	0.00151	0.5	96752	146	96679	4010621	41.45
1980-1989	39	0.00147	0.00147	0.5	96606	142	96535	3913941	40.51
1980-1989	40	0.00168	0.00168	0.5	96464	162	96383	3817406	39.57
1980-1989	41	0.00177	0.00177	0.5	96302	170	96217	3721023	38.64
1980-1989	42	0.00199	0.00199	0.5	96132	191	96037	3624806	37.71
1980-1989	43	0.00212	0.00212	0.5	95941	204	95839	3528769	36.78
1980-1989	44	0.00237	0.00237	0.5	95737	227	95624	3432930	35.86
1980-1989	45	0.00269	0.00269	0.5	95511	257	95382	3337306	34.94
1980-1989	46	0.00284	0.00284	0.5	95254	270	95119	3241924	34.03
1980-1989	47	0.00311	0.00311	0.5	94984	295	94836	3146805	33.13
1980-1989	48	0.00371	0.00370	0.5	94689	351	94514	3051968	32.23
1980-1989	49	0.00366	0.00365	0.5	94338	345	94166	2957455	31.35
1980-1989	50	0.00424	0.00423	0.5	93993	398	93795	2863289	30.46
1980-1989	51	0.00471	0.00470	0.5	93596	440	93376	2769494	29.59
1980-1989	52	0.00516	0.00514	0.5	93156	479	92916	2676119	28.73
1980-1989	53	0.00553	0.00552	0.5	92677	511	92421	2583202	27.87
1980-1989	54	0.00617	0.00615	0.5	92165	566	91882	2490781	27.03
1980-1989	55	0.00656	0.00654	0.5	91599	599	91300	2398899	26.19
1980-1989	56	0.00726	0.00724	0.5	91000	659	90671	2307599	25.36
1980-1989	57	0.00778	0.00775	0.5	90341	700	89992	2216929	24.54
1980-1989	58	0.00875	0.00871	0.5	89642	781	89251	2126937	23.73
1980-1989	59	0.00887	0.00883	0.5	88861	784	88469	2037686	22.93
1980-1989	60	0.01002	0.00997	0.5	88077	878	87637	1949217	22.13
1980-1989	61	0.01098	0.01092	0.5	87198	952	86722	1861579	21.35
1980-1989	62	0.01223	0.01215	0.5	86246	1048	85722	1774857	20.58
1980-1989	63	0.01279	0.01271	0.5	85198	1082	84657	1689135	19.83
1980-1989	64	0.01364	0.01354	0.5	84115	1139	83546	1604479	19.07
1980-1989	65	0.01535	0.01524	0.5	82976	1264	82344	1520933	18.33
1980-1989	66	0.01601	0.01589	0.5	81712	1298	81063	1438589	17.61
1980-1989	67	0.01691	0.01677	0.5	80414	1348	79740	1357526	16.88
1980-1989	68	0.01874	0.01857	0.5	79065	1468	78331	1277786	16.16
1980-1989	69	0.02015	0.01995	0.5	77597	1548	76823	1199455	15.46
1980-1989	70	0.02217	0.02193	0.5	76049	1667	75215	1122632	14.76
1980-1989	71	0.02372	0.02344	0.5	74382	1744	73510	1047416	14.08
1980-1989	72	0.02691	0.02656	0.5	72638	1929	71674	973906	13.41
1980-1989	73	0.02969	0.02925	0.5	70709	2068	69675	902233	12.76
1980-1989	74	0.03167	0.03117	0.5	68641	2140	67571	832558	12.13
1980-1989	75	0.03560	0.03498	0.5	66501	2326	65338	764987	11.50
1980-1989	76	0.03886	0.03812	0.5	64175	2446	62952	699649	10.90
1980-1989	77	0.04189	0.04103	0.5	61729	2533	60463	636697	10.31
1980-1989	78	0.04765	0.04655	0.5	59196	2755	57819	576234	9.73
1980-1989	79	0.04950	0.04830	0.5	56441	2726	55078	518416	9.19
1980-1989	80	0.05908	0.05738	0.5	53715	3082	52174	463338	8.63
1980-1989	81	0.06512	0.06307	0.5	50633	3193	49036	411164	8.12
1980-1989	82	0.07298	0.07042	0.5	47439	3340	45769	362128	7.63
1980-1989	83	0.08119	0.07802	0.5	44099	3441	42378	316359	7.17
1980-1989	84	0.08975	0.08590	0.5	40658	3492	38912	273981	6.74
1980-1989	85	0.09856	0.09393	0.5	37166	3491	35420	235069	6.32
1980-1989	86	0.11046	0.10468	0.5	33674	3525	31912	199649	5.93
1980-1989	87	0.12263	0.11555	0.5	30149	3484	28408	167737	5.56
1980-1989	88	0.13275	0.12449	0.5	26666	3320	25006	139330	5.23
1980-1989	89	0.14566	0.13577	0.5	23346	3170	21761	114323	4.90
1980-1989	90	0.16284	0.15058	0.5	20177	3038	18657	92562	4.59
1980-1989	91	0.17542	0.16127	0.5	17138	2764	15756	73905	4.31
1980-1989	92	0.19420	0.17701	0.5	14374	2544	13102	58148	4.05
1980-1989	93	0.20721	0.18776	0.5	11830	2221	10719	45046	3.81
1980-1989	94	0.22558	0.20271	0.5	9609	1948	8635	34326	3.57
1980-1989	95	0.24508	0.21832	0.5	7661	1673	6825	25691	3.35
1980-1989	96	0.26568	0.23452	0.5	5988	1404	5286	18867	3.15
1980-1989	97	0.28735	0.25125	0.5	4584	1152	4008	13581	2.96
1980-1989	98	0.31005	0.26844	0.5	3432	921	2972	9572	2.79
1980-1989	99	0.33370	0.28599	0.5	2511	718	2152	6601	2.63
1980-1989	100	0.35822	0.30381	0.5	1793	545	1520	4449	2.48
1980-1989	101	0.38350	0.32180	0.5	1248	402	1047	2928	2.35
1980-1989	102	0.40943	0.33986	0.5	846	288	703	1881	2.22
1980-1989	103	0.43588	0.35788	0.5	559	200	459	1178	2.11
1980-1989	104	0.46269	0.37576	0.5	359	135	291	720	2.01
1980-1989	105	0.48972	0.39339	0.5	224	88	180	428	1.91
1980-1989	106	0.51681	0.41069	0.5	136	56	108	248	1.83
1980-1989	107	0.54380	0.42755	0.5	80	34	63	140	1.75
1980-1989	108	0.57054	0.44391	0.5	46	20	36	77	1.69
1980-1989	109	0.59687	0.45968	0.5	25	12	20	42	1.64
1980-1989	110+	0.62265	1.00000	1.61	14	14	22	22	1.61
1990-1999	0	0.00876	0.00869	0.08	100000	869	99198	7776697	77.77
1990-1999	1	0.00074	0.00074	0.5	99131	74	99094	7677498	77.45
1990-1999	2	0.00047	0.00047	0.5	99057	46	99034	7578404	76.51
1990-1999	3	0.00035	0.00035	0.5	99011	35	98994	7479370	75.54
1990-1999	4	0.00028	0.00028	0.5	98976	28	98963	7380376	74.57
1990-1999	5	0.00023	0.00023	0.5	98949	23	98938	7281413	73.59
1990-1999	6	0.00022	0.00022	0.5	98926	22	98915	7182476	72.60
1990-1999	7	0.00021	0.00021	0.5	98904	21	98894	7083561	71.62
1990-1999	8	0.00020	0.00020	0.5	98883	20	98874	6984667	70.64
1990-1999	9	0.00019	0.00019	0.5	98864	19	98854	6885793	69.65
1990-1999	10	0.00018	0.00018	0.5	98845	18	98836	6786939	68.66
1990-1999	11	0.00018	0.00018	0.5	98827	17	98818	6688103	67.67
1990-1999	12	0.00020	0.00020	0.5	98810	20	98800	6589284	66.69
1990-1999	13	0.00025	0.00025	0.5	98790	25	98777	6490485	65.70
1990-1999	14	0.00031	0.00031	0.5	98765	31	98750	6391707	64.72
1990-1999	15	0.00036	0.00036	0.5	98734	36	98716	6292958	63.74
1990-1999	16	0.00059	0.00059	0.5	98698	58	98669	6194241	62.76
1990-1999	17	0.00066	0.00066	0.5	98640	66	98608	6095572	61.80
1990-1999	18	0.00061	0.00061	0.5	98575	60	98545	5996964	60.84
1990-1999	19	0.00060	0.00060	0.5	98514	59	98485	5898420	59.87
1990-1999	20	0.00057	0.00057	0.5	98455	56	98427	5799935	58.91
1990-1999	21	0.00062	0.00062	0.5	98399	61	98368	5701508	57.94
1990-1999	22	0.00068	0.00067	0.5	98338	66	98305	5603140	56.98
1990-1999	23	0.00064	0.00064	0.5	98272	63	98240	5504835	56.02
1990-1999	24	0.00064	0.00064	0.5	98208	63	98177	5406595	55.05
1990-1999	25	0.00072	0.00072	0.5	98146	70	98111	5308418	54.09
1990-1999	26	0.00073	0.00073	0.5	98075	72	98040	5210307	53.13
1990-1999	27	0.00079	0.00079	0.5	98004	78	97965	5112268	52.16
1990-1999	28	0.00078	0.00078	0.5	97926	76	97888	5014303	51.20
1990-1999	29	0.00088	0.00088	0.5	97850	86	97807	4916415	50.24
1990-1999	30	0.00089	0.00089	0.5	97764	87	97721	4818608	49.29
1990-1999	31	0.00099	0.00099	0.5	97677	96	97629	4720887	48.33
1990-1999	32	0.00100	0.00100	0.5	97581	98	97532	4623258	47.38
1990-1999	33	0.00113	0.00112	0.5	97483	110	97428	4525726	46.43
1990-1999	34	0.00115	0.00115	0.5	97373	112	97317	4428298	45.48
1990-1999	35	0.00116	0.00116	0.5	97262	113	97205	4330981	44.53
1990-1999	36	0.00133	0.00133	0.5	97148	129	97084	4233776	43.58
1990-1999	37	0.00140	0.00140	0.5	97019	136	96951	4136692	42.64
1990-1999	38	0.00163	0.00163	0.5	96883	158	96804	4039741	41.70
1990-1999	39	0.00158	0.00157	0.5	96725	152	96649	3942936	40.76
1990-1999	40	0.00170	0.00169	0.5	96573	164	96491	3846287	39.83
1990-1999	41	0.00181	0.00181	0.5	96409	175	96322	3749796	38.89
1990-1999	42	0.00201	0.00200	0.5	96235	193	96138	3653474	37.96
1990-1999	43	0.00219	0.00219	0.5	96042	210	95937	3557336	37.04
1990-1999	44	0.00226	0.00226	0.5	95831	217	95723	3461399	36.12
1990-1999	45	0.00250	0.00250	0.5	95615	239	95495	3365676	35.20
1990-1999	46	0.00276	0.00275	0.5	95376	263	95244	3270181	34.29
1990-1999	47	0.00304	0.00304	0.5	95113	289	94969	3174936	33.38
1990-1999	48	0.00345	0.00345	0.5	94824	327	94661	3079968	32.48
1990-1999	49	0.00367	0.00366	0.5	94497	346	94324	2985307	31.59
1990-1999	50	0.00381	0.00380	0.5	94151	358	93972	2890982	30.71
1990-1999	51	0.00431	0.00430	0.5	93794	403	93592	2797010	29.82
1990-1999	52	0.00485	0.00484	0.5	93390	452	93164	2703418	28.95
1990-1999	53	0.00517	0.00516	0.5	92939	479	92699	2610254	28.09
1990-1999	54	0.00556	0.00554	0.5	92459	512	92203	2517555	27.23
1990-1999	55	0.00616	0.00614	0.5	91947	565	91665	2425352	26.38
1990-1999	56	0.00702	0.00699	0.5	91382	639	91062	2333687	25.54
1990-1999	57	0.00733	0.00731	0.5	90743	663	90411	2242625	24.71
1990-1999	58	0.00825	0.00821	0.5	90080	740	89710	2152213	23.89
1990-1999	59	0.00894	0.00890	0.5	89340	795	88942	2062504	23.09
1990-1999	60	0.00958	0.00953	0.5	88544	844	88123	1973562	22.29
1990-1999	61	0.01083	0.01077	0.5	87701	945	87228	1885439	21.50
1990-1999	62	0.01191	0.01184	0.5	86756	1027	86242	1798211	20.73
1990-1999	63	0.01280	0.01272	0.5	85729	1090	85184	1711968	19.97
1990-1999	64	0.01353	0.01344	0.5	84639	1137	84070	1626785	19.22
1990-1999	65	0.01489	0.01478	0.5	83501	1235	82884	1542715	18.48
1990-1999	66	0.01634	0.01621	0.5	82267	1333	81600	1459831	17.75
1990-1999	67	0.01723	0.01708	0.5	80934	1383	80242	1378230	17.03
1990-1999	68	0.01880	0.01862	0.5	79551	1482	78810	1297988	16.32
1990-1999	69	0.02049	0.02028	0.5	78069	1583	77278	1219178	15.62
1990-1999	70	0.02199	0.02175	0.5	76486	1664	75654	1141900	14.93
1990-1999	71	0.02460	0.02430	0.5	74823	1818	73913	1066245	14.25
1990-1999	72	0.02705	0.02669	0.5	73004	1949	72030	992332	13.59
1990-1999	73	0.02918	0.02876	0.5	71056	2043	70034	920302	12.95
1990-1999	74	0.03162	0.03113	0.5	69012	2148	67938	850268	12.32
1990-1999	75	0.03390	0.03334	0.5	66864	2229	65749	782330	11.70
1990-1999	76	0.03788	0.03717	0.5	64635	2403	63433	716581	11.09
1990-1999	77	0.04062	0.03981	0.5	62232	2478	60993	653147	10.50
1990-1999	78	0.04524	0.04424	0.5	59754	2644	58433	592154	9.91
1990-1999	79	0.04992	0.04870	0.5	57111	2781	55720	533721	9.35
1990-1999	80	0.05658	0.05502	0.5	54329	2989	52835	478001	8.80
1990-1999	81	0.06259	0.06069	0.5	51340	3116	49782	425167	8.28
1990-1999	82	0.06923	0.06691	0.5	48224	3227	46611	375385	7.78
1990-1999	83	0.07721	0.07434	0.5	44997	3345	43325	328774	7.31
1990-1999	84	0.08524	0.08176	0.5	41652	3405	39950	285449	6.85
1990-1999	85	0.09385	0.08964	0.5	38247	3429	36533	245500	6.42
1990-1999	86	0.10586	0.10053	0.5	34818	3500	33068	208967	6.00
1990-1999	87	0.11615	0.10977	0.5	31318	3438	29599	175899	5.62
1990-1999	88	0.13124	0.12316	0.5	27880	3434	26163	146300	5.25
1990-1999	89	0.14150	0.13215	0.5	24446	3231	22831	120136	4.91
1990-1999	90	0.15817	0.14657	0.5	21216	3110	19661	97305	4.59
1990-1999	91	0.17475	0.16071	0.5	18106	2910	16651	77644	4.29
1990-1999	92	0.19161	0.17486	0.5	15196	2657	13868	60993	4.01
1990-1999	93	0.20836	0.18871	0.5	12539	2366	11356	47126	3.76
1990-1999	94	0.22786	0.20456	0.5	10173	2081	9132	35770	3.52
1990-1999	95	0.24861	0.22112	0.5	8092	1789	7197	26637	3.29
1990-1999	96	0.27058	0.23834	0.5	6303	1502	5552	19440	3.08
1990-1999	97	0.29374	0.25613	0.5	4800	1230	4186	13888	2.89
1990-1999	98	0.31802	0.27439	0.5	3571	980	3081	9702	2.72
1990-1999	99	0.34333	0.29302	0.5	2591	759	2211	6621	2.56
1990-1999	100	0.36956	0.31192	0.5	1832	571	1546	4410	2.41
1990-1999	101	0.39658	0.33095	0.5	1260	417	1052	2864	2.27
1990-1999	102	0.42425	0.35000	0.5	843	295	696	1812	2.15
1990-1999	103	0.45240	0.36895	0.5	548	202	447	1116	2.04
1990-1999	104	0.48086	0.38766	0.5	346	134	279	669	1.93
1990-1999	105	0.50945	0.40602	0.5	212	86	169	390	1.84
1990-1999	106	0.53797	0.42394	0.5	126	53	99	221	1.76
1990-1999	107	0.56625	0.44130	0.5	72	32	56	122	1.69
1990-1999	108	0.59410	0.45804	0.5	40	19	31	66	1.62
1990-1999	109	0.62136	0.47407	0.5	22	10	17	35	1.57
1990-1999	110+	0.64787	1.00000	1.54	12	12	18	18	1.54
2000-2009	0	0.00785	0.00779	0.07	100000	779	99279	7786038	77.86
2000-2009	1	0.00056	0.00056	0.5	99221	56	99193	7686759	77.47
2000-2009	2	0.00037	0.00037	0.5	99165	37	99146	7587566	76.51
2000-2009	3	0.00025	0.00025	0.5	99128	25	99115	7488420	75.54
2000-2009	4	0.00021	0.00021	0.5	99103	20	99093	7389304	74.56
2000-2009	5	0.00017	0.00017	0.5	99082	17	99074	7290212	73.58
2000-2009	6	0.00015	0.00015	0.5	99065	15	99058	7191138	72.59
2000-2009	7	0.00016	0.00016	0.5	99050	16	99042	7092080	71.60
2000-2009	8	0.00014	0.00014	0.5	99034	14	99027	6993038	70.61
2000-2009	9	0.00014	0.00014	0.5	99020	14	99013	6894011	69.62
2000-2009	10	0.00014	0.00014	0.5	99006	14	98999	6794998	68.63
2000-2009	11	0.00016	0.00016	0.5	98992	16	98984	6695999	67.64
2000-2009	12	0.00016	0.00016	0.5	98976	16	98968	6597015	66.65
2000-2009	13	0.00021	0.00021	0.5	98960	20	98950	6498047	65.66
2000-2009	14	0.00025	0.00025	0.5	98940	25	98927	6399097	64.68
2000-2009	15	0.00030	0.00030	0.5	98915	30	98900	6300170	63.69
2000-2009	16	0.00046	0.00045	0.5	98885	45	98863	6201270	62.71
2000-2009	17	0.00054	0.00054	0.5	98840	53	98813	6102407	61.74
2000-2009	18	0.00061	0.00061	0.5	98787	61	98756	6003593	60.77
2000-2009	19	0.00059	0.00059	0.5	98726	58	98697	5904837	59.81
2000-2009	20	0.00063	0.00063	0.5	98668	62	98637	5806140	58.85
2000-2009	21	0.00065	0.00065	0.5	98605	64	98574	5707504	57.88
2000-2009	22	0.00069	0.00069	0.5	98542	68	98508	5608930	56.92
2000-2009	23	0.00070	0.00070	0.5	98474	69	98440	5510422	55.96
2000-2009	24	0.00068	0.00068	0.5	98405	67	98372	5411983	55.00
2000-2009	25	0.00069	0.00069	0.5	98339	68	98305	5313611	54.03
2000-2009	26	0.00078	0.00078	0.5	98271	77	98232	5215306	53.07
2000-2009	27	0.00082	0.00082	0.5	98194	81	98154	5117073	52.11
2000-2009	28	0.00090	0.00090	0.5	98113	88	98069	5018920	51.15
2000-2009	29	0.00096	0.00096	0.5	98025	94	97978	4920850	50.20
2000-2009	30	0.00099	0.00099	0.5	97931	97	97883	4822872	49.25
2000-2009	31	0.00102	0.00102	0.5	97835	100	97785	4724989	48.30
2000-2009	32	0.00107	0.00107	0.5	97735	104	97683	4627204	47.34
2000-2009	33	0.00114	0.00114	0.5	97631	111	97575	4529521	46.39
2000-2009	34	0.00122	0.00122	0.5	97520	119	97460	4431946	45.45
2000-2009	35	0.00135	0.00135	0.5	97401	132	97335	4334486	44.50
2000-2009	36	0.00141	0.00141	0.5	97269	137	97200	4237151	43.56
2000-2009	37	0.00156	0.00156	0.5	97132	152	97056	4139951	42.62
2000-2009	38	0.00170	0.00170	0.5	96980	165	96897	4042895	41.69
2000-2009	39	0.00189	0.00189	0.5	96815	183	96724	3945997	40.76
2000-2009	40	0.00200	0.00199	0.5	96632	193	96536	3849274	39.83
2000-2009	41	0.00217	0.00217	0.5	96440	209	96335	3752737	38.91
2000-2009	42	0.00234	0.00233	0.5	96231	225	96119	3656402	38.00
2000-2009	43	0.00264	0.00264	0.5	96006	253	95880	3560284	37.08
2000-2009	44	0.00286	0.00285	0.5	95753	273	95616	3464404	36.18
2000-2009	45	0.00302	0.00302	0.5	95480	288	95336	3368788	35.28
2000-2009	46	0.00324	0.00324	0.5	95192	308	95037	3273452	34.39
2000-2009	47	0.00339	0.00338	0.5	94883	321	94723	3178415	33.50
2000-2009	48	0.00363	0.00363	0.5	94562	343	94391	3083692	32.61
2000-2009	49	0.00398	0.00397	0.5	94219	374	94032	2989301	31.73
2000-2009	50	0.00414	0.00413	0.5	93845	388	93651	2895269	30.85
2000-2009	51	0.00466	0.00465	0.5	93458	435	93240	2801617	29.98
2000-2009	52	0.00483	0.00482	0.5	93023	448	92799	2708377	29.12
2000-2009	53	0.00513	0.00512	0.5	92575	474	92338	2615579	28.25
2000-2009	54	0.00564	0.00562	0.5	92101	518	91842	2523241	27.40
2000-2009	55	0.00600	0.00598	0.5	91583	548	91309	2431399	26.55
2000-2009	56	0.00653	0.00651	0.5	91035	592	90739	2340090	25.71
2000-2009	57	0.00704	0.00702	0.5	90442	635	90125	2249352	24.87
2000-2009	58	0.00764	0.00761	0.5	89807	683	89466	2159227	24.04
2000-2009	59	0.00841	0.00838	0.5	89124	746	88751	2069761	23.22
2000-2009	60	0.00924	0.00920	0.5	88378	813	87971	1981010	22.42
2000-2009	61	0.00991	0.00986	0.5	87565	864	87133	1893038	21.62
2000-2009	62	0.01082	0.01077	0.5	86701	933	86234	1805905	20.83
2000-2009	63	0.01199	0.01192	0.5	85768	1022	85256	1719671	20.05
2000-2009	64	0.01288	0.01280	0.5	84745	1085	84203	1634415	19.29
2000-2009	65	0.01396	0.01387	0.5	83660	1160	83080	1550212	18.53
2000-2009	66	0.01525	0.01513	0.5	82500	1249	81876	1467132	17.78
2000-2009	67	0.01649	0.01635	0.5	81252	1329	80587	1385256	17.05
2000-2009	68	0.01798	0.01782	0.5	79923	1424	79211	1304669	16.32
2000-2009	69	0.01960	0.01941	0.5	78499	1524	77737	1225457	15.61
2000-2009	70	0.02121	0.02099	0.5	76975	1615	76168	1147720	14.91
2000-2009	71	0.02298	0.02272	0.5	75360	1712	74504	1071553	14.22
2000-2009	72	0.02530	0.02498	0.5	73648	1840	72728	997049	13.54
2000-2009	73	0.02795	0.02757	0.5	71808	1979	70818	924321	12.87
2000-2009	74	0.03037	0.02992	0.5	69829	2089	68784	853503	12.22
2000-2009	75	0.03356	0.03300	0.5	67739	2236	66621	784719	11.58
2000-2009	76	0.03674	0.03608	0.5	65504	2363	64322	718097	10.96
2000-2009	77	0.04069	0.03988	0.5	63140	2518	61881	653775	10.35
2000-2009	78	0.04477	0.04379	0.5	60622	2655	59295	591894	9.76
2000-2009	79	0.04926	0.04808	0.5	57968	2787	56574	532599	9.19
2000-2009	80	0.05598	0.05446	0.5	55181	3005	53678	476025	8.63
2000-2009	81	0.06206	0.06019	0.5	52176	3140	50606	422347	8.09
2000-2009	82	0.06992	0.06756	0.5	49035	3313	47379	371741	7.58
2000-2009	83	0.07749	0.07460	0.5	45723	3411	44017	324362	7.09
2000-2009	84	0.08644	0.08286	0.5	42312	3506	40559	280345	6.63
2000-2009	85	0.09673	0.09227	0.5	38806	3581	37015	239786	6.18
2000-2009	86	0.10888	0.10326	0.5	35225	3637	33406	202770	5.76
2000-2009	87	0.11954	0.11280	0.5	31588	3563	29806	169364	5.36
2000-2009	88	0.13631	0.12761	0.5	28025	3576	26237	139558	4.98
2000-2009	89	0.15197	0.14124	0.5	24448	3453	22722	113321	4.64
2000-2009	90	0.16881	0.15567	0.5	20995	3268	19361	90599	4.32
2000-2009	91	0.18270	0.16741	0.5	17727	2968	16243	71238	4.02
2000-2009	92	0.20945	0.18959	0.5	14759	2798	13360	54995	3.73
2000-2009	93	0.22960	0.20596	0.5	11961	2464	10729	41634	3.48
2000-2009	94	0.24855	0.22108	0.5	9498	2100	8448	30905	3.25
2000-2009	95	0.27242	0.23976	0.5	7398	1774	6511	22457	3.04
2000-2009	96	0.29768	0.25911	0.5	5624	1457	4896	15946	2.84
2000-2009	97	0.32423	0.27900	0.5	4167	1163	3586	11051	2.65
2000-2009	98	0.35196	0.29929	0.5	3004	899	2555	7465	2.48
2000-2009	99	0.38073	0.31985	0.5	2105	673	1768	4910	2.33
2000-2009	100	0.41037	0.34050	0.5	1432	488	1188	3142	2.19
2000-2009	101	0.44067	0.36110	0.5	944	341	774	1954	2.07
2000-2009	102	0.47141	0.38149	0.5	603	230	488	1180	1.96
2000-2009	103	0.50238	0.40152	0.5	373	150	298	692	1.85
2000-2009	104	0.53332	0.42105	0.5	223	94	176	394	1.76
2000-2009	105	0.56402	0.43995	0.5	129	57	101	217	1.68
2000-2009	106	0.59423	0.45811	0.5	72	33	56	116	1.61
2000-2009	107	0.62374	0.47546	0.5	39	19	30	61	1.54
2000-2009	108	0.65236	0.49191	0.5	21	10	16	31	1.49
2000-2009	109	0.67992	0.50742	0.5	10	5	8	15	1.44
2000-2009	110+	0.70628	1.00000	1.42	5	5	7	7	1.42
2010-2019	0	0.00684	0.00680	0.07	100000	680	99369	7823998	78.24
2010-2019	1	0.00048	0.00048	0.5	99320	47	99297	7724629	77.77
2010-2019	2	0.00034	0.00034	0.5	99273	34	99256	7625332	76.81
2010-2019	3	0.00023	0.00023	0.5	99239	23	99228	7526076	75.84
2010-2019	4	0.00017	0.00017	0.5	99216	16	99208	7426848	74.86
2010-2019	5	0.00016	0.00016	0.5	99200	16	99192	7327640	73.87
2010-2019	6	0.00013	0.00013	0.5	99183	13	99177	7228449	72.88
2010-2019	7	0.00014	0.00014	0.5	99170	14	99163	7129272	71.89
2010-2019	8	0.00014	0.00014	0.5	99156	13	99150	7030109	70.90
2010-2019	9	0.00017	0.00017	0.5	99143	17	99135	6930959	69.91
2010-2019	10	0.00011	0.00011	0.5	99126	11	99121	6831824	68.92
2010-2019	11	0.00013	0.00013	0.5	99115	13	99108	6732703	67.93
2010-2019	12	0.00017	0.00017	0.5	99102	17	99093	6633595	66.94
2010-2019	13	0.00017	0.00017	0.5	99085	17	99076	6534502	65.95
2010-2019	14	0.00019	0.00019	0.5	99068	19	99059	6435425	64.96
2010-2019	15	0.00023	0.00023	0.5	99049	22	99038	6336367	63.97
2010-2019	16	0.00031	0.00031	0.5	99026	31	99011	6237329	62.99
2010-2019	17	0.00038	0.00038	0.5	98996	38	98977	6138318	62.01
2010-2019	18	0.00046	0.00046	0.5	98958	46	98935	6039341	61.03
2010-2019	19	0.00051	0.00051	0.5	98913	50	98887	5940405	60.06
2010-2019	20	0.00057	0.00057	0.5	98862	56	98834	5841518	59.09
2010-2019	21	0.00058	0.00058	0.5	98806	57	98777	5742684	58.12
2010-2019	22	0.00061	0.00061	0.5	98748	60	98718	5643907	57.15
2010-2019	23	0.00070	0.00070	0.5	98688	69	98654	5545189	56.19
2010-2019	24	0.00066	0.00066	0.5	98619	65	98587	5446535	55.23
2010-2019	25	0.00075	0.00075	0.5	98555	74	98518	5347948	54.26
2010-2019	26	0.00081	0.00081	0.5	98481	80	98441	5249430	53.30
2010-2019	27	0.00087	0.00087	0.5	98401	85	98358	5150990	52.35
2010-2019	28	0.00097	0.00097	0.5	98315	95	98267	5052632	51.39
2010-2019	29	0.00105	0.00105	0.5	98220	103	98168	4954364	50.44
2010-2019	30	0.00115	0.00115	0.5	98116	113	98060	4856196	49.49
2010-2019	31	0.00121	0.00121	0.5	98003	118	97944	4758136	48.55
2010-2019	32	0.00130	0.00130	0.5	97885	127	97822	4660192	47.61
2010-2019	33	0.00139	0.00139	0.5	97758	136	97690	4562371	46.67
2010-2019	34	0.00140	0.00140	0.5	97622	137	97554	4464681	45.73
2010-2019	35	0.00159	0.00159	0.5	97486	155	97408	4367127	44.80
2010-2019	36	0.00159	0.00159	0.5	97331	155	97254	4269718	43.87
2010-2019	37	0.00176	0.00176	0.5	97176	171	97091	4172465	42.94
2010-2019	38	0.00188	0.00188	0.5	97005	183	96914	4075374	42.01
2010-2019	39	0.00202	0.00202	0.5	96823	196	96725	3978460	41.09
2010-2019	40	0.00200	0.00200	0.5	96627	193	96531	3881735	40.17
2010-2019	41	0.00223	0.00222	0.5	96434	214	96327	3785204	39.25
2010-2019	42	0.00245	0.00245	0.5	96220	236	96102	3688877	38.34
2010-2019	43	0.00261	0.00261	0.5	95984	250	95859	3592776	37.43
2010-2019	44	0.00287	0.00286	0.5	95734	274	95597	3496917	36.53
2010-2019	45	0.00312	0.00312	0.5	95460	298	95311	3401320	35.63
2010-2019	46	0.00330	0.00329	0.5	95162	313	95005	3306009	34.74
2010-2019	47	0.00372	0.00371	0.5	94849	352	94673	3211004	33.85
2010-2019	48	0.00393	0.00392	0.5	94497	371	94311	3116331	32.98
2010-2019	49	0.00419	0.00418	0.5	94126	394	93929	3022020	32.11
2010-2019	50	0.00468	0.00467	0.5	93732	438	93513	2928091	31.24
2010-2019	51	0.00505	0.00504	0.5	93294	470	93059	2834578	30.38
2010-2019	52	0.00540	0.00539	0.5	92824	500	92574	2741519	29.53
2010-2019	53	0.00585	0.00584	0.5	92324	539	92054	2648945	28.69
2010-2019	54	0.00630	0.00628	0.5	91785	577	91497	2556891	27.86
2010-2019	55	0.00671	0.00669	0.5	91208	610	90903	2465394	27.03
2010-2019	56	0.00732	0.00730	0.5	90598	661	90268	2374491	26.21
2010-2019	57	0.00775	0.00772	0.5	89937	694	89590	2284223	25.40
2010-2019	58	0.00802	0.00799	0.5	89243	713	88887	2194633	24.59
2010-2019	59	0.00849	0.00846	0.5	88530	749	88156	2105746	23.79
2010-2019	60	0.00920	0.00916	0.5	87781	804	87379	2017591	22.98
2010-2019	61	0.00985	0.00980	0.5	86977	853	86551	1930211	22.19
2010-2019	62	0.01059	0.01054	0.5	86125	907	85671	1843660	21.41
2010-2019	63	0.01127	0.01120	0.5	85217	955	84740	1757989	20.63
2010-2019	64	0.01232	0.01224	0.5	84263	1032	83747	1673249	19.86
2010-2019	65	0.01305	0.01296	0.5	83231	1079	82692	1589503	19.10
2010-2019	66	0.01389	0.01379	0.5	82152	1133	81586	1506811	18.34
2010-2019	67	0.01519	0.01507	0.5	81019	1221	80409	1425225	17.59
2010-2019	68	0.01654	0.01640	0.5	79798	1309	79144	1344816	16.85
2010-2019	69	0.01826	0.01810	0.5	78489	1421	77779	1265673	16.13
2010-2019	70	0.01977	0.01958	0.5	77069	1509	76314	1187894	15.41
2010-2019	71	0.02163	0.02140	0.5	75560	1617	74751	1111579	14.71
2010-2019	72	0.02358	0.02331	0.5	73943	1723	73081	1036828	14.02
2010-2019	73	0.02558	0.02525	0.5	72220	1824	71308	963747	13.34
2010-2019	74	0.02837	0.02797	0.5	70396	1969	69411	892439	12.68
2010-2019	75	0.03094	0.03047	0.5	68427	2085	67384	823028	12.03
2010-2019	76	0.03352	0.03296	0.5	66342	2187	65248	755644	11.39
2010-2019	77	0.03719	0.03651	0.5	64155	2343	62984	690395	10.76
2010-2019	78	0.04087	0.04005	0.5	61812	2476	60575	627412	10.15
2010-2019	79	0.04594	0.04491	0.5	59337	2665	58004	566837	9.55
2010-2019	80	0.05208	0.05076	0.5	56672	2877	55234	508833	8.98
2010-2019	81	0.05821	0.05656	0.5	53795	3043	52274	453599	8.43
2010-2019	82	0.06514	0.06309	0.5	50752	3202	49151	401325	7.91
2010-2019	83	0.07124	0.06879	0.5	47550	3271	45915	352174	7.41
2010-2019	84	0.07967	0.07662	0.5	44279	3393	42583	306259	6.92
2010-2019	85	0.09082	0.08688	0.5	40887	3552	39111	263676	6.45
2010-2019	86	0.10069	0.09586	0.5	37335	3579	35545	224565	6.01
2010-2019	87	0.11162	0.10572	0.5	33756	3569	31971	189020	5.60
2010-2019	88	0.12641	0.11890	0.5	30187	3589	28393	157048	5.20
2010-2019	89	0.14099	0.13170	0.5	26598	3503	24847	128656	4.84
2010-2019	90	0.15843	0.14680	0.5	23095	3390	21400	103809	4.49
2010-2019	91	0.17486	0.16080	0.5	19705	3169	18120	82409	4.18
2010-2019	92	0.19417	0.17699	0.5	16536	2927	15073	64289	3.89
2010-2019	93	0.21486	0.19402	0.5	13609	2641	12289	49216	3.62
2010-2019	94	0.23683	0.21175	0.5	10969	2323	9808	36927	3.37
2010-2019	95	0.26029	0.23032	0.5	8646	1991	7651	27119	3.14
2010-2019	96	0.28521	0.24961	0.5	6655	1661	5824	19469	2.93
2010-2019	97	0.31151	0.26953	0.5	4994	1346	4321	13644	2.73
2010-2019	98	0.33908	0.28993	0.5	3648	1058	3119	9324	2.56
2010-2019	99	0.36780	0.31067	0.5	2590	805	2188	6205	2.40
2010-2019	100	0.39748	0.33158	0.5	1785	592	1489	4017	2.25
2010-2019	101	0.42793	0.35251	0.5	1193	421	983	2527	2.12
2010-2019	102	0.45894	0.37329	0.5	773	288	629	1544	2.00
2010-2019	103	0.49028	0.39375	0.5	484	191	389	916	1.89
2010-2019	104	0.52168	0.41376	0.5	294	121	233	527	1.79
2010-2019	105	0.55292	0.43317	0.5	172	75	135	294	1.71
2010-2019	106	0.58375	0.45186	0.5	98	44	76	159	1.63
2010-2019	107	0.61393	0.46974	0.5	53	25	41	84	1.56
2010-2019	108	0.64327	0.48672	0.5	28	14	21	43	1.51
2010-2019	109	0.67156	0.50275	0.5	15	7	11	21	1.46
2010-2019	110+	0.69867	1.00000	1.43	7	7	10	10	1.43
2020-2022	0	0.00615	0.00612	0.07	100000	612	99431	7622355	76.22
2020-2022	1	0.00054	0.00054	0.5	99388	53	99362	7522923	75.69
2020-2022	2	0.00028	0.00028	0.5	99335	28	99321	7423561	74.73
2020-2022	3	0.00023	0.00023	0.5	99307	23	99296	7324240	73.75
2020-2022	4	0.00017	0.00017	0.5	99285	17	99276	7224944	72.77
2020-2022	5	0.00017	0.00017	0.5	99268	16	99260	7125668	71.78
2020-2022	6	0.00016	0.00016	0.5	99252	16	99244	7026408	70.79
2020-2022	7	0.00014	0.00014	0.5	99236	14	99229	6927165	69.81
2020-2022	8	0.00014	0.00014	0.5	99222	14	99214	6827936	68.82
2020-2022	9	0.00012	0.00012	0.5	99207	12	99201	6728722	67.82
2020-2022	10	0.00010	0.00010	0.5	99195	10	99190	6629521	66.83
2020-2022	11	0.00014	0.00014	0.5	99185	14	99178	6530330	65.84
2020-2022	12	0.00013	0.00013	0.5	99171	13	99164	6431152	64.85
2020-2022	13	0.00019	0.00019	0.5	99158	18	99149	6331988	63.86
2020-2022	14	0.00019	0.00019	0.5	99139	19	99130	6232839	62.87
2020-2022	15	0.00023	0.00023	0.5	99120	23	99109	6133709	61.88
2020-2022	16	0.00034	0.00034	0.5	99098	33	99081	6034600	60.90
2020-2022	17	0.00044	0.00044	0.5	99064	43	99043	5935519	59.92
2020-2022	18	0.00053	0.00053	0.5	99021	52	98995	5836477	58.94
2020-2022	19	0.00064	0.00064	0.5	98969	63	98937	5737482	57.97
2020-2022	20	0.00069	0.00069	0.5	98906	68	98871	5638544	57.01
2020-2022	21	0.00085	0.00085	0.5	98837	84	98795	5539673	56.05
2020-2022	22	0.00078	0.00078	0.5	98753	77	98715	5440878	55.10
2020-2022	23	0.00103	0.00103	0.5	98676	102	98625	5342163	54.14
2020-2022	24	0.00100	0.00100	0.5	98575	99	98525	5243538	53.19
2020-2022	25	0.00100	0.00100	0.5	98476	98	98426	5145012	52.25
2020-2022	26	0.00105	0.00105	0.5	98377	103	98326	5046586	51.30
2020-2022	27	0.00114	0.00114	0.5	98275	112	98218	4948260	50.35
2020-2022	28	0.00130	0.00130	0.5	98162	128	98098	4850042	49.41
2020-2022	29	0.00144	0.00144	0.5	98035	141	97964	4751943	48.47
2020-2022	30	0.00153	0.00153	0.5	97894	150	97819	4653979	47.54
2020-2022	31	0.00161	0.00161	0.5	97744	157	97665	4556160	46.61
2020-2022	32	0.00177	0.00177	0.5	97586	172	97500	4458495	45.69
2020-2022	33	0.00195	0.00195	0.5	97414	190	97319	4360995	44.77
2020-2022	34	0.00202	0.00202	0.5	97224	196	97126	4263676	43.85
2020-2022	35	0.00207	0.00206	0.5	97028	200	96928	4166550	42.94
2020-2022	36	0.00224	0.00224	0.5	96827	217	96719	4069623	42.03
2020-2022	37	0.00251	0.00251	0.5	96611	243	96489	3972904	41.12
2020-2022	38	0.00257	0.00256	0.5	96368	247	96244	3876415	40.23
2020-2022	39	0.00276	0.00276	0.5	96121	265	95988	3780170	39.33
2020-2022	40	0.00297	0.00296	0.5	95856	284	95713	3684182	38.43
2020-2022	41	0.00320	0.00319	0.5	95571	305	95419	3588469	37.55
2020-2022	42	0.00331	0.00330	0.5	95266	314	95109	3493050	36.67
2020-2022	43	0.00345	0.00344	0.5	94952	327	94788	3397941	35.79
2020-2022	44	0.00373	0.00372	0.5	94625	352	94449	3303152	34.91
2020-2022	45	0.00418	0.00418	0.5	94273	394	94076	3208703	34.04
2020-2022	46	0.00410	0.00409	0.5	93879	384	93687	3114627	33.18
2020-2022	47	0.00441	0.00440	0.5	93495	411	93290	3020939	32.31
2020-2022	48	0.00511	0.00510	0.5	93084	475	92847	2927650	31.45
2020-2022	49	0.00517	0.00515	0.5	92609	477	92371	2834803	30.61
2020-2022	50	0.00581	0.00579	0.5	92132	533	91865	2742433	29.77
2020-2022	51	0.00583	0.00582	0.5	91599	533	91332	2650568	28.94
2020-2022	52	0.00660	0.00658	0.5	91066	599	90766	2559235	28.10
2020-2022	53	0.00667	0.00665	0.5	90466	601	90166	2468469	27.29
2020-2022	54	0.00743	0.00740	0.5	89865	665	89533	2378304	26.47
2020-2022	55	0.00807	0.00803	0.5	89200	717	88842	2288771	25.66
2020-2022	56	0.00884	0.00880	0.5	88484	779	88094	2199929	24.86
2020-2022	57	0.00942	0.00937	0.5	87705	822	87294	2111835	24.08
2020-2022	58	0.01036	0.01031	0.5	86883	896	86435	2024541	23.30
2020-2022	59	0.01081	0.01075	0.5	85987	924	85525	1938105	22.54
2020-2022	60	0.01175	0.01168	0.5	85063	993	84567	1852580	21.78
2020-2022	61	0.01270	0.01262	0.5	84070	1061	83539	1768013	21.03
2020-2022	62	0.01361	0.01352	0.5	83009	1122	82448	1684474	20.29
2020-2022	63	0.01449	0.01438	0.5	81887	1178	81298	1602026	19.56
2020-2022	64	0.01518	0.01506	0.5	80709	1216	80101	1520728	18.84
2020-2022	65	0.01600	0.01587	0.5	79493	1261	78863	1440627	18.12
2020-2022	66	0.01702	0.01688	0.5	78232	1320	77572	1361765	17.41
2020-2022	67	0.01841	0.01824	0.5	76912	1403	76210	1284193	16.70
2020-2022	68	0.01938	0.01919	0.5	75508	1449	74784	1207983	16.00
2020-2022	69	0.02126	0.02103	0.5	74059	1558	73281	1133199	15.30
2020-2022	70	0.02242	0.02217	0.5	72502	1607	71698	1059919	14.62
2020-2022	71	0.02453	0.02424	0.5	70894	1718	70035	988221	13.94
2020-2022	72	0.02694	0.02658	0.5	69176	1839	68257	918185	13.27
2020-2022	73	0.02982	0.02938	0.5	67337	1978	66348	849929	12.62
2020-2022	74	0.03172	0.03123	0.5	65359	2041	64338	783580	11.99
2020-2022	75	0.03605	0.03541	0.5	63318	2242	62197	719242	11.36
2020-2022	76	0.03897	0.03822	0.5	61076	2334	59908	657045	10.76
2020-2022	77	0.04419	0.04323	0.5	58741	2540	57471	597137	10.17
2020-2022	78	0.04806	0.04693	0.5	56202	2637	54883	539666	9.60
2020-2022	79	0.05337	0.05198	0.5	53564	2784	52172	484783	9.05
2020-2022	80	0.05879	0.05711	0.5	50780	2900	49330	432611	8.52
2020-2022	81	0.06401	0.06203	0.5	47880	2970	46395	383281	8.01
2020-2022	82	0.07157	0.06909	0.5	44910	3103	43358	336886	7.50
2020-2022	83	0.07976	0.07670	0.5	41807	3207	40204	293528	7.02
2020-2022	84	0.08994	0.08607	0.5	38600	3322	36939	253324	6.56
2020-2022	85	0.09715	0.09265	0.5	35278	3268	33644	216385	6.13
2020-2022	86	0.10850	0.10291	0.5	32010	3294	30363	182741	5.71
2020-2022	87	0.12310	0.11596	0.5	28715	3330	27050	152379	5.31
2020-2022	88	0.13684	0.12808	0.5	25386	3251	23760	125328	4.94
2020-2022	89	0.14924	0.13888	0.5	22134	3074	20597	101568	4.59
2020-2022	90	0.17242	0.15874	0.5	19060	3026	17547	80971	4.25
2020-2022	91	0.18836	0.17215	0.5	16035	2760	14655	63423	3.96
2020-2022	92	0.21145	0.19123	0.5	13274	2538	12005	48769	3.67
2020-2022	93	0.22929	0.20571	0.5	10736	2208	9632	36764	3.42
2020-2022	94	0.25554	0.22659	0.5	8527	1932	7561	27132	3.18
2020-2022	95	0.28011	0.24570	0.5	6595	1620	5785	19571	2.97
2020-2022	96	0.30606	0.26544	0.5	4975	1321	4315	13786	2.77
2020-2022	97	0.33330	0.28569	0.5	3654	1044	3132	9471	2.59
2020-2022	98	0.36171	0.30631	0.5	2610	800	2211	6339	2.43
2020-2022	99	0.39111	0.32714	0.5	1811	592	1515	4128	2.28
2020-2022	100	0.42133	0.34802	0.5	1218	424	1006	2614	2.15
2020-2022	101	0.45215	0.36878	0.5	794	293	648	1608	2.02
2020-2022	102	0.48334	0.38927	0.5	501	195	404	960	1.91
2020-2022	103	0.51466	0.40933	0.5	306	125	244	556	1.81
2020-2022	104	0.54587	0.42883	0.5	181	78	142	312	1.73
2020-2022	105	0.57672	0.44764	0.5	103	46	80	170	1.65
2020-2022	106	0.60698	0.46566	0.5	57	27	44	90	1.58
2020-2022	107	0.63644	0.48280	0.5	30	15	23	46	1.51
2020-2022	108	0.66492	0.49902	0.5	16	8	12	23	1.46
2020-2022	109	0.69224	0.51425	0.5	8	4	6	11	1.42
2020-2022	110+	0.71828	1.00000	1.39	4	4	5	5	1.39
