Reg2: Reg2, Lifetables (period 5x5), Males Last modified: February 4 2025, MPv5 (May07) 

Year     	Age	mx	qx	ax	lx	dx	Lx	Tx	ex
1941-1944	0	0.04246	0.04100	0.16	100000	4100	96552	6430722	64.31
1941-1944	1-4	0.00228	0.00908	1.56	95900	871	381479	6334170	66.05
1941-1944	5-9	0.00110	0.00550	2.42	95030	523	473800	5952691	62.64
1941-1944	10-14	0.00109	0.00542	2.64	94506	512	471322	5478892	57.97
1941-1944	15-19	0.00168	0.00837	2.61	93995	787	468091	5007569	53.28
1941-1944	20-24	0.00195	0.00972	2.54	93208	906	463810	4539478	48.70
1941-1944	25-29	0.00216	0.01075	2.55	92302	992	459075	4075668	44.16
1941-1944	30-34	0.00270	0.01342	2.62	91310	1225	453630	3616593	39.61
1941-1944	35-39	0.00386	0.01915	2.65	90085	1725	446365	3162963	35.11
1941-1944	40-44	0.00562	0.02774	2.65	88359	2451	436030	2716599	30.74
1941-1944	45-49	0.00860	0.04214	2.64	85908	3620	421000	2280569	26.55
1941-1944	50-54	0.01291	0.06264	2.64	82288	5154	399269	1859569	22.60
1941-1944	55-59	0.01911	0.09135	2.61	77134	7046	368796	1460300	18.93
1941-1944	60-64	0.02791	0.13084	2.61	70088	9170	328529	1091504	15.57
1941-1944	65-69	0.04067	0.18513	2.58	60918	11278	277296	762975	12.52
1941-1944	70-74	0.06268	0.27144	2.53	49640	13474	214960	485679	9.78
1941-1944	75-79	0.09349	0.37846	2.49	36166	13687	146405	270719	7.49
1941-1944	80-84	0.14687	0.53012	2.38	22478	11916	81134	124314	5.53
1941-1944	85-89	0.21769	0.67880	2.23	10562	7170	32935	43180	4.09
1941-1944	90-94	0.31330	0.80200	1.96	3393	2721	8685	10245	3.02
1941-1944	95-99	0.41999	0.89310	1.78	672	600	1428	1560	2.32
1941-1944	100-104	0.53858	0.94466	1.56	72	68	126	132	1.84
1941-1944	105-109	0.65373	0.97088	1.38	4	4	6	6	1.52
1941-1944	110+	0.74109	1.00000	1.35	0	0	0	0	1.35
1945-1949	0	0.03585	0.03478	0.14	100000	3478	97013	6566212	65.66
1945-1949	1-4	0.00161	0.00642	1.62	96522	619	384615	6469198	67.02
1945-1949	5-9	0.00088	0.00437	2.4	95903	419	478427	6084584	63.45
1945-1949	10-14	0.00087	0.00436	2.68	95484	416	476453	5606157	58.71
1945-1949	15-19	0.00153	0.00761	2.66	95068	724	473644	5129704	53.96
1945-1949	20-24	0.00183	0.00913	2.5	94344	861	469569	4656060	49.35
1945-1949	25-29	0.00185	0.00919	2.54	93483	859	465301	4186491	44.78
1945-1949	30-34	0.00230	0.01145	2.61	92624	1061	460588	3721190	40.18
1945-1949	35-39	0.00331	0.01640	2.66	91564	1502	454307	3260602	35.61
1945-1949	40-44	0.00520	0.02568	2.67	90062	2313	444920	2806295	31.16
1945-1949	45-49	0.00800	0.03928	2.67	87749	3446	430720	2361375	26.91
1945-1949	50-54	0.01266	0.06147	2.63	84302	5182	409250	1930656	22.90
1945-1949	55-59	0.01875	0.08977	2.62	79121	7102	378716	1521406	19.23
1945-1949	60-64	0.02722	0.12769	2.59	72018	9196	337895	1142690	15.87
1945-1949	65-69	0.04020	0.18314	2.58	62822	11505	286216	804795	12.81
1945-1949	70-74	0.05864	0.25642	2.55	51317	13159	224407	518579	10.11
1945-1949	75-79	0.09147	0.37176	2.48	38158	14185	155090	294172	7.71
1945-1949	80-84	0.13666	0.50394	2.4	23973	12081	88402	139082	5.80
1945-1949	85-89	0.20846	0.66205	2.24	11892	7873	37766	50680	4.26
1945-1949	90-94	0.29021	0.77802	2.02	4019	3127	10774	12914	3.21
1945-1949	95-99	0.40561	0.88442	1.81	892	789	1945	2139	2.40
1945-1949	100-104	0.52527	0.94051	1.59	103	97	185	194	1.88
1945-1949	105-109	0.64286	0.96912	1.4	6	6	9	10	1.55
1945-1949	110+	0.73265	1.00000	1.36	0	0	0	0	1.36
1950-1954	0	0.03005	0.02928	0.13	100000	2928	97440	6673707	66.74
1950-1954	1-4	0.00132	0.00528	1.63	97072	512	387074	6576267	67.75
1950-1954	5-9	0.00066	0.00329	2.36	96560	317	481961	6189194	64.10
1950-1954	10-14	0.00071	0.00353	2.77	96242	339	480454	5707232	59.30
1950-1954	15-19	0.00143	0.00714	2.69	95903	684	477934	5226778	54.50
1950-1954	20-24	0.00175	0.00873	2.5	95219	832	474014	4748844	49.87
1950-1954	25-29	0.00175	0.00871	2.51	94387	822	469889	4274830	45.29
1950-1954	30-34	0.00202	0.01006	2.61	93565	942	465575	3804941	40.67
1950-1954	35-39	0.00289	0.01437	2.66	92624	1331	460010	3339366	36.05
1950-1954	40-44	0.00466	0.02307	2.69	91293	2106	451602	2879356	31.54
1950-1954	45-49	0.00765	0.03757	2.67	89187	3351	438142	2427754	27.22
1950-1954	50-54	0.01188	0.05780	2.66	85836	4961	417550	1989612	23.18
1950-1954	55-59	0.01819	0.08718	2.61	80875	7051	387539	1572062	19.44
1950-1954	60-64	0.02695	0.12658	2.61	73824	9345	346802	1184523	16.05
1950-1954	65-69	0.03964	0.18078	2.57	64479	11656	294082	837720	12.99
1950-1954	70-74	0.05827	0.25482	2.54	52823	13460	230993	543639	10.29
1950-1954	75-79	0.08618	0.35428	2.49	39363	13945	161820	312645	7.94
1950-1954	80-84	0.13306	0.49444	2.4	25417	12567	94450	150825	5.93
1950-1954	85-89	0.19904	0.64386	2.26	12850	8274	41567	56375	4.39
1950-1954	90-94	0.28964	0.78166	2.06	4576	3577	12350	14808	3.24
1950-1954	95-99	0.39457	0.87705	1.83	999	876	2221	2458	2.46
1950-1954	100-104	0.51280	0.93617	1.61	123	115	224	237	1.93
1950-1954	105-109	0.63033	0.96684	1.41	8	8	12	12	1.58
1950-1954	110+	0.72085	1.00000	1.39	0	0	0	0	1.39
1955-1959	0	0.02788	0.02722	0.12	100000	2722	97605	6732105	67.32
1955-1959	1-4	0.00108	0.00429	1.59	97278	418	388105	6634501	68.20
1955-1959	5-9	0.00056	0.00281	2.4	96861	272	483596	6246395	64.49
1955-1959	10-14	0.00058	0.00289	2.73	96588	279	482310	5762799	59.66
1955-1959	15-19	0.00139	0.00694	2.75	96310	669	480046	5280489	54.83
1955-1959	20-24	0.00173	0.00859	2.48	95641	822	476137	4800444	50.19
1955-1959	25-29	0.00161	0.00803	2.49	94819	762	472182	4324306	45.61
1955-1959	30-34	0.00185	0.00920	2.6	94058	866	468207	3852125	40.95
1955-1959	35-39	0.00262	0.01303	2.68	93192	1214	463142	3383918	36.31
1955-1959	40-44	0.00433	0.02145	2.69	91978	1973	455339	2920776	31.76
1955-1959	45-49	0.00712	0.03504	2.69	90005	3154	442740	2465437	27.39
1955-1959	50-54	0.01158	0.05638	2.65	86851	4897	422762	2022698	23.29
1955-1959	55-59	0.01744	0.08376	2.64	81954	6864	393579	1599936	19.52
1955-1959	60-64	0.02655	0.12482	2.61	75090	9373	353014	1206356	16.07
1955-1959	65-69	0.04000	0.18233	2.57	65717	11982	299510	853343	12.99
1955-1959	70-74	0.05764	0.25246	2.54	53735	13566	235352	553832	10.31
1955-1959	75-79	0.08771	0.35946	2.49	40169	14439	164623	318481	7.93
1955-1959	80-84	0.13147	0.49021	2.41	25730	12613	95939	153858	5.98
1955-1959	85-89	0.19856	0.64349	2.27	13117	8441	42509	57918	4.42
1955-1959	90-94	0.28297	0.77271	2.06	4676	3613	12769	15410	3.30
1955-1959	95-99	0.39033	0.87408	1.84	1063	929	2380	2640	2.48
1955-1959	100-104	0.50780	0.93432	1.62	134	125	246	260	1.94
1955-1959	105-109	0.62510	0.96584	1.42	9	8	14	14	1.59
1955-1959	110+	0.71578	1.00000	1.4	0	0	0	0	1.40
1960-1964	0	0.02652	0.02592	0.12	100000	2592	97710	6754175	67.54
1960-1964	1-4	0.00099	0.00394	1.65	97408	384	388729	6656465	68.34
1960-1964	5-9	0.00050	0.00252	2.35	97024	244	484475	6267736	64.60
1960-1964	10-14	0.00052	0.00261	2.72	96780	253	483324	5783261	59.76
1960-1964	15-19	0.00127	0.00631	2.79	96527	609	481294	5299937	54.91
1960-1964	20-24	0.00174	0.00864	2.47	95918	829	477491	4818643	50.24
1960-1964	25-29	0.00156	0.00777	2.49	95090	739	473592	4341152	45.65
1960-1964	30-34	0.00182	0.00904	2.6	94351	853	469704	3867560	40.99
1960-1964	35-39	0.00261	0.01295	2.67	93498	1211	464667	3397856	36.34
1960-1964	40-44	0.00415	0.02053	2.68	92287	1895	457043	2933189	31.78
1960-1964	45-49	0.00686	0.03378	2.69	90392	3053	444901	2476146	27.39
1960-1964	50-54	0.01152	0.05610	2.66	87338	4900	425227	2031245	23.26
1960-1964	55-59	0.01773	0.08507	2.64	82439	7013	395621	1606018	19.48
1960-1964	60-64	0.02657	0.12491	2.6	75426	9422	354548	1210397	16.05
1960-1964	65-69	0.03993	0.18194	2.56	66004	12009	300745	855850	12.97
1960-1964	70-74	0.05902	0.25762	2.53	53996	13910	235687	555105	10.28
1960-1964	75-79	0.08564	0.35210	2.48	40085	14114	164800	319418	7.97
1960-1964	80-84	0.13192	0.49177	2.41	25971	12772	96816	154619	5.95
1960-1964	85-89	0.20023	0.64620	2.26	13199	8529	42598	57803	4.38
1960-1964	90-94	0.28695	0.77919	2.07	4670	3639	12681	15204	3.26
1960-1964	95-99	0.39670	0.87863	1.83	1031	906	2284	2523	2.45
1960-1964	100-104	0.51642	0.93754	1.6	125	117	227	239	1.91
1960-1964	105-109	0.63503	0.96776	1.41	8	8	12	12	1.57
1960-1964	110+	0.72605	1.00000	1.38	0	0	0	0	1.38
1965-1969	0	0.02454	0.02402	0.11	100000	2402	97864	6726855	67.27
1965-1969	1-4	0.00091	0.00364	1.68	97598	356	389567	6628991	67.92
1965-1969	5-9	0.00049	0.00245	2.35	97243	238	485582	6239424	64.16
1965-1969	10-14	0.00050	0.00251	2.76	97005	244	484479	5753842	59.32
1965-1969	15-19	0.00157	0.00780	2.91	96761	755	482228	5269363	54.46
1965-1969	20-24	0.00193	0.00961	2.48	96006	922	477705	4787136	49.86
1965-1969	25-29	0.00180	0.00896	2.49	95084	852	473284	4309431	45.32
1965-1969	30-34	0.00202	0.01005	2.59	94232	947	468875	3836147	40.71
1965-1969	35-39	0.00281	0.01393	2.66	93285	1300	463384	3367272	36.10
1965-1969	40-44	0.00441	0.02184	2.67	91985	2009	455243	2903887	31.57
1965-1969	45-49	0.00706	0.03472	2.67	89976	3124	442598	2448645	27.21
1965-1969	50-54	0.01153	0.05615	2.67	86852	4877	422889	2006047	23.10
1965-1969	55-59	0.01807	0.08666	2.64	81975	7104	393133	1583157	19.31
1965-1969	60-64	0.02774	0.13004	2.61	74871	9736	351049	1190024	15.89
1965-1969	65-69	0.04053	0.18446	2.57	65135	12015	296466	838976	12.88
1965-1969	70-74	0.05991	0.26114	2.54	53120	13872	231531	542510	10.21
1965-1969	75-79	0.08810	0.36028	2.47	39248	14141	160509	310978	7.92
1965-1969	80-84	0.13115	0.48916	2.4	25108	12282	93647	150469	5.99
1965-1969	85-89	0.19657	0.63779	2.25	12826	8180	41616	56822	4.43
1965-1969	90-94	0.28624	0.77860	2.07	4646	3617	12637	15206	3.27
1965-1969	95-99	0.38796	0.87235	1.85	1029	897	2313	2570	2.50
1965-1969	100-104	0.50468	0.93313	1.62	131	123	243	257	1.96
1965-1969	105-109	0.62156	0.96513	1.43	9	8	14	14	1.60
1965-1969	110+	0.71213	1.00000	1.4	0	0	0	0	1.40
1970-1974	0	0.02073	0.02035	0.1	100000	2035	98170	6794995	67.95
1970-1974	1-4	0.00082	0.00327	1.69	97965	320	391123	6696824	68.36
1970-1974	5-9	0.00046	0.00227	2.35	97645	222	487637	6305701	64.58
1970-1974	10-14	0.00048	0.00241	2.79	97423	235	486594	5818064	59.72
1970-1974	15-19	0.00154	0.00769	2.89	97188	747	484362	5331470	54.86
1970-1974	20-24	0.00214	0.01065	2.51	96440	1027	479643	4847108	50.26
1970-1974	25-29	0.00180	0.00895	2.46	95413	854	474896	4367464	45.77
1970-1974	30-34	0.00197	0.00978	2.56	94559	925	470542	3892568	41.17
1970-1974	35-39	0.00274	0.01360	2.64	93634	1273	465170	3422027	36.55
1970-1974	40-44	0.00418	0.02070	2.68	92361	1912	457369	2956856	32.01
1970-1974	45-49	0.00690	0.03393	2.66	90449	3069	445070	2499487	27.63
1970-1974	50-54	0.01065	0.05194	2.66	87380	4539	426286	2054417	23.51
1970-1974	55-59	0.01706	0.08200	2.65	82842	6793	398243	1628131	19.65
1970-1974	60-64	0.02635	0.12399	2.62	76049	9429	357788	1229888	16.17
1970-1974	65-69	0.03953	0.18032	2.57	66620	12013	303883	872100	13.09
1970-1974	70-74	0.05818	0.25447	2.54	54607	13896	238857	568217	10.41
1970-1974	75-79	0.08706	0.35701	2.48	40711	14534	166939	329360	8.09
1970-1974	80-84	0.12579	0.47458	2.41	26177	12423	98757	162421	6.20
1970-1974	85-89	0.18646	0.61826	2.28	13754	8503	45605	63663	4.63
1970-1974	90-94	0.27009	0.75741	2.1	5250	3977	14724	18058	3.44
1970-1974	95-99	0.36863	0.85770	1.88	1274	1092	2964	3334	2.62
1970-1974	100-104	0.48138	0.92366	1.66	181	167	348	371	2.05
1970-1974	105-109	0.59658	0.95978	1.47	14	13	22	23	1.67
1970-1974	110+	0.68728	1.00000	1.46	1	1	1	1	1.46
1975-1979	0	0.01612	0.01588	0.09	100000	1588	98552	6962041	69.62
1975-1979	1-4	0.00071	0.00285	1.7	98412	280	393002	6863490	69.74
1975-1979	5-9	0.00038	0.00191	2.35	98131	188	490160	6470487	65.94
1975-1979	10-14	0.00042	0.00209	2.83	97944	205	489272	5980327	61.06
1975-1979	15-19	0.00143	0.00715	2.92	97739	699	487240	5491055	56.18
1975-1979	20-24	0.00198	0.00985	2.46	97040	956	482774	5003815	51.56
1975-1979	25-29	0.00173	0.00862	2.46	96084	829	478316	4521041	47.05
1975-1979	30-34	0.00174	0.00864	2.54	95256	823	474255	4042724	42.44
1975-1979	35-39	0.00233	0.01157	2.64	94432	1092	469587	3568470	37.79
1975-1979	40-44	0.00359	0.01780	2.69	93340	1662	462865	3098883	33.20
1975-1979	45-49	0.00592	0.02920	2.69	91678	2677	452193	2636018	28.75
1975-1979	50-54	0.00955	0.04673	2.67	89001	4159	435298	2183824	24.54
1975-1979	55-59	0.01482	0.07162	2.65	84842	6077	409951	1748526	20.61
1975-1979	60-64	0.02367	0.11209	2.64	78765	8829	372975	1338575	16.99
1975-1979	65-69	0.03588	0.16512	2.59	69936	11548	321855	965600	13.81
1975-1979	70-74	0.05290	0.23432	2.56	58388	13681	258613	643745	11.03
1975-1979	75-79	0.07844	0.32794	2.5	44707	14661	186914	385132	8.61
1975-1979	80-84	0.11566	0.44556	2.42	30046	13387	115743	198218	6.60
1975-1979	85-89	0.17094	0.58595	2.32	16659	9761	57102	82474	4.95
1975-1979	90-94	0.24947	0.72754	2.14	6897	5018	20115	25373	3.68
1975-1979	95-99	0.34245	0.83553	1.94	1879	1570	4585	5257	2.80
1975-1979	100-104	0.45128	0.90966	1.72	309	281	623	672	2.17
1975-1979	105-109	0.56535	0.95204	1.52	28	27	47	49	1.76
1975-1979	110+	0.65670	1.00000	1.52	1	1	2	2	1.52
1980-1984	0	0.01291	0.01276	0.08	100000	1276	98825	7101413	71.01
1980-1984	1-4	0.00061	0.00242	1.64	98724	239	394331	7002588	70.93
1980-1984	5-9	0.00031	0.00153	2.37	98485	151	492029	6608256	67.10
1980-1984	10-14	0.00035	0.00173	2.84	98334	170	491303	6116228	62.20
1980-1984	15-19	0.00116	0.00579	2.94	98164	569	489647	5624925	57.30
1980-1984	20-24	0.00163	0.00810	2.49	97595	790	485995	5135278	52.62
1980-1984	25-29	0.00158	0.00785	2.49	96805	760	482114	4649283	48.03
1980-1984	30-34	0.00164	0.00815	2.52	96045	783	478285	4167169	43.39
1980-1984	35-39	0.00206	0.01024	2.65	95262	976	474011	3688884	38.72
1980-1984	40-44	0.00306	0.01518	2.66	94286	1431	468083	3214873	34.10
1980-1984	45-49	0.00510	0.02520	2.7	92855	2339	458893	2746790	29.58
1980-1984	50-54	0.00847	0.04152	2.67	90515	3758	443826	2287897	25.28
1980-1984	55-59	0.01369	0.06632	2.65	86757	5753	420281	1844071	21.26
1980-1984	60-64	0.02119	0.10088	2.63	81004	8171	385683	1423789	17.58
1980-1984	65-69	0.03278	0.15200	2.61	72832	11071	337749	1038106	14.25
1980-1984	70-74	0.04999	0.22277	2.56	61762	13759	275252	700357	11.34
1980-1984	75-79	0.07458	0.31443	2.51	48003	15094	202372	425106	8.86
1980-1984	80-84	0.11147	0.43370	2.44	32909	14273	128038	222734	6.77
1980-1984	85-89	0.16534	0.57279	2.32	18637	10675	64563	94696	5.08
1980-1984	90-94	0.24080	0.71592	2.17	7962	5700	23671	30133	3.78
1980-1984	95-99	0.33435	0.82814	1.95	2262	1873	5602	6462	2.86
1980-1984	100-104	0.44279	0.90536	1.74	389	352	795	860	2.21
1980-1984	105-109	0.55730	0.94987	1.53	37	35	63	66	1.78
1980-1984	110+	0.64940	1.00000	1.54	2	2	3	3	1.54
1985-1989	0	0.01161	0.01149	0.08	100000	1149	98939	7180174	71.80
1985-1989	1-4	0.00053	0.00213	1.68	98851	211	394915	7081236	71.64
1985-1989	5-9	0.00027	0.00134	2.39	98640	132	492856	6686321	67.79
1985-1989	10-14	0.00033	0.00167	2.85	98508	164	492188	6193464	62.87
1985-1989	15-19	0.00115	0.00576	2.86	98344	566	490510	5701277	57.97
1985-1989	20-24	0.00151	0.00753	2.49	97778	736	487037	5210767	53.29
1985-1989	25-29	0.00152	0.00758	2.53	97042	736	483389	4723729	48.68
1985-1989	30-34	0.00170	0.00848	2.56	96306	817	479535	4240340	44.03
1985-1989	35-39	0.00212	0.01055	2.58	95489	1007	475003	3760806	39.38
1985-1989	40-44	0.00287	0.01426	2.65	94482	1347	469241	3285803	34.78
1985-1989	45-49	0.00451	0.02233	2.66	93135	2080	460809	2816561	30.24
1985-1989	50-54	0.00755	0.03710	2.68	91055	3378	447428	2355753	25.87
1985-1989	55-59	0.01236	0.06009	2.67	87677	5269	426125	1908324	21.77
1985-1989	60-64	0.01998	0.09538	2.63	82408	7861	393396	1482199	17.99
1985-1989	65-69	0.03035	0.14146	2.6	74548	10546	347458	1088803	14.61
1985-1989	70-74	0.04755	0.21325	2.59	64002	13649	287052	741345	11.58
1985-1989	75-79	0.07094	0.30189	2.53	50354	15201	214281	454293	9.02
1985-1989	80-84	0.10884	0.42572	2.44	35152	14965	137496	240012	6.83
1985-1989	85-89	0.16435	0.57166	2.34	20187	11540	70219	102515	5.08
1985-1989	90-94	0.24383	0.72081	2.16	8647	6233	25562	32296	3.73
1985-1989	95-99	0.34305	0.83676	1.94	2414	2020	5889	6734	2.79
1985-1989	100-104	0.45774	0.91336	1.71	394	360	786	845	2.14
1985-1989	105-109	0.57755	0.95551	1.5	34	33	56	59	1.72
1985-1989	110+	0.67288	1.00000	1.49	2	2	2	2	1.49
1990-1994	0	0.01057	0.01047	0.07	100000	1047	99030	7261071	72.61
1990-1994	1-4	0.00049	0.00195	1.66	98953	193	395362	7162041	72.38
1990-1994	5-9	0.00023	0.00115	2.35	98760	114	493498	6766679	68.52
1990-1994	10-14	0.00031	0.00154	2.95	98646	152	492920	6273181	63.59
1990-1994	15-19	0.00121	0.00605	2.87	98494	596	491206	5780261	58.69
1990-1994	20-24	0.00151	0.00754	2.47	97899	738	487625	5289056	54.03
1990-1994	25-29	0.00153	0.00762	2.55	97160	740	483990	4801430	49.42
1990-1994	30-34	0.00184	0.00918	2.55	96420	885	479934	4317441	44.78
1990-1994	35-39	0.00225	0.01121	2.57	95535	1071	475079	3837507	40.17
1990-1994	40-44	0.00298	0.01477	2.61	94464	1396	468992	3362428	35.59
1990-1994	45-49	0.00431	0.02134	2.66	93069	1986	460691	2893436	31.09
1990-1994	50-54	0.00679	0.03343	2.67	91083	3045	448333	2432745	26.71
1990-1994	55-59	0.01102	0.05372	2.67	88039	4729	429173	1984412	22.54
1990-1994	60-64	0.01781	0.08546	2.64	83310	7120	399765	1555239	18.67
1990-1994	65-69	0.02819	0.13212	2.63	76190	10066	357053	1155474	15.17
1990-1994	70-74	0.04281	0.19397	2.58	66123	12826	299628	798421	12.07
1990-1994	75-79	0.06529	0.28131	2.54	53297	14993	229622	498793	9.36
1990-1994	80-84	0.10364	0.41050	2.47	38304	15724	151711	269171	7.03
1990-1994	85-89	0.15826	0.55711	2.34	22581	12580	79490	117460	5.20
1990-1994	90-94	0.23839	0.71245	2.18	10001	7125	29888	37970	3.80
1990-1994	95-99	0.33982	0.83424	1.95	2876	2399	7060	8082	2.81
1990-1994	100-104	0.45750	0.91354	1.71	477	435	952	1022	2.14
1990-1994	105-109	0.58062	0.95644	1.49	41	39	68	71	1.71
1990-1994	110+	0.67839	1.00000	1.47	2	2	3	3	1.47
1995-1999	0	0.00890	0.00882	0.07	100000	882	99179	7357622	73.58
1995-1999	1-4	0.00041	0.00164	1.64	99118	162	396089	7258444	73.23
1995-1999	5-9	0.00021	0.00103	2.33	98956	102	494506	6862355	69.35
1995-1999	10-14	0.00027	0.00133	2.91	98854	131	493995	6367848	64.42
1995-1999	15-19	0.00103	0.00512	2.88	98723	506	492545	5873853	59.50
1995-1999	20-24	0.00141	0.00702	2.49	98217	689	489360	5381308	54.79
1995-1999	25-29	0.00130	0.00649	2.5	97528	633	486057	4891949	50.16
1995-1999	30-34	0.00157	0.00784	2.61	96895	760	482656	4405892	45.47
1995-1999	35-39	0.00203	0.01010	2.61	96135	971	478355	3923236	40.81
1995-1999	40-44	0.00290	0.01440	2.64	95163	1370	472587	3444881	36.20
1995-1999	45-49	0.00420	0.02081	2.64	93793	1952	464363	2972294	31.69
1995-1999	50-54	0.00626	0.03083	2.68	91841	2831	452623	2507931	27.31
1995-1999	55-59	0.01004	0.04903	2.66	89010	4364	434856	2055308	23.09
1995-1999	60-64	0.01626	0.07830	2.65	84646	6628	407659	1620453	19.14
1995-1999	65-69	0.02586	0.12181	2.63	78018	9503	367561	1212793	15.55
1995-1999	70-74	0.04027	0.18344	2.58	68514	12568	312104	845233	12.34
1995-1999	75-79	0.06149	0.26754	2.57	55946	14968	243413	533129	9.53
1995-1999	80-84	0.10037	0.40085	2.49	40978	16426	163659	289716	7.07
1995-1999	85-89	0.15935	0.56045	2.35	24552	13760	86355	126058	5.13
1995-1999	90-94	0.24676	0.72736	2.18	10792	7850	31811	39703	3.68
1995-1999	95-99	0.35744	0.85063	1.92	2942	2503	7002	7892	2.68
1995-1999	100-104	0.48597	0.92695	1.66	439	407	838	890	2.03
1995-1999	105-109	0.61722	0.96489	1.44	32	31	50	52	1.61
1995-1999	110+	0.71873	1.00000	1.39	1	1	2	2	1.39
2000-2004	0	0.00823	0.00816	0.07	100000	816	99238	7456959	74.57
2000-2004	1-4	0.00035	0.00140	1.62	99184	139	396403	7357720	74.18
2000-2004	5-9	0.00017	0.00085	2.38	99044	85	495000	6961318	70.28
2000-2004	10-14	0.00023	0.00114	2.81	98960	113	494552	6466318	65.34
2000-2004	15-19	0.00089	0.00444	2.93	98847	439	493330	5971765	60.41
2000-2004	20-24	0.00136	0.00676	2.53	98409	665	490404	5478435	55.67
2000-2004	25-29	0.00128	0.00638	2.48	97744	623	487151	4988031	51.03
2000-2004	30-34	0.00139	0.00695	2.57	97121	675	483961	4500880	46.34
2000-2004	35-39	0.00186	0.00928	2.65	96446	895	480130	4016919	41.65
2000-2004	40-44	0.00279	0.01385	2.65	95551	1324	474637	3536789	37.01
2000-2004	45-49	0.00426	0.02110	2.64	94227	1988	466445	3062153	32.50
2000-2004	50-54	0.00618	0.03045	2.63	92239	2809	454540	2595707	28.14
2000-2004	55-59	0.00918	0.04493	2.67	89430	4019	437768	2141167	23.94
2000-2004	60-64	0.01462	0.07067	2.65	85412	6036	412886	1703399	19.94
2000-2004	65-69	0.02267	0.10755	2.63	79376	8537	376611	1290513	16.26
2000-2004	70-74	0.03567	0.16434	2.61	70838	11642	326339	913902	12.90
2000-2004	75-79	0.05616	0.24717	2.58	59197	14632	260531	587563	9.93
2000-2004	80-84	0.09230	0.37547	2.52	44565	16733	181290	327032	7.34
2000-2004	85-89	0.15296	0.54687	2.39	27832	15221	99507	145742	5.24
2000-2004	90-94	0.24647	0.72812	2.19	12612	9183	37257	46235	3.67
2000-2004	95-99	0.36649	0.85918	1.91	3429	2946	8038	8978	2.62
2000-2004	100-104	0.50650	0.93566	1.63	483	452	892	940	1.95
2000-2004	105-109	0.64670	0.97062	1.39	31	30	47	48	1.54
2000-2004	110+	0.75209	1.00000	1.33	1	1	1	1	1.33
2005-2009	0	0.00796	0.00790	0.07	100000	790	99262	7551278	75.51
2005-2009	1-4	0.00031	0.00125	1.59	99210	124	396541	7452015	75.11
2005-2009	5-9	0.00014	0.00072	2.41	99086	72	495245	7055474	71.21
2005-2009	10-14	0.00019	0.00095	2.92	99014	94	494876	6560229	66.26
2005-2009	15-19	0.00081	0.00404	2.98	98920	400	493794	6065353	61.32
2005-2009	20-24	0.00131	0.00652	2.53	98521	642	491020	5571559	56.55
2005-2009	25-29	0.00138	0.00690	2.52	97879	675	487720	5080539	51.91
2005-2009	30-34	0.00147	0.00731	2.54	97203	711	484271	4592819	47.25
2005-2009	35-39	0.00181	0.00900	2.6	96492	868	480376	4108549	42.58
2005-2009	40-44	0.00266	0.01320	2.68	95624	1262	475186	3628173	37.94
2005-2009	45-49	0.00409	0.02026	2.66	94362	1912	467335	3152986	33.41
2005-2009	50-54	0.00622	0.03063	2.64	92450	2831	455556	2685652	29.05
2005-2009	55-59	0.00889	0.04352	2.61	89619	3900	438786	2230096	24.88
2005-2009	60-64	0.01331	0.06455	2.65	85718	5533	415581	1791310	20.90
2005-2009	65-69	0.02005	0.09571	2.62	80185	7674	382692	1375729	17.16
2005-2009	70-74	0.03100	0.14437	2.62	72510	10468	337653	993036	13.70
2005-2009	75-79	0.04921	0.21996	2.59	62042	13647	277304	655383	10.56
2005-2009	80-84	0.08254	0.34293	2.53	48395	16596	201056	378079	7.81
2005-2009	85-89	0.13864	0.51106	2.43	31799	16251	117217	177023	5.57
2005-2009	90-94	0.23179	0.70617	2.23	15548	10980	47369	59805	3.85
2005-2009	95-99	0.35039	0.84648	1.95	4569	3867	11037	12436	2.72
2005-2009	100-104	0.49316	0.93101	1.66	701	653	1324	1400	2.00
2005-2009	105-109	0.63828	0.96937	1.41	48	47	73	75	1.56
2005-2009	110+	0.74794	1.00000	1.34	1	1	2	2	1.34
2010-2014	0	0.00704	0.00699	0.06	100000	699	99345	7611230	76.11
2010-2014	1-4	0.00028	0.00112	1.65	99301	112	396940	7511884	75.65
2010-2014	5-9	0.00013	0.00065	2.4	99189	65	495778	7114944	71.73
2010-2014	10-14	0.00017	0.00084	2.83	99125	83	495441	6619166	66.78
2010-2014	15-19	0.00069	0.00345	2.99	99041	342	494518	6123725	61.83
2010-2014	20-24	0.00126	0.00628	2.6	98700	620	492008	5629207	57.03
2010-2014	25-29	0.00142	0.00707	2.51	98080	693	488677	5137199	52.38
2010-2014	30-34	0.00157	0.00780	2.54	97387	759	485064	4648522	47.73
2010-2014	35-39	0.00184	0.00914	2.58	96627	884	480996	4163458	43.09
2010-2014	40-44	0.00250	0.01242	2.62	95744	1189	475894	3682462	38.46
2010-2014	45-49	0.00383	0.01899	2.69	94555	1796	468620	3206568	33.91
2010-2014	50-54	0.00608	0.02996	2.66	92759	2779	457279	2737948	29.52
2010-2014	55-59	0.00902	0.04415	2.63	89980	3972	440488	2280668	25.35
2010-2014	60-64	0.01287	0.06243	2.63	86007	5370	417291	1840181	21.40
2010-2014	65-69	0.01868	0.08946	2.64	80637	7214	386160	1422889	17.65
2010-2014	70-74	0.02901	0.13562	2.61	73423	9957	343296	1036730	14.12
2010-2014	75-79	0.04580	0.20623	2.59	63466	13089	285793	693433	10.93
2010-2014	80-84	0.07744	0.32563	2.56	50377	16404	211820	407640	8.09
2010-2014	85-89	0.13077	0.49047	2.45	33973	16663	127424	195820	5.76
2010-2014	90-94	0.22328	0.69134	2.25	17310	11967	53596	68396	3.95
2010-2014	95-99	0.34321	0.84062	1.97	5343	4491	13087	14800	2.77
2010-2014	100-104	0.48862	0.92950	1.67	852	792	1620	1714	2.01
2010-2014	105-109	0.63725	0.96933	1.41	60	58	91	94	1.56
2010-2014	110+	0.74950	1.00000	1.33	2	2	2	2	1.33
2015-2019	0	0.00693	0.00689	0.06	100000	689	99355	7576958	75.77
2015-2019	1-4	0.00028	0.00112	1.64	99311	111	396982	7477603	75.29
2015-2019	5-9	0.00013	0.00065	2.47	99200	64	495838	7080621	71.38
2015-2019	10-14	0.00019	0.00096	2.87	99136	95	495479	6584783	66.42
2015-2019	15-19	0.00074	0.00370	2.97	99041	366	494464	6089304	61.48
2015-2019	20-24	0.00137	0.00684	2.64	98675	675	491787	5594840	56.70
2015-2019	25-29	0.00177	0.00879	2.55	98000	862	487894	5103053	52.07
2015-2019	30-34	0.00200	0.00996	2.55	97139	968	483325	4615159	47.51
2015-2019	35-39	0.00231	0.01146	2.56	96171	1102	478162	4131833	42.96
2015-2019	40-44	0.00282	0.01400	2.59	95069	1331	472141	3653672	38.43
2015-2019	45-49	0.00395	0.01955	2.64	93738	1833	464369	3181531	33.94
2015-2019	50-54	0.00604	0.02976	2.67	91905	2735	453153	2717162	29.56
2015-2019	55-59	0.00925	0.04525	2.64	89170	4035	436322	2264008	25.39
2015-2019	60-64	0.01335	0.06469	2.62	85135	5508	412554	1827686	21.47
2015-2019	65-69	0.01882	0.09003	2.61	79628	7169	380975	1415132	17.77
2015-2019	70-74	0.02818	0.13203	2.62	72459	9567	339540	1034157	14.27
2015-2019	75-79	0.04485	0.20242	2.59	62892	12730	283814	694618	11.04
2015-2019	80-84	0.07570	0.31943	2.56	50162	16023	211662	410804	8.19
2015-2019	85-89	0.12857	0.48481	2.46	34139	16551	128731	199142	5.83
2015-2019	90-94	0.21908	0.68492	2.26	17588	12046	54985	70411	4.00
2015-2019	95-99	0.34116	0.83894	1.97	5542	4649	13627	15427	2.78
2015-2019	100-104	0.48764	0.92922	1.67	893	829	1701	1799	2.02
2015-2019	105-109	0.63757	0.96943	1.41	63	61	96	99	1.56
2015-2019	110+	0.75069	1.00000	1.33	2	2	3	3	1.33
2020-2022	0	0.00643	0.00639	0.06	100000	639	99400	7392219	73.92
2020-2022	1-4	0.00030	0.00119	1.63	99361	118	397164	7292819	73.40
2020-2022	5-9	0.00014	0.00070	2.39	99243	70	496031	6895655	69.48
2020-2022	10-14	0.00021	0.00103	3.03	99173	102	495663	6399624	64.53
2020-2022	15-19	0.00086	0.00428	3.01	99071	424	494508	5903961	59.59
2020-2022	20-24	0.00154	0.00768	2.62	98646	757	491427	5409453	54.84
2020-2022	25-29	0.00213	0.01062	2.61	97889	1039	486957	4918026	50.24
2020-2022	30-34	0.00267	0.01328	2.56	96850	1286	481106	4431069	45.75
2020-2022	35-39	0.00305	0.01514	2.56	95564	1447	474293	3949963	41.33
2020-2022	40-44	0.00374	0.01853	2.58	94116	1744	466356	3475670	36.93
2020-2022	45-49	0.00499	0.02464	2.63	92372	2276	456461	3009315	32.58
2020-2022	50-54	0.00711	0.03494	2.63	90096	3148	443016	2552853	28.33
2020-2022	55-59	0.01060	0.05170	2.64	86948	4495	424117	2109837	24.27
2020-2022	60-64	0.01563	0.07533	2.61	82453	6211	397433	1685720	20.44
2020-2022	65-69	0.02171	0.10312	2.58	76241	7862	362186	1288288	16.90
2020-2022	70-74	0.03156	0.14671	2.6	68379	10032	317849	926102	13.54
2020-2022	75-79	0.05057	0.22567	2.62	58347	13167	260355	608253	10.42
2020-2022	80-84	0.08389	0.34793	2.55	45180	15719	187389	347898	7.70
2020-2022	85-89	0.14237	0.52083	2.42	29460	15344	107773	160509	5.45
2020-2022	90-94	0.23922	0.71864	2.22	14117	10145	42407	52736	3.74
2020-2022	95-99	0.36870	0.86205	1.91	3972	3424	9287	10329	2.60
2020-2022	100-104	0.51875	0.94063	1.61	548	515	994	1042	1.90
2020-2022	105-109	0.66705	0.97409	1.37	33	32	48	49	1.49
2020-2022	110+	0.77576	1.00000	1.29	1	1	1	1	1.29
