Div9: Div9, Lifetables (period 1x10), Females Last modified: February 4 2025, MPv5 (May07) 

Year     	Age	mx	qx	ax	lx	dx	Lx	Tx	ex
1960-1969	0	0.01862	0.01831	0.11	100000	1831	98361	7498967	74.99
1960-1969	1	0.00127	0.00127	0.5	98169	124	98107	7400606	75.39
1960-1969	2	0.00080	0.00080	0.5	98044	78	98005	7302500	74.48
1960-1969	3	0.00060	0.00060	0.5	97966	59	97937	7204494	73.54
1960-1969	4	0.00053	0.00053	0.5	97907	52	97881	7106558	72.58
1960-1969	5	0.00045	0.00045	0.5	97855	44	97833	7008677	71.62
1960-1969	6	0.00037	0.00037	0.5	97811	36	97793	6910844	70.66
1960-1969	7	0.00034	0.00034	0.5	97775	33	97758	6813051	69.68
1960-1969	8	0.00031	0.00031	0.5	97741	31	97726	6715294	68.70
1960-1969	9	0.00026	0.00026	0.5	97711	26	97698	6617568	67.73
1960-1969	10	0.00025	0.00025	0.5	97685	25	97673	6519870	66.74
1960-1969	11	0.00027	0.00027	0.5	97660	26	97647	6422197	65.76
1960-1969	12	0.00028	0.00028	0.5	97634	27	97620	6324550	64.78
1960-1969	13	0.00030	0.00030	0.5	97607	29	97592	6226929	63.80
1960-1969	14	0.00033	0.00033	0.5	97577	32	97561	6129337	62.82
1960-1969	15	0.00040	0.00040	0.5	97545	39	97526	6031776	61.84
1960-1969	16	0.00047	0.00047	0.5	97507	46	97484	5934250	60.86
1960-1969	17	0.00059	0.00059	0.5	97461	57	97432	5836766	59.89
1960-1969	18	0.00065	0.00065	0.5	97404	64	97372	5739334	58.92
1960-1969	19	0.00069	0.00069	0.5	97340	68	97306	5641962	57.96
1960-1969	20	0.00068	0.00068	0.5	97272	66	97239	5544655	57.00
1960-1969	21	0.00070	0.00070	0.5	97206	68	97172	5447416	56.04
1960-1969	22	0.00072	0.00072	0.5	97138	70	97103	5350244	55.08
1960-1969	23	0.00074	0.00074	0.5	97068	72	97032	5253142	54.12
1960-1969	24	0.00074	0.00073	0.5	96996	71	96960	5156110	53.16
1960-1969	25	0.00079	0.00079	0.5	96925	76	96887	5059149	52.20
1960-1969	26	0.00078	0.00078	0.5	96848	76	96811	4962263	51.24
1960-1969	27	0.00085	0.00085	0.5	96773	83	96731	4865452	50.28
1960-1969	28	0.00085	0.00085	0.5	96690	82	96649	4768721	49.32
1960-1969	29	0.00089	0.00089	0.5	96608	86	96564	4672072	48.36
1960-1969	30	0.00097	0.00097	0.5	96521	94	96475	4575507	47.40
1960-1969	31	0.00105	0.00105	0.5	96428	102	96377	4479033	46.45
1960-1969	32	0.00119	0.00119	0.5	96326	114	96269	4382656	45.50
1960-1969	33	0.00124	0.00124	0.5	96212	119	96152	4286387	44.55
1960-1969	34	0.00131	0.00131	0.5	96093	126	96030	4190235	43.61
1960-1969	35	0.00142	0.00142	0.5	95967	136	95899	4094205	42.66
1960-1969	36	0.00149	0.00149	0.5	95830	143	95759	3998307	41.72
1960-1969	37	0.00168	0.00168	0.5	95688	161	95607	3902547	40.78
1960-1969	38	0.00181	0.00181	0.5	95527	173	95440	3806940	39.85
1960-1969	39	0.00206	0.00205	0.5	95354	196	95256	3711500	38.92
1960-1969	40	0.00217	0.00217	0.5	95158	206	95055	3616244	38.00
1960-1969	41	0.00229	0.00228	0.5	94952	217	94843	3521190	37.08
1960-1969	42	0.00261	0.00261	0.5	94735	247	94611	3426347	36.17
1960-1969	43	0.00289	0.00288	0.5	94488	273	94351	3331736	35.26
1960-1969	44	0.00310	0.00310	0.5	94215	292	94069	3237384	34.36
1960-1969	45	0.00343	0.00343	0.5	93923	322	93762	3143315	33.47
1960-1969	46	0.00370	0.00369	0.5	93601	346	93429	3049553	32.58
1960-1969	47	0.00399	0.00398	0.5	93256	371	93070	2956124	31.70
1960-1969	48	0.00441	0.00440	0.5	92885	409	92680	2863054	30.82
1960-1969	49	0.00474	0.00473	0.5	92476	437	92257	2770373	29.96
1960-1969	50	0.00517	0.00515	0.5	92038	474	91801	2678116	29.10
1960-1969	51	0.00552	0.00551	0.5	91564	504	91312	2586315	28.25
1960-1969	52	0.00590	0.00589	0.5	91059	536	90791	2495004	27.40
1960-1969	53	0.00661	0.00659	0.5	90523	597	90225	2404212	26.56
1960-1969	54	0.00697	0.00695	0.5	89927	625	89614	2313987	25.73
1960-1969	55	0.00730	0.00728	0.5	89302	650	88977	2224373	24.91
1960-1969	56	0.00802	0.00799	0.5	88652	708	88298	2135396	24.09
1960-1969	57	0.00859	0.00855	0.5	87944	752	87568	2047098	23.28
1960-1969	58	0.00923	0.00919	0.5	87192	801	86791	1959530	22.47
1960-1969	59	0.00979	0.00974	0.5	86390	842	85969	1872739	21.68
1960-1969	60	0.01061	0.01055	0.5	85549	903	85097	1786770	20.89
1960-1969	61	0.01124	0.01118	0.5	84646	946	84173	1701673	20.10
1960-1969	62	0.01283	0.01275	0.5	83700	1067	83166	1617500	19.32
1960-1969	63	0.01324	0.01316	0.5	82633	1087	82089	1534333	18.57
1960-1969	64	0.01461	0.01450	0.5	81546	1183	80954	1452244	17.81
1960-1969	65	0.01620	0.01607	0.5	80363	1292	79717	1371290	17.06
1960-1969	66	0.01740	0.01725	0.5	79071	1364	78389	1291573	16.33
1960-1969	67	0.01900	0.01882	0.5	77707	1462	76976	1213183	15.61
1960-1969	68	0.02093	0.02072	0.5	76245	1579	75455	1136207	14.90
1960-1969	69	0.02257	0.02232	0.5	74666	1667	73832	1060752	14.21
1960-1969	70	0.02546	0.02514	0.5	72999	1835	72081	986920	13.52
1960-1969	71	0.02733	0.02697	0.5	71164	1919	70204	914838	12.86
1960-1969	72	0.03130	0.03081	0.5	69245	2134	68178	844634	12.20
1960-1969	73	0.03438	0.03380	0.5	67111	2269	65977	776456	11.57
1960-1969	74	0.03795	0.03724	0.5	64842	2415	63635	710479	10.96
1960-1969	75	0.04303	0.04213	0.5	62428	2630	61113	646844	10.36
1960-1969	76	0.04717	0.04609	0.5	59798	2756	58420	585732	9.80
1960-1969	77	0.05127	0.04999	0.5	57042	2851	55616	527312	9.24
1960-1969	78	0.05751	0.05591	0.5	54190	3030	52676	471696	8.70
1960-1969	79	0.06304	0.06111	0.5	51161	3126	49598	419020	8.19
1960-1969	80	0.07069	0.06828	0.5	48034	3280	46395	369423	7.69
1960-1969	81	0.07565	0.07289	0.5	44755	3262	43124	323028	7.22
1960-1969	82	0.08644	0.08286	0.5	41493	3438	39774	279904	6.75
1960-1969	83	0.09735	0.09283	0.5	38055	3533	36288	240131	6.31
1960-1969	84	0.10971	0.10400	0.5	34522	3590	32727	203842	5.90
1960-1969	85	0.11855	0.11192	0.5	30932	3462	29201	171115	5.53
1960-1969	86	0.13338	0.12504	0.5	27470	3435	25752	141914	5.17
1960-1969	87	0.15028	0.13977	0.5	24035	3359	22355	116162	4.83
1960-1969	88	0.16142	0.14936	0.5	20676	3088	19131	93807	4.54
1960-1969	89	0.17735	0.16290	0.5	17587	2865	16155	74675	4.25
1960-1969	90	0.19586	0.17839	0.5	14722	2626	13409	58520	3.97
1960-1969	91	0.21138	0.19117	0.5	12096	2312	10940	45111	3.73
1960-1969	92	0.22773	0.20445	0.5	9784	2000	8783	34171	3.49
1960-1969	93	0.25397	0.22536	0.5	7783	1754	6906	25388	3.26
1960-1969	94	0.26825	0.23653	0.5	6029	1426	5316	18482	3.07
1960-1969	95	0.29798	0.25934	0.5	4603	1194	4006	13165	2.86
1960-1969	96	0.32248	0.27771	0.5	3409	947	2936	9159	2.69
1960-1969	97	0.34801	0.29643	0.5	2463	730	2098	6223	2.53
1960-1969	98	0.37443	0.31539	0.5	1733	546	1459	4125	2.38
1960-1969	99	0.40163	0.33446	0.5	1186	397	988	2666	2.25
1960-1969	100	0.42945	0.35353	0.5	789	279	650	1678	2.13
1960-1969	101	0.45771	0.37247	0.5	510	190	415	1028	2.02
1960-1969	102	0.48626	0.39116	0.5	320	125	258	613	1.91
1960-1969	103	0.51489	0.40947	0.5	195	80	155	355	1.82
1960-1969	104	0.54343	0.42732	0.5	115	49	91	200	1.74
1960-1969	105	0.57168	0.44460	0.5	66	29	51	110	1.67
1960-1969	106	0.59948	0.46123	0.5	37	17	28	59	1.60
1960-1969	107	0.62665	0.47714	0.5	20	9	15	30	1.54
1960-1969	108	0.65304	0.49229	0.5	10	5	8	15	1.49
1960-1969	109	0.67852	0.50664	0.5	5	3	4	8	1.45
1960-1969	110+	0.70298	1.00000	1.42	3	3	4	4	1.42
1970-1979	0	0.01265	0.01251	0.09	100000	1251	98860	7693772	76.94
1970-1979	1	0.00100	0.00100	0.5	98749	99	98700	7594912	76.91
1970-1979	2	0.00064	0.00064	0.5	98650	64	98619	7496212	75.99
1970-1979	3	0.00050	0.00050	0.5	98587	50	98562	7397594	75.04
1970-1979	4	0.00041	0.00041	0.5	98537	41	98517	7299032	74.07
1970-1979	5	0.00034	0.00034	0.5	98497	33	98480	7200515	73.10
1970-1979	6	0.00031	0.00031	0.5	98464	31	98448	7102035	72.13
1970-1979	7	0.00029	0.00029	0.5	98433	28	98419	7003586	71.15
1970-1979	8	0.00024	0.00024	0.5	98404	24	98392	6905168	70.17
1970-1979	9	0.00023	0.00023	0.5	98380	23	98369	6806776	69.19
1970-1979	10	0.00022	0.00022	0.5	98357	21	98347	6708407	68.20
1970-1979	11	0.00022	0.00022	0.5	98336	22	98325	6610060	67.22
1970-1979	12	0.00022	0.00022	0.5	98314	21	98304	6511735	66.23
1970-1979	13	0.00026	0.00026	0.5	98293	26	98280	6413431	65.25
1970-1979	14	0.00032	0.00032	0.5	98267	31	98252	6315151	64.26
1970-1979	15	0.00043	0.00043	0.5	98236	42	98215	6216899	63.29
1970-1979	16	0.00053	0.00053	0.5	98194	52	98168	6118684	62.31
1970-1979	17	0.00056	0.00056	0.5	98142	55	98114	6020516	61.35
1970-1979	18	0.00069	0.00069	0.5	98087	68	98053	5922402	60.38
1970-1979	19	0.00072	0.00072	0.5	98019	70	97984	5824349	59.42
1970-1979	20	0.00071	0.00071	0.5	97949	69	97914	5726365	58.46
1970-1979	21	0.00076	0.00076	0.5	97879	75	97842	5628451	57.50
1970-1979	22	0.00075	0.00075	0.5	97805	73	97768	5530609	56.55
1970-1979	23	0.00077	0.00077	0.5	97732	75	97694	5432841	55.59
1970-1979	24	0.00075	0.00075	0.5	97656	74	97620	5335147	54.63
1970-1979	25	0.00072	0.00072	0.5	97583	70	97548	5237528	53.67
1970-1979	26	0.00076	0.00076	0.5	97513	75	97475	5139980	52.71
1970-1979	27	0.00077	0.00077	0.5	97438	75	97400	5042505	51.75
1970-1979	28	0.00083	0.00083	0.5	97363	80	97322	4945104	50.79
1970-1979	29	0.00082	0.00082	0.5	97282	79	97243	4847782	49.83
1970-1979	30	0.00086	0.00086	0.5	97203	84	97161	4750539	48.87
1970-1979	31	0.00092	0.00092	0.5	97119	90	97074	4653378	47.91
1970-1979	32	0.00098	0.00098	0.5	97029	95	96982	4556304	46.96
1970-1979	33	0.00098	0.00098	0.5	96934	95	96887	4459322	46.00
1970-1979	34	0.00108	0.00108	0.5	96839	105	96787	4362435	45.05
1970-1979	35	0.00120	0.00120	0.5	96734	116	96676	4265649	44.10
1970-1979	36	0.00129	0.00129	0.5	96618	125	96556	4168972	43.15
1970-1979	37	0.00143	0.00143	0.5	96493	138	96424	4072417	42.20
1970-1979	38	0.00149	0.00149	0.5	96355	143	96283	3975993	41.26
1970-1979	39	0.00163	0.00163	0.5	96212	157	96133	3879709	40.32
1970-1979	40	0.00189	0.00189	0.5	96055	182	95964	3783576	39.39
1970-1979	41	0.00203	0.00202	0.5	95873	194	95776	3687612	38.46
1970-1979	42	0.00224	0.00224	0.5	95679	214	95572	3591835	37.54
1970-1979	43	0.00242	0.00242	0.5	95465	231	95350	3496263	36.62
1970-1979	44	0.00262	0.00262	0.5	95234	249	95109	3400913	35.71
1970-1979	45	0.00297	0.00297	0.5	94985	282	94844	3305804	34.80
1970-1979	46	0.00331	0.00331	0.5	94703	313	94546	3210960	33.91
1970-1979	47	0.00367	0.00366	0.5	94390	346	94217	3116414	33.02
1970-1979	48	0.00377	0.00377	0.5	94044	354	93867	3022197	32.14
1970-1979	49	0.00420	0.00419	0.5	93690	392	93494	2928330	31.26
1970-1979	50	0.00451	0.00450	0.5	93298	420	93088	2834836	30.38
1970-1979	51	0.00496	0.00495	0.5	92877	460	92648	2741749	29.52
1970-1979	52	0.00534	0.00533	0.5	92418	492	92172	2649101	28.66
1970-1979	53	0.00579	0.00577	0.5	91925	531	91660	2556930	27.82
1970-1979	54	0.00619	0.00617	0.5	91395	564	91113	2465269	26.97
1970-1979	55	0.00668	0.00666	0.5	90831	605	90529	2374156	26.14
1970-1979	56	0.00727	0.00724	0.5	90227	654	89900	2283627	25.31
1970-1979	57	0.00799	0.00796	0.5	89573	713	89217	2193728	24.49
1970-1979	58	0.00850	0.00846	0.5	88860	752	88484	2104511	23.68
1970-1979	59	0.00948	0.00943	0.5	88108	831	87693	2016027	22.88
1970-1979	60	0.00995	0.00990	0.5	87277	864	86846	1928334	22.09
1970-1979	61	0.01067	0.01062	0.5	86414	917	85955	1841489	21.31
1970-1979	62	0.01195	0.01188	0.5	85496	1015	84989	1755533	20.53
1970-1979	63	0.01249	0.01242	0.5	84481	1049	83957	1670545	19.77
1970-1979	64	0.01375	0.01365	0.5	83432	1139	82862	1586588	19.02
1970-1979	65	0.01478	0.01467	0.5	82293	1207	81689	1503726	18.27
1970-1979	66	0.01547	0.01535	0.5	81086	1245	80463	1422036	17.54
1970-1979	67	0.01674	0.01660	0.5	79841	1325	79178	1341573	16.80
1970-1979	68	0.01814	0.01798	0.5	78516	1412	77810	1262395	16.08
1970-1979	69	0.01995	0.01976	0.5	77104	1523	76342	1184585	15.36
1970-1979	70	0.02206	0.02182	0.5	75581	1649	74756	1108242	14.66
1970-1979	71	0.02419	0.02390	0.5	73932	1767	73048	1033486	13.98
1970-1979	72	0.02648	0.02613	0.5	72165	1886	71222	960437	13.31
1970-1979	73	0.02885	0.02844	0.5	70279	1999	69280	889216	12.65
1970-1979	74	0.03197	0.03147	0.5	68280	2149	67206	819936	12.01
1970-1979	75	0.03591	0.03527	0.5	66131	2333	64965	752730	11.38
1970-1979	76	0.03915	0.03840	0.5	63799	2450	62574	687765	10.78
1970-1979	77	0.04329	0.04237	0.5	61349	2599	60049	625191	10.19
1970-1979	78	0.04829	0.04715	0.5	58750	2770	57364	565142	9.62
1970-1979	79	0.05362	0.05222	0.5	55979	2923	54518	507778	9.07
1970-1979	80	0.05921	0.05751	0.5	53056	3051	51530	453260	8.54
1970-1979	81	0.06422	0.06222	0.5	50005	3111	48449	401730	8.03
1970-1979	82	0.07204	0.06954	0.5	46893	3261	45263	353281	7.53
1970-1979	83	0.08094	0.07779	0.5	43632	3394	41935	308018	7.06
1970-1979	84	0.09037	0.08646	0.5	40238	3479	38499	266083	6.61
1970-1979	85	0.09975	0.09501	0.5	36759	3492	35013	227584	6.19
1970-1979	86	0.11167	0.10576	0.5	33267	3518	31507	192571	5.79
1970-1979	87	0.12388	0.11665	0.5	29748	3470	28013	161064	5.41
1970-1979	88	0.13683	0.12807	0.5	26278	3365	24595	133051	5.06
1970-1979	89	0.14958	0.13917	0.5	22913	3189	21318	108455	4.73
1970-1979	90	0.17034	0.15697	0.5	19724	3096	18176	87137	4.42
1970-1979	91	0.18017	0.16528	0.5	16628	2748	15254	68961	4.15
1970-1979	92	0.20042	0.18216	0.5	13880	2528	12616	53707	3.87
1970-1979	93	0.22265	0.20035	0.5	11351	2274	10214	41092	3.62
1970-1979	94	0.23746	0.21226	0.5	9077	1927	8114	30877	3.40
1970-1979	95	0.25950	0.22970	0.5	7150	1642	6329	22764	3.18
1970-1979	96	0.28218	0.24729	0.5	5508	1362	4827	16435	2.98
1970-1979	97	0.30602	0.26541	0.5	4146	1100	3596	11608	2.80
1970-1979	98	0.33095	0.28396	0.5	3046	865	2613	8012	2.63
1970-1979	99	0.35686	0.30283	0.5	2181	660	1851	5399	2.48
1970-1979	100	0.38364	0.32189	0.5	1520	489	1276	3548	2.33
1970-1979	101	0.41114	0.34103	0.5	1031	352	855	2273	2.20
1970-1979	102	0.43921	0.36012	0.5	679	245	557	1417	2.09
1970-1979	103	0.46767	0.37904	0.5	435	165	352	860	1.98
1970-1979	104	0.49634	0.39766	0.5	270	107	216	508	1.88
1970-1979	105	0.52504	0.41587	0.5	163	68	129	292	1.79
1970-1979	106	0.55358	0.43357	0.5	95	41	74	163	1.72
1970-1979	107	0.58176	0.45067	0.5	54	24	42	89	1.65
1970-1979	108	0.60943	0.46710	0.5	30	14	23	47	1.59
1970-1979	109	0.63640	0.48278	0.5	16	8	12	24	1.54
1970-1979	110+	0.66255	1.00000	1.51	8	8	12	12	1.51
1980-1989	0	0.00881	0.00874	0.08	100000	874	99194	7864670	78.65
1980-1989	1	0.00079	0.00079	0.5	99126	78	99087	7765476	78.34
1980-1989	2	0.00047	0.00047	0.5	99048	47	99025	7666389	77.40
1980-1989	3	0.00034	0.00034	0.5	99001	33	98985	7567365	76.44
1980-1989	4	0.00026	0.00026	0.5	98968	26	98955	7468380	75.46
1980-1989	5	0.00024	0.00024	0.5	98942	23	98931	7369425	74.48
1980-1989	6	0.00021	0.00021	0.5	98919	21	98908	7270494	73.50
1980-1989	7	0.00021	0.00021	0.5	98898	21	98887	7171586	72.52
1980-1989	8	0.00022	0.00022	0.5	98877	22	98866	7072699	71.53
1980-1989	9	0.00017	0.00017	0.5	98855	17	98847	6973833	70.55
1980-1989	10	0.00015	0.00015	0.5	98839	15	98831	6874986	69.56
1980-1989	11	0.00016	0.00016	0.5	98823	16	98815	6776155	68.57
1980-1989	12	0.00020	0.00020	0.5	98807	19	98797	6677340	67.58
1980-1989	13	0.00022	0.00022	0.5	98788	22	98777	6578543	66.59
1980-1989	14	0.00027	0.00027	0.5	98766	26	98752	6479766	65.61
1980-1989	15	0.00036	0.00036	0.5	98739	36	98721	6381014	64.62
1980-1989	16	0.00044	0.00044	0.5	98704	44	98682	6282292	63.65
1980-1989	17	0.00050	0.00050	0.5	98660	49	98635	6183610	62.68
1980-1989	18	0.00059	0.00059	0.5	98611	58	98582	6084975	61.71
1980-1989	19	0.00056	0.00056	0.5	98553	55	98525	5986393	60.74
1980-1989	20	0.00052	0.00052	0.5	98498	51	98472	5887868	59.78
1980-1989	21	0.00056	0.00056	0.5	98447	56	98419	5789396	58.81
1980-1989	22	0.00057	0.00057	0.5	98391	56	98363	5690977	57.84
1980-1989	23	0.00055	0.00055	0.5	98335	54	98308	5592614	56.87
1980-1989	24	0.00055	0.00055	0.5	98281	54	98254	5494307	55.90
1980-1989	25	0.00059	0.00059	0.5	98226	58	98197	5396053	54.93
1980-1989	26	0.00063	0.00063	0.5	98168	62	98137	5297856	53.97
1980-1989	27	0.00059	0.00059	0.5	98106	58	98077	5199718	53.00
1980-1989	28	0.00065	0.00065	0.5	98048	64	98016	5101641	52.03
1980-1989	29	0.00064	0.00064	0.5	97985	63	97953	5003625	51.07
1980-1989	30	0.00066	0.00066	0.5	97922	65	97889	4905672	50.10
1980-1989	31	0.00071	0.00071	0.5	97857	70	97822	4807783	49.13
1980-1989	32	0.00077	0.00077	0.5	97787	75	97749	4709961	48.17
1980-1989	33	0.00078	0.00078	0.5	97712	77	97674	4612212	47.20
1980-1989	34	0.00084	0.00084	0.5	97635	82	97594	4514538	46.24
1980-1989	35	0.00091	0.00091	0.5	97553	89	97509	4416944	45.28
1980-1989	36	0.00101	0.00101	0.5	97464	99	97415	4319435	44.32
1980-1989	37	0.00103	0.00103	0.5	97366	100	97315	4222020	43.36
1980-1989	38	0.00120	0.00120	0.5	97265	116	97207	4124705	42.41
1980-1989	39	0.00122	0.00122	0.5	97149	119	97090	4027498	41.46
1980-1989	40	0.00139	0.00138	0.5	97030	134	96963	3930408	40.51
1980-1989	41	0.00148	0.00148	0.5	96896	143	96824	3833445	39.56
1980-1989	42	0.00170	0.00169	0.5	96753	164	96671	3736621	38.62
1980-1989	43	0.00183	0.00183	0.5	96589	177	96500	3639951	37.69
1980-1989	44	0.00203	0.00202	0.5	96412	195	96315	3543450	36.75
1980-1989	45	0.00222	0.00222	0.5	96217	213	96110	3447136	35.83
1980-1989	46	0.00244	0.00243	0.5	96004	234	95887	3351026	34.91
1980-1989	47	0.00266	0.00266	0.5	95770	254	95643	3255139	33.99
1980-1989	48	0.00317	0.00317	0.5	95515	302	95364	3159496	33.08
1980-1989	49	0.00323	0.00323	0.5	95213	307	95059	3064132	32.18
1980-1989	50	0.00355	0.00355	0.5	94906	337	94737	2969073	31.28
1980-1989	51	0.00412	0.00411	0.5	94569	388	94375	2874335	30.39
1980-1989	52	0.00448	0.00447	0.5	94181	421	93970	2779960	29.52
1980-1989	53	0.00476	0.00475	0.5	93760	445	93537	2685990	28.65
1980-1989	54	0.00511	0.00510	0.5	93315	476	93077	2592453	27.78
1980-1989	55	0.00570	0.00568	0.5	92839	528	92575	2499376	26.92
1980-1989	56	0.00632	0.00630	0.5	92311	582	92020	2406801	26.07
1980-1989	57	0.00683	0.00680	0.5	91729	624	91417	2314781	25.23
1980-1989	58	0.00782	0.00779	0.5	91105	710	90751	2223364	24.40
1980-1989	59	0.00811	0.00808	0.5	90396	730	90031	2132613	23.59
1980-1989	60	0.00903	0.00898	0.5	89666	806	89263	2042582	22.78
1980-1989	61	0.00981	0.00976	0.5	88860	867	88426	1953320	21.98
1980-1989	62	0.01101	0.01095	0.5	87993	963	87511	1864893	21.19
1980-1989	63	0.01167	0.01160	0.5	87029	1010	86524	1777382	20.42
1980-1989	64	0.01228	0.01220	0.5	86019	1050	85495	1690858	19.66
1980-1989	65	0.01354	0.01345	0.5	84970	1143	84398	1605363	18.89
1980-1989	66	0.01470	0.01459	0.5	83827	1223	83215	1520965	18.14
1980-1989	67	0.01587	0.01574	0.5	82604	1301	81953	1437750	17.41
1980-1989	68	0.01761	0.01745	0.5	81303	1419	80594	1355796	16.68
1980-1989	69	0.01849	0.01832	0.5	79884	1463	79153	1275202	15.96
1980-1989	70	0.02092	0.02071	0.5	78421	1624	77609	1196050	15.25
1980-1989	71	0.02244	0.02219	0.5	76797	1704	75945	1118441	14.56
1980-1989	72	0.02525	0.02494	0.5	75093	1873	74156	1042496	13.88
1980-1989	73	0.02773	0.02735	0.5	73220	2003	72218	968340	13.23
1980-1989	74	0.02947	0.02904	0.5	71217	2068	70183	896122	12.58
1980-1989	75	0.03246	0.03194	0.5	69148	2208	68044	825939	11.94
1980-1989	76	0.03609	0.03545	0.5	66940	2373	65753	757895	11.32
1980-1989	77	0.03931	0.03855	0.5	64567	2489	63322	692141	10.72
1980-1989	78	0.04223	0.04135	0.5	62078	2567	60794	628819	10.13
1980-1989	79	0.04708	0.04600	0.5	59510	2738	58142	568025	9.54
1980-1989	80	0.05381	0.05240	0.5	56773	2975	55285	509884	8.98
1980-1989	81	0.05924	0.05753	0.5	53798	3095	52250	454598	8.45
1980-1989	82	0.06707	0.06490	0.5	50703	3290	49057	402348	7.94
1980-1989	83	0.07366	0.07104	0.5	47412	3368	45728	353291	7.45
1980-1989	84	0.08137	0.07819	0.5	44044	3444	42322	307563	6.98
1980-1989	85	0.09076	0.08682	0.5	40600	3525	38838	265241	6.53
1980-1989	86	0.10226	0.09728	0.5	37075	3607	35272	226403	6.11
1980-1989	87	0.11231	0.10634	0.5	33468	3559	31689	191132	5.71
1980-1989	88	0.12577	0.11832	0.5	29909	3539	28140	159443	5.33
1980-1989	89	0.13926	0.13019	0.5	26370	3433	24654	131303	4.98
1980-1989	90	0.15311	0.14222	0.5	22937	3262	21306	106649	4.65
1980-1989	91	0.16765	0.15468	0.5	19675	3043	18153	85343	4.34
1980-1989	92	0.18764	0.17155	0.5	16632	2853	15205	67190	4.04
1980-1989	93	0.20756	0.18804	0.5	13778	2591	12483	51985	3.77
1980-1989	94	0.22627	0.20327	0.5	11188	2274	10050	39502	3.53
1980-1989	95	0.24618	0.21920	0.5	8913	1954	7937	29451	3.30
1980-1989	96	0.26860	0.23680	0.5	6960	1648	6136	21515	3.09
1980-1989	97	0.29228	0.25501	0.5	5312	1355	4634	15379	2.90
1980-1989	98	0.31714	0.27373	0.5	3957	1083	3415	10745	2.72
1980-1989	99	0.34308	0.29285	0.5	2874	842	2453	7329	2.55
1980-1989	100	0.37000	0.31224	0.5	2032	635	1715	4876	2.40
1980-1989	101	0.39775	0.33177	0.5	1398	464	1166	3161	2.26
1980-1989	102	0.42618	0.35132	0.5	934	328	770	1995	2.14
1980-1989	103	0.45510	0.37074	0.5	606	225	494	1225	2.02
1980-1989	104	0.48433	0.38991	0.5	381	149	307	732	1.92
1980-1989	105	0.51367	0.40870	0.5	233	95	185	425	1.83
1980-1989	106	0.54291	0.42700	0.5	138	59	108	240	1.74
1980-1989	107	0.57186	0.44470	0.5	79	35	61	132	1.67
1980-1989	108	0.60032	0.46173	0.5	44	20	34	70	1.61
1980-1989	109	0.62813	0.47800	0.5	24	11	18	37	1.56
1980-1989	110+	0.65511	1.00000	1.53	12	12	19	19	1.53
1990-1999	0	0.00624	0.00620	0.07	100000	620	99424	7986591	79.87
1990-1999	1	0.00053	0.00053	0.5	99380	53	99353	7887168	79.36
1990-1999	2	0.00032	0.00032	0.5	99327	32	99311	7787814	78.41
1990-1999	3	0.00024	0.00024	0.5	99295	24	99283	7688503	77.43
1990-1999	4	0.00020	0.00020	0.5	99271	20	99261	7589220	76.45
1990-1999	5	0.00017	0.00017	0.5	99251	17	99243	7489959	75.46
1990-1999	6	0.00015	0.00015	0.5	99234	15	99226	7390716	74.48
1990-1999	7	0.00016	0.00016	0.5	99219	15	99211	7291490	73.49
1990-1999	8	0.00014	0.00014	0.5	99203	14	99196	7192279	72.50
1990-1999	9	0.00013	0.00013	0.5	99189	13	99183	7093083	71.51
1990-1999	10	0.00013	0.00013	0.5	99176	13	99169	6993900	70.52
1990-1999	11	0.00014	0.00014	0.5	99163	13	99156	6894730	69.53
1990-1999	12	0.00016	0.00016	0.5	99150	16	99142	6795574	68.54
1990-1999	13	0.00018	0.00018	0.5	99133	18	99125	6696433	67.55
1990-1999	14	0.00024	0.00024	0.5	99116	24	99104	6597308	66.56
1990-1999	15	0.00028	0.00028	0.5	99092	28	99078	6498204	65.58
1990-1999	16	0.00035	0.00035	0.5	99064	35	99047	6399126	64.60
1990-1999	17	0.00042	0.00042	0.5	99029	41	99009	6300079	63.62
1990-1999	18	0.00045	0.00045	0.5	98988	44	98966	6201070	62.64
1990-1999	19	0.00044	0.00044	0.5	98944	44	98922	6102104	61.67
1990-1999	20	0.00046	0.00046	0.5	98900	46	98877	6003183	60.70
1990-1999	21	0.00046	0.00046	0.5	98854	45	98831	5904305	59.73
1990-1999	22	0.00046	0.00046	0.5	98809	46	98786	5805474	58.75
1990-1999	23	0.00044	0.00044	0.5	98763	43	98741	5706688	57.78
1990-1999	24	0.00045	0.00045	0.5	98720	44	98698	5607947	56.81
1990-1999	25	0.00046	0.00046	0.5	98676	45	98653	5509249	55.83
1990-1999	26	0.00048	0.00048	0.5	98631	48	98607	5410596	54.86
1990-1999	27	0.00050	0.00050	0.5	98583	49	98558	5311989	53.88
1990-1999	28	0.00052	0.00052	0.5	98534	52	98508	5213431	52.91
1990-1999	29	0.00053	0.00053	0.5	98482	53	98456	5114923	51.94
1990-1999	30	0.00056	0.00056	0.5	98429	55	98402	5016467	50.97
1990-1999	31	0.00063	0.00063	0.5	98375	62	98344	4918065	49.99
1990-1999	32	0.00068	0.00068	0.5	98313	67	98279	4819721	49.02
1990-1999	33	0.00076	0.00075	0.5	98246	74	98209	4721442	48.06
1990-1999	34	0.00081	0.00080	0.5	98172	79	98132	4623233	47.09
1990-1999	35	0.00085	0.00085	0.5	98093	83	98051	4525101	46.13
1990-1999	36	0.00090	0.00090	0.5	98010	88	97966	4427050	45.17
1990-1999	37	0.00100	0.00100	0.5	97922	98	97873	4329084	44.21
1990-1999	38	0.00112	0.00111	0.5	97824	109	97769	4231211	43.25
1990-1999	39	0.00117	0.00117	0.5	97715	114	97658	4133441	42.30
1990-1999	40	0.00127	0.00127	0.5	97601	124	97539	4035783	41.35
1990-1999	41	0.00142	0.00142	0.5	97477	138	97408	3938245	40.40
1990-1999	42	0.00151	0.00151	0.5	97339	147	97265	3840837	39.46
1990-1999	43	0.00169	0.00169	0.5	97191	164	97109	3743572	38.52
1990-1999	44	0.00182	0.00181	0.5	97027	176	96939	3646463	37.58
1990-1999	45	0.00195	0.00195	0.5	96851	188	96757	3549524	36.65
1990-1999	46	0.00215	0.00215	0.5	96663	207	96559	3452767	35.72
1990-1999	47	0.00235	0.00235	0.5	96455	227	96342	3356208	34.80
1990-1999	48	0.00262	0.00261	0.5	96228	251	96103	3259867	33.88
1990-1999	49	0.00273	0.00273	0.5	95977	262	95846	3163764	32.96
1990-1999	50	0.00298	0.00297	0.5	95716	284	95573	3067917	32.05
1990-1999	51	0.00338	0.00337	0.5	95431	322	95270	2972344	31.15
1990-1999	52	0.00378	0.00378	0.5	95110	359	94930	2877074	30.25
1990-1999	53	0.00420	0.00419	0.5	94750	397	94552	2782144	29.36
1990-1999	54	0.00441	0.00440	0.5	94353	416	94145	2687592	28.48
1990-1999	55	0.00491	0.00489	0.5	93938	460	93708	2593447	27.61
1990-1999	56	0.00539	0.00538	0.5	93478	503	93227	2499739	26.74
1990-1999	57	0.00600	0.00598	0.5	92975	556	92697	2406512	25.88
1990-1999	58	0.00673	0.00670	0.5	92419	620	92110	2313815	25.04
1990-1999	59	0.00720	0.00717	0.5	91800	658	91471	2221706	24.20
1990-1999	60	0.00790	0.00787	0.5	91141	717	90783	2130235	23.37
1990-1999	61	0.00889	0.00885	0.5	90424	801	90024	2039452	22.55
1990-1999	62	0.00965	0.00961	0.5	89623	861	89193	1949429	21.75
1990-1999	63	0.01043	0.01038	0.5	88762	921	88302	1860236	20.96
1990-1999	64	0.01110	0.01104	0.5	87841	970	87356	1771934	20.17
1990-1999	65	0.01221	0.01213	0.5	86872	1054	86345	1684578	19.39
1990-1999	66	0.01329	0.01321	0.5	85818	1133	85251	1598233	18.62
1990-1999	67	0.01444	0.01434	0.5	84684	1214	84077	1512982	17.87
1990-1999	68	0.01624	0.01611	0.5	83470	1345	82798	1428905	17.12
1990-1999	69	0.01726	0.01711	0.5	82125	1405	81423	1346107	16.39
1990-1999	70	0.01902	0.01884	0.5	80720	1521	79960	1264684	15.67
1990-1999	71	0.02108	0.02086	0.5	79199	1652	78373	1184724	14.96
1990-1999	72	0.02341	0.02314	0.5	77547	1794	76650	1106351	14.27
1990-1999	73	0.02544	0.02512	0.5	75753	1903	74801	1029701	13.59
1990-1999	74	0.02683	0.02648	0.5	73850	1955	72872	954900	12.93
1990-1999	75	0.03001	0.02956	0.5	71894	2125	70831	882028	12.27
1990-1999	76	0.03306	0.03253	0.5	69769	2269	68634	811197	11.63
1990-1999	77	0.03647	0.03581	0.5	67500	2417	66291	742563	11.00
1990-1999	78	0.03968	0.03890	0.5	65082	2532	63816	676272	10.39
1990-1999	79	0.04385	0.04291	0.5	62550	2684	61208	612456	9.79
1990-1999	80	0.05075	0.04949	0.5	59866	2963	58385	551248	9.21
1990-1999	81	0.05584	0.05432	0.5	56903	3091	55358	492863	8.66
1990-1999	82	0.06222	0.06034	0.5	53812	3247	52189	437505	8.13
1990-1999	83	0.07002	0.06766	0.5	50565	3421	48855	385317	7.62
1990-1999	84	0.07800	0.07507	0.5	47144	3539	45375	336462	7.14
1990-1999	85	0.08603	0.08248	0.5	43605	3597	41807	291087	6.68
1990-1999	86	0.09656	0.09212	0.5	40008	3685	38166	249281	6.23
1990-1999	87	0.10736	0.10189	0.5	36323	3701	34473	211115	5.81
1990-1999	88	0.11940	0.11267	0.5	32622	3676	30784	176642	5.41
1990-1999	89	0.13336	0.12503	0.5	28946	3619	27137	145858	5.04
1990-1999	90	0.14877	0.13847	0.5	25327	3507	23574	118721	4.69
1990-1999	91	0.16461	0.15210	0.5	21820	3319	20161	95147	4.36
1990-1999	92	0.18312	0.16776	0.5	18502	3104	16950	74986	4.05
1990-1999	93	0.20642	0.18711	0.5	15398	2881	13957	58036	3.77
1990-1999	94	0.22604	0.20309	0.5	12517	2542	11246	44079	3.52
1990-1999	95	0.24541	0.21859	0.5	9975	2180	8885	32833	3.29
1990-1999	96	0.26877	0.23693	0.5	7794	1847	6871	23949	3.07
1990-1999	97	0.29349	0.25593	0.5	5948	1522	5187	17078	2.87
1990-1999	98	0.31949	0.27548	0.5	4425	1219	3816	11891	2.69
1990-1999	99	0.34666	0.29545	0.5	3206	947	2733	8075	2.52
1990-1999	100	0.37487	0.31570	0.5	2259	713	1902	5343	2.37
1990-1999	101	0.40395	0.33607	0.5	1546	520	1286	3440	2.23
1990-1999	102	0.43373	0.35643	0.5	1026	366	843	2154	2.10
1990-1999	103	0.46399	0.37662	0.5	661	249	536	1311	1.98
1990-1999	104	0.49452	0.39649	0.5	412	163	330	775	1.88
1990-1999	105	0.52509	0.41590	0.5	248	103	197	444	1.79
1990-1999	106	0.55548	0.43474	0.5	145	63	114	248	1.71
1990-1999	107	0.58545	0.45288	0.5	82	37	63	134	1.63
1990-1999	108	0.61481	0.47025	0.5	45	21	34	71	1.57
1990-1999	109	0.64335	0.48677	0.5	24	12	18	36	1.52
1990-1999	110+	0.67091	1.00000	1.49	12	12	18	18	1.49
2000-2009	0	0.00501	0.00498	0.07	100000	498	99535	8121180	81.21
2000-2009	1	0.00038	0.00038	0.5	99502	38	99483	8021645	80.62
2000-2009	2	0.00023	0.00023	0.5	99464	23	99452	7922162	79.65
2000-2009	3	0.00016	0.00016	0.5	99441	16	99433	7822709	78.67
2000-2009	4	0.00015	0.00015	0.5	99425	15	99417	7723277	77.68
2000-2009	5	0.00014	0.00014	0.5	99410	14	99403	7623860	76.69
2000-2009	6	0.00012	0.00012	0.5	99395	12	99390	7524457	75.70
2000-2009	7	0.00010	0.00010	0.5	99384	10	99378	7425068	74.71
2000-2009	8	0.00011	0.00011	0.5	99373	11	99368	7325689	73.72
2000-2009	9	0.00011	0.00011	0.5	99362	11	99357	7226321	72.73
2000-2009	10	0.00010	0.00010	0.5	99351	10	99346	7126964	71.74
2000-2009	11	0.00012	0.00012	0.5	99341	12	99335	7027618	70.74
2000-2009	12	0.00012	0.00012	0.5	99330	12	99324	6928283	69.75
2000-2009	13	0.00014	0.00014	0.5	99318	14	99311	6828959	68.76
2000-2009	14	0.00017	0.00017	0.5	99304	17	99296	6729648	67.77
2000-2009	15	0.00020	0.00020	0.5	99287	20	99277	6630352	66.78
2000-2009	16	0.00026	0.00026	0.5	99268	26	99255	6531074	65.79
2000-2009	17	0.00030	0.00030	0.5	99242	30	99227	6431820	64.81
2000-2009	18	0.00037	0.00037	0.5	99212	37	99193	6332593	63.83
2000-2009	19	0.00038	0.00038	0.5	99174	37	99156	6233400	62.85
2000-2009	20	0.00038	0.00038	0.5	99137	38	99118	6134244	61.88
2000-2009	21	0.00040	0.00040	0.5	99099	40	99079	6035126	60.90
2000-2009	22	0.00038	0.00038	0.5	99059	38	99040	5936047	59.92
2000-2009	23	0.00037	0.00037	0.5	99021	37	99003	5837007	58.95
2000-2009	24	0.00038	0.00038	0.5	98985	38	98966	5738004	57.97
2000-2009	25	0.00039	0.00039	0.5	98947	38	98928	5639038	56.99
2000-2009	26	0.00042	0.00042	0.5	98909	42	98888	5540110	56.01
2000-2009	27	0.00041	0.00041	0.5	98867	41	98846	5441223	55.04
2000-2009	28	0.00043	0.00043	0.5	98826	42	98805	5342376	54.06
2000-2009	29	0.00046	0.00046	0.5	98784	45	98761	5243572	53.08
2000-2009	30	0.00046	0.00046	0.5	98739	45	98716	5144811	52.11
2000-2009	31	0.00054	0.00054	0.5	98693	53	98667	5046095	51.13
2000-2009	32	0.00055	0.00055	0.5	98640	55	98613	4947428	50.16
2000-2009	33	0.00061	0.00061	0.5	98586	60	98556	4848815	49.18
2000-2009	34	0.00066	0.00066	0.5	98525	65	98493	4750259	48.21
2000-2009	35	0.00073	0.00073	0.5	98460	72	98424	4651767	47.25
2000-2009	36	0.00076	0.00076	0.5	98388	75	98351	4553342	46.28
2000-2009	37	0.00084	0.00084	0.5	98314	83	98273	4454991	45.31
2000-2009	38	0.00095	0.00095	0.5	98231	94	98184	4356719	44.35
2000-2009	39	0.00109	0.00109	0.5	98138	107	98084	4258534	43.39
2000-2009	40	0.00117	0.00117	0.5	98031	115	97973	4160450	42.44
2000-2009	41	0.00128	0.00128	0.5	97916	126	97853	4062477	41.49
2000-2009	42	0.00142	0.00142	0.5	97790	139	97720	3964624	40.54
2000-2009	43	0.00158	0.00158	0.5	97651	154	97574	3866904	39.60
2000-2009	44	0.00173	0.00173	0.5	97497	168	97412	3769330	38.66
2000-2009	45	0.00190	0.00190	0.5	97328	185	97236	3671918	37.73
2000-2009	46	0.00208	0.00207	0.5	97144	201	97043	3574682	36.80
2000-2009	47	0.00228	0.00227	0.5	96942	220	96832	3477639	35.87
2000-2009	48	0.00244	0.00244	0.5	96722	236	96604	3380807	34.95
2000-2009	49	0.00266	0.00266	0.5	96486	256	96358	3284203	34.04
2000-2009	50	0.00289	0.00288	0.5	96230	277	96091	3187845	33.13
2000-2009	51	0.00309	0.00309	0.5	95952	296	95804	3091754	32.22
2000-2009	52	0.00338	0.00338	0.5	95656	323	95495	2995950	31.32
2000-2009	53	0.00368	0.00368	0.5	95333	351	95158	2900456	30.42
2000-2009	54	0.00386	0.00385	0.5	94982	366	94800	2805298	29.53
2000-2009	55	0.00416	0.00415	0.5	94617	393	94421	2710498	28.65
2000-2009	56	0.00459	0.00458	0.5	94224	431	94009	2616078	27.76
2000-2009	57	0.00493	0.00492	0.5	93793	462	93562	2522069	26.89
2000-2009	58	0.00540	0.00539	0.5	93332	503	93080	2428507	26.02
2000-2009	59	0.00597	0.00595	0.5	92829	553	92552	2335427	25.16
2000-2009	60	0.00660	0.00658	0.5	92276	607	91973	2242874	24.31
2000-2009	61	0.00707	0.00704	0.5	91669	645	91346	2150902	23.46
2000-2009	62	0.00780	0.00777	0.5	91024	707	90670	2059555	22.63
2000-2009	63	0.00852	0.00849	0.5	90317	766	89933	1968885	21.80
2000-2009	64	0.00939	0.00934	0.5	89550	837	89132	1878952	20.98
2000-2009	65	0.01033	0.01028	0.5	88714	912	88258	1789820	20.18
2000-2009	66	0.01108	0.01102	0.5	87802	968	87318	1701562	19.38
2000-2009	67	0.01230	0.01222	0.5	86834	1061	86304	1614244	18.59
2000-2009	68	0.01337	0.01328	0.5	85773	1139	85203	1527941	17.81
2000-2009	69	0.01473	0.01463	0.5	84633	1238	84015	1442737	17.05
2000-2009	70	0.01630	0.01617	0.5	83396	1348	82721	1358723	16.29
2000-2009	71	0.01771	0.01755	0.5	82047	1440	81327	1276001	15.55
2000-2009	72	0.01961	0.01942	0.5	80607	1566	79824	1194674	14.82
2000-2009	73	0.02141	0.02118	0.5	79041	1674	78204	1114850	14.10
2000-2009	74	0.02402	0.02373	0.5	77367	1836	76449	1036646	13.40
2000-2009	75	0.02635	0.02601	0.5	75531	1965	74549	960196	12.71
2000-2009	76	0.02875	0.02834	0.5	73567	2085	72524	885648	12.04
2000-2009	77	0.03197	0.03146	0.5	71482	2249	70357	813123	11.38
2000-2009	78	0.03515	0.03454	0.5	69233	2392	68037	742766	10.73
2000-2009	79	0.03923	0.03847	0.5	66841	2572	65555	674730	10.09
2000-2009	80	0.04614	0.04510	0.5	64269	2899	62820	609174	9.48
2000-2009	81	0.05107	0.04980	0.5	61371	3056	59843	546354	8.90
2000-2009	82	0.05773	0.05611	0.5	58314	3272	56678	486512	8.34
2000-2009	83	0.06401	0.06202	0.5	55042	3414	53335	429834	7.81
2000-2009	84	0.07203	0.06952	0.5	51628	3589	49834	376498	7.29
2000-2009	85	0.08056	0.07744	0.5	48039	3720	46179	326665	6.80
2000-2009	86	0.09108	0.08712	0.5	44319	3861	42388	280486	6.33
2000-2009	87	0.10207	0.09711	0.5	40458	3929	38494	238097	5.89
2000-2009	88	0.11525	0.10897	0.5	36529	3981	34539	199604	5.46
2000-2009	89	0.12891	0.12110	0.5	32548	3942	30578	165065	5.07
2000-2009	90	0.14525	0.13541	0.5	28607	3874	26670	134487	4.70
2000-2009	91	0.16339	0.15105	0.5	24733	3736	22865	107817	4.36
2000-2009	92	0.18212	0.16692	0.5	20997	3505	19245	84952	4.05
2000-2009	93	0.20192	0.18341	0.5	17492	3208	15888	65708	3.76
2000-2009	94	0.22551	0.20266	0.5	14284	2895	12837	49819	3.49
2000-2009	95	0.24687	0.21974	0.5	11389	2503	10138	36983	3.25
2000-2009	96	0.27183	0.23931	0.5	8887	2127	7823	26845	3.02
2000-2009	97	0.29833	0.25960	0.5	6760	1755	5883	19021	2.81
2000-2009	98	0.32624	0.28049	0.5	5005	1404	4303	13139	2.63
2000-2009	99	0.35545	0.30181	0.5	3601	1087	3058	8836	2.45
2000-2009	100	0.38577	0.32339	0.5	2514	813	2108	5778	2.30
2000-2009	101	0.41701	0.34506	0.5	1701	587	1408	3670	2.16
2000-2009	102	0.44892	0.36663	0.5	1114	408	910	2263	2.03
2000-2009	103	0.48126	0.38792	0.5	706	274	569	1353	1.92
2000-2009	104	0.51377	0.40876	0.5	432	177	344	784	1.81
2000-2009	105	0.54615	0.42900	0.5	255	110	201	440	1.72
2000-2009	106	0.57815	0.44850	0.5	146	65	113	240	1.64
2000-2009	107	0.60950	0.46714	0.5	80	38	62	126	1.57
2000-2009	108	0.63998	0.48484	0.5	43	21	32	65	1.51
2000-2009	109	0.66937	0.50152	0.5	22	11	17	32	1.46
2000-2009	110+	0.69749	1.00000	1.43	11	11	16	16	1.43
2010-2019	0	0.00412	0.00410	0.06	100000	410	99616	8283872	82.84
2010-2019	1	0.00027	0.00027	0.5	99590	27	99576	8184256	82.18
2010-2019	2	0.00018	0.00018	0.5	99563	18	99554	8084680	81.20
2010-2019	3	0.00013	0.00013	0.5	99545	13	99538	7985126	80.22
2010-2019	4	0.00011	0.00011	0.5	99532	11	99526	7885588	79.23
2010-2019	5	0.00010	0.00010	0.5	99521	10	99516	7786061	78.24
2010-2019	6	0.00009	0.00009	0.5	99511	9	99507	7686545	77.24
2010-2019	7	0.00008	0.00008	0.5	99502	8	99498	7587039	76.25
2010-2019	8	0.00007	0.00007	0.5	99493	7	99490	7487541	75.26
2010-2019	9	0.00008	0.00008	0.5	99486	8	99482	7388051	74.26
2010-2019	10	0.00008	0.00008	0.5	99478	8	99474	7288569	73.27
2010-2019	11	0.00009	0.00009	0.5	99470	9	99466	7189095	72.27
2010-2019	12	0.00009	0.00009	0.5	99462	9	99457	7089628	71.28
2010-2019	13	0.00011	0.00011	0.5	99453	11	99447	6990171	70.29
2010-2019	14	0.00013	0.00013	0.5	99441	13	99435	6890724	69.29
2010-2019	15	0.00016	0.00016	0.5	99428	16	99420	6791289	68.30
2010-2019	16	0.00017	0.00017	0.5	99413	17	99404	6691869	67.31
2010-2019	17	0.00022	0.00022	0.5	99395	21	99385	6592465	66.33
2010-2019	18	0.00027	0.00027	0.5	99374	26	99361	6493080	65.34
2010-2019	19	0.00032	0.00032	0.5	99348	32	99332	6393719	64.36
2010-2019	20	0.00033	0.00033	0.5	99316	33	99300	6294388	63.38
2010-2019	21	0.00035	0.00035	0.5	99283	35	99266	6195088	62.40
2010-2019	22	0.00036	0.00036	0.5	99248	36	99230	6095822	61.42
2010-2019	23	0.00038	0.00038	0.5	99212	38	99193	5996593	60.44
2010-2019	24	0.00037	0.00037	0.5	99174	37	99156	5897399	59.47
2010-2019	25	0.00041	0.00041	0.5	99137	40	99117	5798244	58.49
2010-2019	26	0.00042	0.00042	0.5	99097	41	99076	5699126	57.51
2010-2019	27	0.00043	0.00043	0.5	99056	43	99034	5600050	56.53
2010-2019	28	0.00045	0.00045	0.5	99013	44	98991	5501015	55.56
2010-2019	29	0.00046	0.00046	0.5	98969	45	98946	5402024	54.58
2010-2019	30	0.00051	0.00051	0.5	98924	51	98899	5303078	53.61
2010-2019	31	0.00054	0.00054	0.5	98873	54	98846	5204179	52.63
2010-2019	32	0.00057	0.00057	0.5	98820	56	98792	5105333	51.66
2010-2019	33	0.00062	0.00062	0.5	98763	61	98733	5006541	50.69
2010-2019	34	0.00065	0.00065	0.5	98703	64	98671	4907808	49.72
2010-2019	35	0.00069	0.00069	0.5	98639	68	98605	4809138	48.75
2010-2019	36	0.00077	0.00077	0.5	98570	76	98533	4710533	47.79
2010-2019	37	0.00079	0.00079	0.5	98495	78	98456	4612000	46.82
2010-2019	38	0.00090	0.00090	0.5	98417	88	98373	4513544	45.86
2010-2019	39	0.00092	0.00092	0.5	98329	91	98283	4415172	44.90
2010-2019	40	0.00104	0.00104	0.5	98238	102	98187	4316888	43.94
2010-2019	41	0.00106	0.00106	0.5	98136	104	98084	4218701	42.99
2010-2019	42	0.00118	0.00118	0.5	98032	115	97975	4120617	42.03
2010-2019	43	0.00130	0.00130	0.5	97917	127	97853	4022643	41.08
2010-2019	44	0.00142	0.00142	0.5	97789	139	97720	3924790	40.14
2010-2019	45	0.00157	0.00157	0.5	97650	154	97574	3827070	39.19
2010-2019	46	0.00175	0.00175	0.5	97497	171	97411	3729496	38.25
2010-2019	47	0.00188	0.00188	0.5	97326	183	97235	3632085	37.32
2010-2019	48	0.00210	0.00210	0.5	97143	204	97041	3534850	36.39
2010-2019	49	0.00234	0.00234	0.5	96940	227	96826	3437809	35.46
2010-2019	50	0.00258	0.00258	0.5	96713	249	96588	3340983	34.55
2010-2019	51	0.00283	0.00282	0.5	96464	272	96328	3244394	33.63
2010-2019	52	0.00303	0.00303	0.5	96191	291	96046	3148067	32.73
2010-2019	53	0.00330	0.00329	0.5	95900	316	95742	3052021	31.82
2010-2019	54	0.00356	0.00355	0.5	95584	340	95415	2956278	30.93
2010-2019	55	0.00393	0.00393	0.5	95245	374	95058	2860864	30.04
2010-2019	56	0.00420	0.00419	0.5	94871	398	94672	2765806	29.15
2010-2019	57	0.00455	0.00454	0.5	94473	429	94259	2671134	28.27
2010-2019	58	0.00482	0.00481	0.5	94044	453	93818	2576875	27.40
2010-2019	59	0.00528	0.00527	0.5	93592	493	93345	2483057	26.53
2010-2019	60	0.00571	0.00569	0.5	93099	530	92834	2389711	25.67
2010-2019	61	0.00618	0.00616	0.5	92569	570	92284	2296877	24.81
2010-2019	62	0.00654	0.00652	0.5	91998	600	91699	2204594	23.96
2010-2019	63	0.00729	0.00726	0.5	91399	664	91067	2112895	23.12
2010-2019	64	0.00773	0.00770	0.5	90735	699	90386	2021828	22.28
2010-2019	65	0.00840	0.00836	0.5	90036	753	89660	1931443	21.45
2010-2019	66	0.00888	0.00884	0.5	89283	789	88889	1841783	20.63
2010-2019	67	0.00987	0.00982	0.5	88494	869	88060	1752894	19.81
2010-2019	68	0.01083	0.01077	0.5	87625	944	87153	1664834	19.00
2010-2019	69	0.01174	0.01167	0.5	86681	1011	86176	1577681	18.20
2010-2019	70	0.01298	0.01290	0.5	85670	1105	85117	1491506	17.41
2010-2019	71	0.01427	0.01417	0.5	84565	1198	83966	1406388	16.63
2010-2019	72	0.01568	0.01555	0.5	83367	1297	82718	1322423	15.86
2010-2019	73	0.01717	0.01702	0.5	82070	1397	81371	1239704	15.11
2010-2019	74	0.01915	0.01897	0.5	80673	1530	79908	1158333	14.36
2010-2019	75	0.02144	0.02122	0.5	79143	1679	78303	1078425	13.63
2010-2019	76	0.02365	0.02338	0.5	77463	1811	76558	1000122	12.91
2010-2019	77	0.02642	0.02607	0.5	75653	1973	74666	923564	12.21
2010-2019	78	0.02915	0.02873	0.5	73680	2117	72622	848898	11.52
2010-2019	79	0.03256	0.03203	0.5	71563	2292	70417	776276	10.85
2010-2019	80	0.03888	0.03814	0.5	69271	2642	67950	705859	10.19
2010-2019	81	0.04353	0.04260	0.5	66629	2839	65209	637910	9.57
2010-2019	82	0.04886	0.04770	0.5	63790	3043	62269	572700	8.98
2010-2019	83	0.05512	0.05364	0.5	60747	3259	59118	510432	8.40
2010-2019	84	0.06235	0.06046	0.5	57488	3476	55751	451314	7.85
2010-2019	85	0.07001	0.06765	0.5	54013	3654	52186	395563	7.32
2010-2019	86	0.07861	0.07564	0.5	50359	3809	48454	343377	6.82
2010-2019	87	0.08880	0.08502	0.5	46550	3958	44571	294923	6.34
2010-2019	88	0.10117	0.09630	0.5	42592	4102	40541	250352	5.88
2010-2019	89	0.11340	0.10732	0.5	38491	4131	36425	209811	5.45
2010-2019	90	0.12983	0.12192	0.5	34360	4189	32265	173386	5.05
2010-2019	91	0.14572	0.13582	0.5	30171	4098	28122	141120	4.68
2010-2019	92	0.16431	0.15184	0.5	26073	3959	24093	112999	4.33
2010-2019	93	0.18211	0.16691	0.5	22114	3691	20268	88905	4.02
2010-2019	94	0.20329	0.18453	0.5	18423	3400	16723	68637	3.73
2010-2019	95	0.22537	0.20255	0.5	15023	3043	13502	51914	3.46
2010-2019	96	0.24961	0.22191	0.5	11980	2659	10651	38412	3.21
2010-2019	97	0.27553	0.24216	0.5	9322	2257	8193	27761	2.98
2010-2019	98	0.30305	0.26317	0.5	7064	1859	6135	19568	2.77
2010-2019	99	0.33206	0.28478	0.5	5205	1482	4464	13433	2.58
2010-2019	100	0.36240	0.30681	0.5	3723	1142	3152	8969	2.41
2010-2019	101	0.39388	0.32907	0.5	2581	849	2156	5817	2.25
2010-2019	102	0.42627	0.35138	0.5	1731	608	1427	3661	2.11
2010-2019	103	0.45930	0.37352	0.5	1123	419	913	2234	1.99
2010-2019	104	0.49269	0.39531	0.5	704	278	565	1320	1.88
2010-2019	105	0.52615	0.41656	0.5	425	177	337	756	1.78
2010-2019	106	0.55938	0.43712	0.5	248	109	194	419	1.69
2010-2019	107	0.59208	0.45684	0.5	140	64	108	225	1.61
2010-2019	108	0.62399	0.47560	0.5	76	36	58	117	1.55
2010-2019	109	0.65485	0.49333	0.5	40	20	30	59	1.49
2010-2019	110+	0.68447	1.00000	1.46	20	20	29	29	1.46
2020-2022	0	0.00375	0.00373	0.06	100000	373	99650	8190376	81.90
2020-2022	1	0.00028	0.00028	0.5	99627	28	99613	8090725	81.21
2020-2022	2	0.00018	0.00018	0.5	99599	18	99590	7991113	80.23
2020-2022	3	0.00012	0.00012	0.5	99581	12	99575	7891522	79.25
2020-2022	4	0.00010	0.00010	0.5	99569	10	99564	7791947	78.26
2020-2022	5	0.00008	0.00008	0.5	99559	8	99555	7692383	77.26
2020-2022	6	0.00008	0.00008	0.5	99551	8	99547	7592827	76.27
2020-2022	7	0.00007	0.00007	0.5	99543	7	99539	7493281	75.28
2020-2022	8	0.00009	0.00009	0.5	99536	9	99531	7393741	74.28
2020-2022	9	0.00009	0.00009	0.5	99527	9	99522	7294210	73.29
2020-2022	10	0.00008	0.00008	0.5	99518	8	99514	7194688	72.30
2020-2022	11	0.00008	0.00008	0.5	99510	8	99506	7095174	71.30
2020-2022	12	0.00011	0.00011	0.5	99502	11	99497	6995668	70.31
2020-2022	13	0.00013	0.00013	0.5	99492	13	99485	6896171	69.31
2020-2022	14	0.00018	0.00018	0.5	99479	18	99470	6796686	68.32
2020-2022	15	0.00019	0.00019	0.5	99461	19	99452	6697216	67.34
2020-2022	16	0.00025	0.00025	0.5	99442	25	99430	6597765	66.35
2020-2022	17	0.00029	0.00029	0.5	99417	29	99403	6498335	65.36
2020-2022	18	0.00035	0.00035	0.5	99389	35	99371	6398932	64.38
2020-2022	19	0.00042	0.00042	0.5	99354	42	99333	6299561	63.41
2020-2022	20	0.00045	0.00045	0.5	99312	45	99290	6200227	62.43
2020-2022	21	0.00048	0.00048	0.5	99268	47	99244	6100938	61.46
2020-2022	22	0.00052	0.00052	0.5	99220	52	99195	6001694	60.49
2020-2022	23	0.00052	0.00052	0.5	99169	52	99143	5902499	59.52
2020-2022	24	0.00050	0.00050	0.5	99117	50	99092	5803356	58.55
2020-2022	25	0.00059	0.00059	0.5	99067	58	99038	5704264	57.58
2020-2022	26	0.00059	0.00059	0.5	99009	58	98980	5605226	56.61
2020-2022	27	0.00065	0.00064	0.5	98951	64	98919	5506246	55.65
2020-2022	28	0.00066	0.00066	0.5	98887	65	98855	5407326	54.68
2020-2022	29	0.00069	0.00069	0.5	98822	68	98788	5308472	53.72
2020-2022	30	0.00078	0.00078	0.5	98754	77	98716	5209683	52.75
2020-2022	31	0.00078	0.00078	0.5	98677	77	98639	5110968	51.79
2020-2022	32	0.00080	0.00080	0.5	98601	79	98561	5012328	50.83
2020-2022	33	0.00095	0.00095	0.5	98522	94	98475	4913767	49.87
2020-2022	34	0.00096	0.00096	0.5	98428	94	98381	4815292	48.92
2020-2022	35	0.00096	0.00096	0.5	98334	94	98287	4716911	47.97
2020-2022	36	0.00107	0.00107	0.5	98239	105	98187	4618625	47.01
2020-2022	37	0.00115	0.00115	0.5	98134	113	98078	4520438	46.06
2020-2022	38	0.00113	0.00113	0.5	98021	110	97966	4422360	45.12
2020-2022	39	0.00130	0.00130	0.5	97911	127	97847	4324394	44.17
2020-2022	40	0.00141	0.00141	0.5	97783	137	97715	4226547	43.22
2020-2022	41	0.00143	0.00143	0.5	97646	140	97576	4128833	42.28
2020-2022	42	0.00155	0.00155	0.5	97506	151	97431	4031256	41.34
2020-2022	43	0.00173	0.00172	0.5	97355	168	97271	3933825	40.41
2020-2022	44	0.00176	0.00175	0.5	97188	171	97102	3836554	39.48
2020-2022	45	0.00195	0.00194	0.5	97017	189	96923	3739452	38.54
2020-2022	46	0.00209	0.00209	0.5	96828	202	96727	3642529	37.62
2020-2022	47	0.00218	0.00218	0.5	96626	211	96521	3545802	36.70
2020-2022	48	0.00245	0.00244	0.5	96415	236	96298	3449281	35.78
2020-2022	49	0.00259	0.00259	0.5	96180	249	96056	3352983	34.86
2020-2022	50	0.00289	0.00289	0.5	95931	277	95793	3256928	33.95
2020-2022	51	0.00309	0.00308	0.5	95654	295	95506	3161135	33.05
2020-2022	52	0.00329	0.00328	0.5	95359	313	95202	3065629	32.15
2020-2022	53	0.00368	0.00368	0.5	95046	349	94871	2970426	31.25
2020-2022	54	0.00395	0.00394	0.5	94696	373	94510	2875555	30.37
2020-2022	55	0.00419	0.00418	0.5	94323	394	94126	2781046	29.48
2020-2022	56	0.00455	0.00454	0.5	93929	426	93715	2686920	28.61
2020-2022	57	0.00515	0.00514	0.5	93502	480	93262	2593204	27.73
2020-2022	58	0.00542	0.00541	0.5	93022	503	92771	2499942	26.87
2020-2022	59	0.00587	0.00585	0.5	92519	541	92248	2407172	26.02
2020-2022	60	0.00670	0.00668	0.5	91978	614	91671	2314924	25.17
2020-2022	61	0.00716	0.00713	0.5	91364	652	91038	2223253	24.33
2020-2022	62	0.00760	0.00757	0.5	90712	687	90369	2132215	23.51
2020-2022	63	0.00849	0.00845	0.5	90025	761	89645	2041847	22.68
2020-2022	64	0.00901	0.00897	0.5	89264	801	88864	1952202	21.87
2020-2022	65	0.00955	0.00950	0.5	88463	841	88043	1863338	21.06
2020-2022	66	0.01012	0.01007	0.5	87623	882	87182	1775295	20.26
2020-2022	67	0.01099	0.01093	0.5	86741	948	86267	1688114	19.46
2020-2022	68	0.01173	0.01166	0.5	85793	1001	85292	1601847	18.67
2020-2022	69	0.01281	0.01273	0.5	84792	1080	84252	1516555	17.89
2020-2022	70	0.01371	0.01362	0.5	83712	1140	83142	1432303	17.11
2020-2022	71	0.01507	0.01496	0.5	82572	1235	81955	1349160	16.34
2020-2022	72	0.01674	0.01660	0.5	81337	1350	80662	1267205	15.58
2020-2022	73	0.01843	0.01826	0.5	79987	1461	79257	1186543	14.83
2020-2022	74	0.02056	0.02035	0.5	78526	1598	77728	1107286	14.10
2020-2022	75	0.02271	0.02245	0.5	76929	1727	76065	1029559	13.38
2020-2022	76	0.02464	0.02434	0.5	75201	1830	74286	953494	12.68
2020-2022	77	0.02873	0.02832	0.5	73371	2078	72332	879208	11.98
2020-2022	78	0.03173	0.03123	0.5	71293	2227	70180	806876	11.32
2020-2022	79	0.03487	0.03427	0.5	69066	2367	67883	736696	10.67
2020-2022	80	0.03947	0.03870	0.5	66699	2581	65408	668814	10.03
2020-2022	81	0.04427	0.04331	0.5	64118	2777	62729	603405	9.41
2020-2022	82	0.05055	0.04930	0.5	61341	3024	59829	540676	8.81
2020-2022	83	0.05681	0.05524	0.5	58317	3221	56706	480847	8.25
2020-2022	84	0.06375	0.06178	0.5	55095	3404	53393	424141	7.70
2020-2022	85	0.07286	0.07030	0.5	51691	3634	49875	370748	7.17
2020-2022	86	0.08110	0.07794	0.5	48058	3745	46185	320873	6.68
2020-2022	87	0.09215	0.08809	0.5	44312	3903	42361	274688	6.20
2020-2022	88	0.10340	0.09832	0.5	40409	3973	38422	232328	5.75
2020-2022	89	0.11896	0.11228	0.5	36436	4091	34390	193905	5.32
2020-2022	90	0.13334	0.12501	0.5	32345	4043	30323	159515	4.93
2020-2022	91	0.14952	0.13912	0.5	28301	3937	26333	129192	4.56
2020-2022	92	0.17004	0.15672	0.5	24364	3818	22455	102859	4.22
2020-2022	93	0.18814	0.17196	0.5	20546	3533	18779	80404	3.91
2020-2022	94	0.21143	0.19122	0.5	17013	3253	15386	61625	3.62
2020-2022	95	0.23361	0.20917	0.5	13760	2878	12321	46239	3.36
2020-2022	96	0.25871	0.22908	0.5	10881	2493	9635	33918	3.12
2020-2022	97	0.28551	0.24984	0.5	8389	2096	7341	24283	2.89
2020-2022	98	0.31391	0.27132	0.5	6293	1707	5439	16942	2.69
2020-2022	99	0.34377	0.29335	0.5	4585	1345	3913	11503	2.51
2020-2022	100	0.37492	0.31573	0.5	3240	1023	2729	7590	2.34
2020-2022	101	0.40715	0.33828	0.5	2217	750	1842	4861	2.19
2020-2022	102	0.44019	0.36078	0.5	1467	529	1203	3019	2.06
2020-2022	103	0.47377	0.38304	0.5	938	359	758	1817	1.94
2020-2022	104	0.50759	0.40484	0.5	579	234	461	1058	1.83
2020-2022	105	0.54134	0.42603	0.5	344	147	271	597	1.73
2020-2022	106	0.57472	0.44643	0.5	198	88	154	326	1.65
2020-2022	107	0.60743	0.46592	0.5	109	51	84	172	1.57
2020-2022	108	0.63920	0.48439	0.5	58	28	44	88	1.51
2020-2022	109	0.66980	0.50176	0.5	30	15	23	44	1.46
2020-2022	110+	0.69903	1.00000	1.43	15	15	21	21	1.43
