Div9: Div9, Lifetables (period 1x5), Both sexes Last modified: February 4 2025, MPv5 (May07) 

Year     	Age	mx	qx	ax	lx	dx	Lx	Tx	ex
1960-1964	0	0.02322	0.02276	0.11	100000	2276	97981	7103705	71.04
1960-1964	1	0.00146	0.00146	0.5	97724	143	97653	7005724	71.69
1960-1964	2	0.00096	0.00096	0.5	97582	93	97535	6908071	70.79
1960-1964	3	0.00072	0.00072	0.5	97488	70	97453	6810536	69.86
1960-1964	4	0.00061	0.00061	0.5	97418	59	97389	6713083	68.91
1960-1964	5	0.00051	0.00051	0.5	97359	50	97334	6615694	67.95
1960-1964	6	0.00047	0.00047	0.5	97309	46	97286	6518360	66.99
1960-1964	7	0.00042	0.00042	0.5	97263	41	97243	6421074	66.02
1960-1964	8	0.00037	0.00037	0.5	97222	36	97204	6323831	65.04
1960-1964	9	0.00034	0.00034	0.5	97186	33	97170	6226627	64.07
1960-1964	10	0.00033	0.00033	0.5	97154	32	97138	6129457	63.09
1960-1964	11	0.00034	0.00034	0.5	97122	33	97105	6032319	62.11
1960-1964	12	0.00035	0.00035	0.5	97089	34	97072	5935213	61.13
1960-1964	13	0.00041	0.00041	0.5	97055	39	97036	5838141	60.15
1960-1964	14	0.00044	0.00044	0.5	97016	42	96995	5741106	59.18
1960-1964	15	0.00054	0.00054	0.5	96974	52	96947	5644111	58.20
1960-1964	16	0.00074	0.00074	0.5	96921	72	96885	5547164	57.23
1960-1964	17	0.00089	0.00089	0.5	96849	87	96806	5450279	56.28
1960-1964	18	0.00103	0.00103	0.5	96763	100	96713	5353473	55.33
1960-1964	19	0.00117	0.00117	0.5	96663	113	96606	5256760	54.38
1960-1964	20	0.00117	0.00117	0.5	96550	113	96494	5160154	53.45
1960-1964	21	0.00132	0.00132	0.5	96437	127	96374	5063660	52.51
1960-1964	22	0.00123	0.00123	0.5	96310	118	96251	4967286	51.58
1960-1964	23	0.00129	0.00129	0.5	96192	124	96130	4871035	50.64
1960-1964	24	0.00118	0.00118	0.5	96068	113	96011	4774906	49.70
1960-1964	25	0.00119	0.00119	0.5	95955	114	95897	4678895	48.76
1960-1964	26	0.00118	0.00118	0.5	95840	113	95784	4582997	47.82
1960-1964	27	0.00126	0.00126	0.5	95727	120	95667	4487214	46.88
1960-1964	28	0.00126	0.00126	0.5	95607	120	95547	4391547	45.93
1960-1964	29	0.00127	0.00127	0.5	95487	121	95426	4296000	44.99
1960-1964	30	0.00136	0.00136	0.5	95366	129	95301	4200574	44.05
1960-1964	31	0.00144	0.00144	0.5	95236	137	95168	4105273	43.11
1960-1964	32	0.00154	0.00154	0.5	95100	146	95026	4010105	42.17
1960-1964	33	0.00164	0.00164	0.5	94953	156	94876	3915079	41.23
1960-1964	34	0.00165	0.00165	0.5	94798	157	94719	3820203	40.30
1960-1964	35	0.00182	0.00182	0.5	94641	172	94555	3725484	39.36
1960-1964	36	0.00196	0.00196	0.5	94469	185	94376	3630929	38.44
1960-1964	37	0.00219	0.00218	0.5	94284	206	94181	3536553	37.51
1960-1964	38	0.00230	0.00230	0.5	94078	216	93969	3442372	36.59
1960-1964	39	0.00265	0.00265	0.5	93861	249	93737	3348403	35.67
1960-1964	40	0.00279	0.00278	0.5	93613	261	93482	3254666	34.77
1960-1964	41	0.00294	0.00294	0.5	93352	274	93215	3161183	33.86
1960-1964	42	0.00340	0.00340	0.5	93078	316	92920	3067968	32.96
1960-1964	43	0.00374	0.00373	0.5	92762	346	92589	2975049	32.07
1960-1964	44	0.00420	0.00419	0.5	92416	387	92222	2882460	31.19
1960-1964	45	0.00458	0.00457	0.5	92029	421	91818	2790238	30.32
1960-1964	46	0.00504	0.00502	0.5	91608	460	91378	2698420	29.46
1960-1964	47	0.00543	0.00541	0.5	91148	494	90901	2607042	28.60
1960-1964	48	0.00602	0.00600	0.5	90654	544	90382	2516141	27.76
1960-1964	49	0.00667	0.00665	0.5	90110	599	89810	2425759	26.92
1960-1964	50	0.00721	0.00718	0.5	89511	643	89189	2335949	26.10
1960-1964	51	0.00804	0.00801	0.5	88868	712	88512	2246760	25.28
1960-1964	52	0.00868	0.00864	0.5	88156	762	87775	2158248	24.48
1960-1964	53	0.00960	0.00956	0.5	87394	835	86976	2070473	23.69
1960-1964	54	0.01038	0.01032	0.5	86559	893	86112	1983496	22.91
1960-1964	55	0.01102	0.01096	0.5	85666	939	85196	1897384	22.15
1960-1964	56	0.01204	0.01197	0.5	84727	1014	84220	1812188	21.39
1960-1964	57	0.01325	0.01316	0.5	83713	1102	83162	1727968	20.64
1960-1964	58	0.01415	0.01405	0.5	82611	1161	82030	1644806	19.91
1960-1964	59	0.01517	0.01506	0.5	81450	1226	80837	1562776	19.19
1960-1964	60	0.01630	0.01617	0.5	80224	1297	79575	1481939	18.47
1960-1964	61	0.01736	0.01721	0.5	78927	1358	78248	1402364	17.77
1960-1964	62	0.01953	0.01934	0.5	77568	1500	76818	1324116	17.07
1960-1964	63	0.02082	0.02060	0.5	76068	1567	75285	1247298	16.40
1960-1964	64	0.02284	0.02259	0.5	74501	1683	73660	1172013	15.73
1960-1964	65	0.02530	0.02498	0.5	72818	1819	71909	1098354	15.08
1960-1964	66	0.02661	0.02626	0.5	70999	1864	70067	1026445	14.46
1960-1964	67	0.02890	0.02848	0.5	69135	1969	68150	956378	13.83
1960-1964	68	0.03092	0.03045	0.5	67166	2045	66143	888228	13.22
1960-1964	69	0.03302	0.03248	0.5	65121	2115	64063	822085	12.62
1960-1964	70	0.03641	0.03576	0.5	63006	2253	61879	758022	12.03
1960-1964	71	0.03823	0.03751	0.5	60753	2279	59613	696143	11.46
1960-1964	72	0.04316	0.04225	0.5	58474	2471	57238	636529	10.89
1960-1964	73	0.04702	0.04594	0.5	56003	2573	54717	579291	10.34
1960-1964	74	0.05151	0.05021	0.5	53430	2683	52089	524575	9.82
1960-1964	75	0.05650	0.05495	0.5	50747	2788	49353	472486	9.31
1960-1964	76	0.06040	0.05863	0.5	47959	2812	46553	423133	8.82
1960-1964	77	0.06521	0.06315	0.5	45147	2851	43721	376580	8.34
1960-1964	78	0.07153	0.06906	0.5	42296	2921	40836	332859	7.87
1960-1964	79	0.07853	0.07556	0.5	39375	2975	37887	292023	7.42
1960-1964	80	0.08714	0.08350	0.5	36400	3040	34880	254136	6.98
1960-1964	81	0.09243	0.08835	0.5	33360	2947	31887	219256	6.57
1960-1964	82	0.10369	0.09858	0.5	30413	2998	28914	187369	6.16
1960-1964	83	0.11514	0.10887	0.5	27415	2985	25923	158455	5.78
1960-1964	84	0.12831	0.12057	0.5	24430	2946	22958	132532	5.42
1960-1964	85	0.13792	0.12902	0.5	21485	2772	20099	109575	5.10
1960-1964	86	0.15164	0.14095	0.5	18713	2638	17394	89476	4.78
1960-1964	87	0.16964	0.15638	0.5	16075	2514	14818	72082	4.48
1960-1964	88	0.18242	0.16717	0.5	13561	2267	12428	57264	4.22
1960-1964	89	0.19578	0.17832	0.5	11294	2014	10287	44836	3.97
1960-1964	90	0.21780	0.19641	0.5	9280	1823	8369	34549	3.72
1960-1964	91	0.22730	0.20411	0.5	7457	1522	6696	26180	3.51
1960-1964	92	0.25434	0.22565	0.5	5935	1339	5266	19484	3.28
1960-1964	93	0.27051	0.23828	0.5	4596	1095	4048	14218	3.09
1960-1964	94	0.28951	0.25290	0.5	3501	885	3058	10170	2.90
1960-1964	95	0.31989	0.27578	0.5	2616	721	2255	7112	2.72
1960-1964	96	0.34392	0.29345	0.5	1894	556	1616	4857	2.56
1960-1964	97	0.36882	0.31140	0.5	1338	417	1130	3240	2.42
1960-1964	98	0.39449	0.32950	0.5	922	304	770	2110	2.29
1960-1964	99	0.42081	0.34766	0.5	618	215	511	1341	2.17
1960-1964	100	0.44762	0.36576	0.5	403	147	329	830	2.06
1960-1964	101	0.47479	0.38370	0.5	256	98	207	501	1.96
1960-1964	102	0.50216	0.40138	0.5	158	63	126	294	1.87
1960-1964	103	0.52954	0.41869	0.5	94	39	75	168	1.78
1960-1964	104	0.55679	0.43554	0.5	55	24	43	94	1.71
1960-1964	105	0.58373	0.45185	0.5	31	14	24	51	1.64
1960-1964	106	0.61021	0.46756	0.5	17	8	13	27	1.58
1960-1964	107	0.63608	0.48260	0.5	9	4	7	14	1.52
1960-1964	108	0.66122	0.49693	0.5	5	2	4	7	1.47
1960-1964	109	0.68550	0.51052	0.5	2	1	2	3	1.44
1960-1964	110+	0.70882	1.00000	1.41	1	1	2	2	1.41
1965-1969	0	0.02033	0.01997	0.1	100000	1997	98213	7138415	71.38
1965-1969	1	0.00132	0.00132	0.5	98003	129	97939	7040203	71.84
1965-1969	2	0.00089	0.00089	0.5	97874	87	97831	6942264	70.93
1965-1969	3	0.00068	0.00068	0.5	97787	66	97754	6844433	69.99
1965-1969	4	0.00058	0.00058	0.5	97721	56	97693	6746680	69.04
1965-1969	5	0.00051	0.00051	0.5	97664	50	97639	6648987	68.08
1965-1969	6	0.00043	0.00043	0.5	97615	42	97594	6551348	67.11
1965-1969	7	0.00039	0.00039	0.5	97573	38	97554	6453754	66.14
1965-1969	8	0.00038	0.00038	0.5	97535	37	97516	6356200	65.17
1965-1969	9	0.00033	0.00033	0.5	97497	32	97481	6258684	64.19
1965-1969	10	0.00030	0.00030	0.5	97465	29	97451	6161203	63.21
1965-1969	11	0.00033	0.00033	0.5	97436	32	97420	6063752	62.23
1965-1969	12	0.00036	0.00036	0.5	97404	35	97386	5966332	61.25
1965-1969	13	0.00042	0.00042	0.5	97369	41	97348	5868946	60.28
1965-1969	14	0.00048	0.00048	0.5	97328	47	97305	5771597	59.30
1965-1969	15	0.00064	0.00064	0.5	97281	62	97250	5674293	58.33
1965-1969	16	0.00084	0.00084	0.5	97219	82	97178	5577042	57.37
1965-1969	17	0.00103	0.00103	0.5	97138	100	97087	5479864	56.41
1965-1969	18	0.00124	0.00123	0.5	97037	120	96977	5382777	55.47
1965-1969	19	0.00130	0.00129	0.5	96917	125	96855	5285800	54.54
1965-1969	20	0.00131	0.00131	0.5	96792	127	96728	5188945	53.61
1965-1969	21	0.00134	0.00133	0.5	96665	129	96600	5092217	52.68
1965-1969	22	0.00138	0.00138	0.5	96536	133	96469	4995616	51.75
1965-1969	23	0.00133	0.00133	0.5	96403	128	96339	4899147	50.82
1965-1969	24	0.00129	0.00129	0.5	96274	125	96212	4802808	49.89
1965-1969	25	0.00134	0.00134	0.5	96150	129	96086	4706596	48.95
1965-1969	26	0.00129	0.00128	0.5	96021	123	95960	4610510	48.02
1965-1969	27	0.00132	0.00132	0.5	95898	126	95835	4514550	47.08
1965-1969	28	0.00138	0.00138	0.5	95772	132	95706	4418716	46.14
1965-1969	29	0.00142	0.00142	0.5	95640	135	95572	4323010	45.20
1965-1969	30	0.00140	0.00140	0.5	95504	134	95437	4227438	44.26
1965-1969	31	0.00148	0.00148	0.5	95371	141	95300	4132001	43.33
1965-1969	32	0.00161	0.00161	0.5	95229	153	95153	4036701	42.39
1965-1969	33	0.00170	0.00170	0.5	95076	161	94996	3941548	41.46
1965-1969	34	0.00180	0.00180	0.5	94915	171	94830	3846552	40.53
1965-1969	35	0.00190	0.00190	0.5	94744	180	94655	3751723	39.60
1965-1969	36	0.00201	0.00201	0.5	94565	190	94470	3657068	38.67
1965-1969	37	0.00212	0.00212	0.5	94375	200	94275	3562598	37.75
1965-1969	38	0.00242	0.00242	0.5	94175	228	94061	3468323	36.83
1965-1969	39	0.00262	0.00261	0.5	93947	245	93824	3374262	35.92
1965-1969	40	0.00285	0.00285	0.5	93702	267	93568	3280438	35.01
1965-1969	41	0.00312	0.00311	0.5	93434	291	93289	3186870	34.11
1965-1969	42	0.00346	0.00346	0.5	93144	322	92983	3093581	33.21
1965-1969	43	0.00376	0.00375	0.5	92821	349	92647	3000599	32.33
1965-1969	44	0.00410	0.00409	0.5	92473	378	92284	2907951	31.45
1965-1969	45	0.00453	0.00452	0.5	92095	416	91887	2815667	30.57
1965-1969	46	0.00484	0.00482	0.5	91678	442	91457	2723781	29.71
1965-1969	47	0.00530	0.00529	0.5	91236	482	90995	2632324	28.85
1965-1969	48	0.00579	0.00577	0.5	90754	524	90492	2541329	28.00
1965-1969	49	0.00644	0.00642	0.5	90230	579	89940	2450837	27.16
1965-1969	50	0.00709	0.00706	0.5	89651	633	89334	2360896	26.33
1965-1969	51	0.00767	0.00764	0.5	89018	680	88678	2271562	25.52
1965-1969	52	0.00837	0.00834	0.5	88337	736	87969	2182885	24.71
1965-1969	53	0.00930	0.00926	0.5	87601	811	87195	2094915	23.91
1965-1969	54	0.01001	0.00996	0.5	86790	864	86358	2007720	23.13
1965-1969	55	0.01093	0.01087	0.5	85926	934	85459	1921362	22.36
1965-1969	56	0.01191	0.01184	0.5	84991	1007	84488	1835904	21.60
1965-1969	57	0.01288	0.01280	0.5	83985	1075	83447	1751416	20.85
1965-1969	58	0.01428	0.01418	0.5	82910	1176	82322	1667968	20.12
1965-1969	59	0.01509	0.01497	0.5	81734	1224	81122	1585646	19.40
1965-1969	60	0.01634	0.01621	0.5	80510	1305	79858	1504524	18.69
1965-1969	61	0.01768	0.01753	0.5	79206	1388	78512	1424666	17.99
1965-1969	62	0.01980	0.01961	0.5	77817	1526	77054	1346154	17.30
1965-1969	63	0.02041	0.02021	0.5	76291	1542	75521	1269100	16.63
1965-1969	64	0.02211	0.02187	0.5	74750	1635	73933	1193579	15.97
1965-1969	65	0.02427	0.02397	0.5	73115	1753	72239	1119647	15.31
1965-1969	66	0.02577	0.02544	0.5	71362	1816	70454	1047408	14.68
1965-1969	67	0.02808	0.02769	0.5	69547	1926	68584	976954	14.05
1965-1969	68	0.03035	0.02990	0.5	67621	2022	66610	908370	13.43
1965-1969	69	0.03247	0.03195	0.5	65599	2096	64551	841760	12.83
1965-1969	70	0.03584	0.03521	0.5	63503	2236	62385	777209	12.24
1965-1969	71	0.03839	0.03767	0.5	61267	2308	60113	714824	11.67
1965-1969	72	0.04280	0.04190	0.5	58959	2471	57724	654711	11.10
1965-1969	73	0.04573	0.04471	0.5	56488	2525	55226	596988	10.57
1965-1969	74	0.04962	0.04842	0.5	53963	2613	52656	541762	10.04
1965-1969	75	0.05472	0.05326	0.5	51350	2735	49982	489106	9.52
1965-1969	76	0.05944	0.05772	0.5	48615	2806	47212	439123	9.03
1965-1969	77	0.06418	0.06218	0.5	45809	2849	44385	391911	8.56
1965-1969	78	0.06947	0.06714	0.5	42960	2884	41518	347527	8.09
1965-1969	79	0.07593	0.07315	0.5	40076	2932	38610	306008	7.64
1965-1969	80	0.08328	0.07995	0.5	37145	2970	35660	267398	7.20
1965-1969	81	0.08820	0.08448	0.5	34175	2887	32731	231738	6.78
1965-1969	82	0.09948	0.09477	0.5	31288	2965	29805	199007	6.36
1965-1969	83	0.11072	0.10491	0.5	28323	2971	26837	169201	5.97
1965-1969	84	0.12192	0.11491	0.5	25351	2913	23895	142364	5.62
1965-1969	85	0.13180	0.12365	0.5	22438	2775	21051	118469	5.28
1965-1969	86	0.14599	0.13606	0.5	19664	2675	18326	97418	4.95
1965-1969	87	0.16144	0.14938	0.5	16988	2538	15719	79092	4.66
1965-1969	88	0.17054	0.15714	0.5	14451	2271	13315	63373	4.39
1965-1969	89	0.18993	0.17346	0.5	12180	2113	11123	50058	4.11
1965-1969	90	0.20681	0.18743	0.5	10067	1887	9124	38934	3.87
1965-1969	91	0.22025	0.19840	0.5	8180	1623	7369	29810	3.64
1965-1969	92	0.23620	0.21125	0.5	6557	1385	5865	22442	3.42
1965-1969	93	0.26399	0.23321	0.5	5172	1206	4569	16577	3.21
1965-1969	94	0.27571	0.24231	0.5	3966	961	3485	12008	3.03
1965-1969	95	0.30420	0.26404	0.5	3005	793	2608	8523	2.84
1965-1969	96	0.32718	0.28118	0.5	2211	622	1901	5915	2.67
1965-1969	97	0.35108	0.29865	0.5	1590	475	1352	4014	2.53
1965-1969	98	0.37579	0.31635	0.5	1115	353	939	2662	2.39
1965-1969	99	0.40122	0.33418	0.5	762	255	635	1723	2.26
1965-1969	100	0.42723	0.35203	0.5	507	179	418	1088	2.14
1965-1969	101	0.45370	0.36981	0.5	329	122	268	670	2.04
1965-1969	102	0.48048	0.38741	0.5	207	80	167	402	1.94
1965-1969	103	0.50740	0.40472	0.5	127	51	101	235	1.85
1965-1969	104	0.53432	0.42167	0.5	76	32	60	134	1.77
1965-1969	105	0.56108	0.43816	0.5	44	19	34	74	1.70
1965-1969	106	0.58752	0.45412	0.5	25	11	19	40	1.63
1965-1969	107	0.61348	0.46948	0.5	13	6	10	21	1.57
1965-1969	108	0.63885	0.48419	0.5	7	3	5	11	1.52
1965-1969	109	0.66348	0.49821	0.5	4	2	3	5	1.48
1965-1969	110+	0.68728	1.00000	1.46	2	2	3	3	1.46
1970-1974	0	0.01632	0.01609	0.09	100000	1609	98542	7239976	72.40
1970-1974	1	0.00113	0.00113	0.5	98391	111	98336	7141434	72.58
1970-1974	2	0.00081	0.00081	0.5	98281	80	98241	7043098	71.66
1970-1974	3	0.00066	0.00066	0.5	98201	65	98168	6944857	70.72
1970-1974	4	0.00056	0.00056	0.5	98136	55	98108	6846689	69.77
1970-1974	5	0.00046	0.00046	0.5	98081	45	98058	6748581	68.81
1970-1974	6	0.00041	0.00041	0.5	98035	40	98015	6650523	67.84
1970-1974	7	0.00037	0.00037	0.5	97995	36	97977	6552508	66.87
1970-1974	8	0.00033	0.00033	0.5	97959	32	97943	6454530	65.89
1970-1974	9	0.00032	0.00032	0.5	97927	31	97912	6356587	64.91
1970-1974	10	0.00030	0.00030	0.5	97896	30	97881	6258675	63.93
1970-1974	11	0.00031	0.00031	0.5	97867	30	97852	6160794	62.95
1970-1974	12	0.00031	0.00031	0.5	97837	31	97821	6062942	61.97
1970-1974	13	0.00038	0.00038	0.5	97806	37	97788	5965121	60.99
1970-1974	14	0.00050	0.00050	0.5	97769	49	97745	5867333	60.01
1970-1974	15	0.00066	0.00066	0.5	97721	64	97688	5769588	59.04
1970-1974	16	0.00088	0.00088	0.5	97656	86	97613	5671900	58.08
1970-1974	17	0.00109	0.00109	0.5	97570	106	97517	5574287	57.13
1970-1974	18	0.00135	0.00135	0.5	97464	131	97398	5476770	56.19
1970-1974	19	0.00150	0.00150	0.5	97333	146	97260	5379371	55.27
1970-1974	20	0.00147	0.00147	0.5	97187	143	97115	5282111	54.35
1970-1974	21	0.00153	0.00153	0.5	97044	148	96970	5184996	53.43
1970-1974	22	0.00149	0.00148	0.5	96896	144	96824	5088026	52.51
1970-1974	23	0.00144	0.00144	0.5	96752	139	96683	4991202	51.59
1970-1974	24	0.00137	0.00137	0.5	96613	132	96547	4894519	50.66
1970-1974	25	0.00137	0.00137	0.5	96480	132	96414	4797972	49.73
1970-1974	26	0.00133	0.00133	0.5	96348	128	96284	4701558	48.80
1970-1974	27	0.00133	0.00133	0.5	96220	128	96156	4605274	47.86
1970-1974	28	0.00138	0.00138	0.5	96092	133	96026	4509118	46.92
1970-1974	29	0.00143	0.00143	0.5	95959	137	95891	4413092	45.99
1970-1974	30	0.00143	0.00143	0.5	95822	137	95754	4317202	45.05
1970-1974	31	0.00146	0.00145	0.5	95685	139	95616	4221448	44.12
1970-1974	32	0.00154	0.00154	0.5	95546	147	95472	4125833	43.18
1970-1974	33	0.00150	0.00150	0.5	95399	143	95327	4030360	42.25
1970-1974	34	0.00165	0.00164	0.5	95255	157	95177	3935034	41.31
1970-1974	35	0.00177	0.00177	0.5	95098	168	95015	3839857	40.38
1970-1974	36	0.00191	0.00190	0.5	94931	181	94840	3744842	39.45
1970-1974	37	0.00212	0.00212	0.5	94750	201	94649	3650002	38.52
1970-1974	38	0.00221	0.00220	0.5	94549	208	94444	3555353	37.60
1970-1974	39	0.00250	0.00250	0.5	94340	236	94222	3460908	36.69
1970-1974	40	0.00270	0.00270	0.5	94105	254	93978	3366686	35.78
1970-1974	41	0.00284	0.00284	0.5	93851	266	93718	3272708	34.87
1970-1974	42	0.00320	0.00319	0.5	93584	299	93435	3178991	33.97
1970-1974	43	0.00349	0.00348	0.5	93286	325	93123	3085556	33.08
1970-1974	44	0.00368	0.00368	0.5	92961	342	92790	2992432	32.19
1970-1974	45	0.00423	0.00422	0.5	92619	391	92424	2899642	31.31
1970-1974	46	0.00469	0.00468	0.5	92228	431	92012	2807218	30.44
1970-1974	47	0.00506	0.00505	0.5	91797	464	91565	2715206	29.58
1970-1974	48	0.00555	0.00553	0.5	91333	505	91080	2623641	28.73
1970-1974	49	0.00596	0.00594	0.5	90828	540	90558	2532561	27.88
1970-1974	50	0.00649	0.00647	0.5	90288	584	89996	2442003	27.05
1970-1974	51	0.00713	0.00710	0.5	89704	637	89386	2352007	26.22
1970-1974	52	0.00755	0.00752	0.5	89067	670	88732	2262621	25.40
1970-1974	53	0.00839	0.00836	0.5	88397	739	88028	2173889	24.59
1970-1974	54	0.00921	0.00917	0.5	87658	804	87257	2085861	23.80
1970-1974	55	0.00996	0.00991	0.5	86855	861	86424	1998605	23.01
1970-1974	56	0.01106	0.01100	0.5	85994	946	85521	1912180	22.24
1970-1974	57	0.01208	0.01201	0.5	85048	1022	84537	1826659	21.48
1970-1974	58	0.01280	0.01272	0.5	84026	1069	83492	1742122	20.73
1970-1974	59	0.01414	0.01404	0.5	82957	1165	82375	1658630	19.99
1970-1974	60	0.01540	0.01529	0.5	81793	1250	81167	1576255	19.27
1970-1974	61	0.01644	0.01630	0.5	80542	1313	79886	1495088	18.56
1970-1974	62	0.01826	0.01809	0.5	79229	1434	78512	1415202	17.86
1970-1974	63	0.01967	0.01948	0.5	77796	1516	77038	1336690	17.18
1970-1974	64	0.02103	0.02081	0.5	76280	1588	75486	1259652	16.51
1970-1974	65	0.02282	0.02256	0.5	74692	1685	73850	1184166	15.85
1970-1974	66	0.02400	0.02371	0.5	73007	1731	72141	1110317	15.21
1970-1974	67	0.02613	0.02579	0.5	71276	1838	70357	1038175	14.57
1970-1974	68	0.02768	0.02730	0.5	69438	1896	68490	967819	13.94
1970-1974	69	0.03033	0.02987	0.5	67542	2018	66533	899329	13.32
1970-1974	70	0.03325	0.03271	0.5	65524	2143	64452	832796	12.71
1970-1974	71	0.03579	0.03516	0.5	63381	2229	62267	768343	12.12
1970-1974	72	0.03927	0.03851	0.5	61152	2355	59975	706077	11.55
1970-1974	73	0.04208	0.04121	0.5	58797	2423	57586	646102	10.99
1970-1974	74	0.04612	0.04508	0.5	56374	2541	55103	588517	10.44
1970-1974	75	0.05160	0.05030	0.5	53833	2708	52479	533413	9.91
1970-1974	76	0.05566	0.05415	0.5	51125	2768	49741	480934	9.41
1970-1974	77	0.06039	0.05862	0.5	48357	2835	46939	431194	8.92
1970-1974	78	0.06558	0.06349	0.5	45522	2890	44077	384255	8.44
1970-1974	79	0.07201	0.06951	0.5	42631	2963	41150	340178	7.98
1970-1974	80	0.07760	0.07470	0.5	39668	2963	38187	299028	7.54
1970-1974	81	0.08322	0.07990	0.5	36705	2933	35239	260842	7.11
1970-1974	82	0.09152	0.08752	0.5	33772	2956	32294	225603	6.68
1970-1974	83	0.10149	0.09659	0.5	30817	2976	29328	193309	6.27
1970-1974	84	0.11178	0.10587	0.5	27840	2947	26366	163980	5.89
1970-1974	85	0.12351	0.11632	0.5	24893	2896	23445	137614	5.53
1970-1974	86	0.13583	0.12719	0.5	21997	2798	20598	114169	5.19
1970-1974	87	0.14918	0.13883	0.5	19199	2665	17867	93571	4.87
1970-1974	88	0.16330	0.15098	0.5	16534	2496	15286	75704	4.58
1970-1974	89	0.17585	0.16164	0.5	14038	2269	12903	60418	4.30
1970-1974	90	0.19351	0.17644	0.5	11769	2076	10730	47515	4.04
1970-1974	91	0.20380	0.18495	0.5	9692	1793	8796	36785	3.80
1970-1974	92	0.22616	0.20318	0.5	7900	1605	7097	27989	3.54
1970-1974	93	0.25247	0.22417	0.5	6294	1411	5589	20892	3.32
1970-1974	94	0.26756	0.23599	0.5	4883	1152	4307	15303	3.13
1970-1974	95	0.28940	0.25282	0.5	3731	943	3259	10996	2.95
1970-1974	96	0.31202	0.26991	0.5	2788	752	2412	7736	2.78
1970-1974	97	0.33563	0.28740	0.5	2035	585	1743	5325	2.62
1970-1974	98	0.36016	0.30520	0.5	1450	443	1229	3582	2.47
1970-1974	99	0.38549	0.32320	0.5	1008	326	845	2353	2.33
1970-1974	100	0.41152	0.34130	0.5	682	233	566	1508	2.21
1970-1974	101	0.43811	0.35939	0.5	449	161	369	942	2.10
1970-1974	102	0.46512	0.37736	0.5	288	109	233	574	1.99
1970-1974	103	0.49238	0.39511	0.5	179	71	144	340	1.90
1970-1974	104	0.51973	0.41253	0.5	108	45	86	197	1.81
1970-1974	105	0.54701	0.42953	0.5	64	27	50	110	1.73
1970-1974	106	0.57404	0.44603	0.5	36	16	28	60	1.66
1970-1974	107	0.60068	0.46194	0.5	20	9	15	32	1.60
1970-1974	108	0.62677	0.47722	0.5	11	5	8	17	1.55
1970-1974	109	0.65217	0.49180	0.5	6	3	4	9	1.51
1970-1974	110+	0.67675	1.00000	1.48	3	3	4	4	1.48
1975-1979	0	0.01300	0.01285	0.08	100000	1285	98824	7412671	74.13
1975-1979	1	0.00105	0.00105	0.5	98715	104	98663	7313848	74.09
1975-1979	2	0.00071	0.00071	0.5	98611	70	98576	7215184	73.17
1975-1979	3	0.00055	0.00055	0.5	98541	54	98514	7116608	72.22
1975-1979	4	0.00043	0.00043	0.5	98487	42	98466	7018094	71.26
1975-1979	5	0.00037	0.00037	0.5	98445	36	98427	6919628	70.29
1975-1979	6	0.00037	0.00037	0.5	98409	36	98391	6821202	69.31
1975-1979	7	0.00031	0.00031	0.5	98373	31	98357	6722811	68.34
1975-1979	8	0.00028	0.00028	0.5	98342	28	98328	6624454	67.36
1975-1979	9	0.00026	0.00026	0.5	98314	26	98302	6526125	66.38
1975-1979	10	0.00025	0.00025	0.5	98289	25	98276	6427824	65.40
1975-1979	11	0.00026	0.00026	0.5	98264	25	98252	6329547	64.41
1975-1979	12	0.00028	0.00028	0.5	98239	27	98225	6231296	63.43
1975-1979	13	0.00032	0.00032	0.5	98212	32	98196	6133071	62.45
1975-1979	14	0.00041	0.00041	0.5	98180	40	98160	6034875	61.47
1975-1979	15	0.00059	0.00059	0.5	98140	58	98111	5936715	60.49
1975-1979	16	0.00083	0.00082	0.5	98082	81	98042	5838604	59.53
1975-1979	17	0.00101	0.00101	0.5	98001	99	97952	5740562	58.58
1975-1979	18	0.00125	0.00124	0.5	97903	122	97842	5642610	57.63
1975-1979	19	0.00138	0.00138	0.5	97781	135	97713	5544768	56.71
1975-1979	20	0.00138	0.00138	0.5	97646	135	97578	5447055	55.78
1975-1979	21	0.00145	0.00145	0.5	97511	142	97440	5349476	54.86
1975-1979	22	0.00147	0.00147	0.5	97369	143	97298	5252036	53.94
1975-1979	23	0.00143	0.00143	0.5	97227	139	97157	5154738	53.02
1975-1979	24	0.00141	0.00141	0.5	97087	137	97019	5057581	52.09
1975-1979	25	0.00137	0.00137	0.5	96951	133	96884	4960562	51.17
1975-1979	26	0.00137	0.00137	0.5	96818	133	96752	4863678	50.24
1975-1979	27	0.00136	0.00136	0.5	96686	131	96620	4766926	49.30
1975-1979	28	0.00139	0.00139	0.5	96554	134	96487	4670306	48.37
1975-1979	29	0.00132	0.00132	0.5	96420	128	96356	4573819	47.44
1975-1979	30	0.00131	0.00131	0.5	96292	126	96229	4477464	46.50
1975-1979	31	0.00133	0.00133	0.5	96166	128	96102	4381235	45.56
1975-1979	32	0.00140	0.00140	0.5	96038	135	95971	4285133	44.62
1975-1979	33	0.00138	0.00138	0.5	95904	133	95837	4189162	43.68
1975-1979	34	0.00148	0.00148	0.5	95771	142	95700	4093325	42.74
1975-1979	35	0.00156	0.00156	0.5	95629	149	95554	3997625	41.80
1975-1979	36	0.00171	0.00171	0.5	95480	163	95398	3902070	40.87
1975-1979	37	0.00178	0.00178	0.5	95317	170	95232	3806672	39.94
1975-1979	38	0.00188	0.00188	0.5	95147	179	95058	3711440	39.01
1975-1979	39	0.00200	0.00200	0.5	94968	190	94873	3616382	38.08
1975-1979	40	0.00229	0.00229	0.5	94778	217	94670	3521509	37.16
1975-1979	41	0.00245	0.00244	0.5	94561	231	94446	3426839	36.24
1975-1979	42	0.00278	0.00278	0.5	94330	262	94199	3332394	35.33
1975-1979	43	0.00298	0.00298	0.5	94068	280	93928	3238195	34.42
1975-1979	44	0.00322	0.00321	0.5	93788	301	93637	3144267	33.53
1975-1979	45	0.00357	0.00357	0.5	93486	333	93320	3050630	32.63
1975-1979	46	0.00392	0.00391	0.5	93153	365	92971	2957310	31.75
1975-1979	47	0.00440	0.00439	0.5	92788	407	92585	2864340	30.87
1975-1979	48	0.00467	0.00466	0.5	92381	431	92166	2771755	30.00
1975-1979	49	0.00519	0.00518	0.5	91951	476	91713	2679589	29.14
1975-1979	50	0.00572	0.00570	0.5	91475	522	91214	2587876	28.29
1975-1979	51	0.00625	0.00623	0.5	90953	567	90669	2496663	27.45
1975-1979	52	0.00676	0.00673	0.5	90386	609	90082	2405993	26.62
1975-1979	53	0.00738	0.00735	0.5	89777	660	89447	2315912	25.80
1975-1979	54	0.00797	0.00794	0.5	89117	707	88764	2226464	24.98
1975-1979	55	0.00875	0.00871	0.5	88410	770	88025	2137701	24.18
1975-1979	56	0.00929	0.00925	0.5	87640	810	87235	2049676	23.39
1975-1979	57	0.01038	0.01032	0.5	86830	896	86382	1962441	22.60
1975-1979	58	0.01129	0.01123	0.5	85933	965	85451	1876059	21.83
1975-1979	59	0.01224	0.01217	0.5	84969	1034	84452	1790608	21.07
1975-1979	60	0.01337	0.01328	0.5	83935	1115	83377	1706157	20.33
1975-1979	61	0.01454	0.01444	0.5	82820	1196	82222	1622779	19.59
1975-1979	62	0.01592	0.01579	0.5	81624	1289	80980	1540557	18.87
1975-1979	63	0.01716	0.01702	0.5	80335	1367	79652	1459577	18.17
1975-1979	64	0.01891	0.01873	0.5	78968	1479	78229	1379926	17.47
1975-1979	65	0.02008	0.01988	0.5	77489	1541	76719	1301697	16.80
1975-1979	66	0.02119	0.02097	0.5	75948	1592	75152	1224978	16.13
1975-1979	67	0.02324	0.02297	0.5	74356	1708	73502	1149826	15.46
1975-1979	68	0.02509	0.02478	0.5	72648	1800	71748	1076324	14.82
1975-1979	69	0.02736	0.02699	0.5	70847	1912	69891	1004577	14.18
1975-1979	70	0.02953	0.02910	0.5	68935	2006	67932	934685	13.56
1975-1979	71	0.03228	0.03177	0.5	66929	2126	65866	866753	12.95
1975-1979	72	0.03488	0.03428	0.5	64803	2221	63692	800887	12.36
1975-1979	73	0.03776	0.03706	0.5	62582	2320	61422	737195	11.78
1975-1979	74	0.04074	0.03993	0.5	60262	2406	59059	675773	11.21
1975-1979	75	0.04480	0.04382	0.5	57856	2535	56588	616714	10.66
1975-1979	76	0.04813	0.04700	0.5	55321	2600	54021	560126	10.13
1975-1979	77	0.05263	0.05128	0.5	52721	2704	51369	506105	9.60
1975-1979	78	0.05749	0.05589	0.5	50017	2795	48620	454736	9.09
1975-1979	79	0.06296	0.06104	0.5	47222	2882	45781	406117	8.60
1975-1979	80	0.06801	0.06577	0.5	44339	2916	42881	360336	8.13
1975-1979	81	0.07377	0.07115	0.5	41423	2947	39950	317455	7.66
1975-1979	82	0.08183	0.07861	0.5	38476	3025	36964	277505	7.21
1975-1979	83	0.09067	0.08674	0.5	35451	3075	33914	240542	6.79
1975-1979	84	0.09941	0.09470	0.5	32376	3066	30843	206628	6.38
1975-1979	85	0.10765	0.10215	0.5	29310	2994	27813	175785	6.00
1975-1979	86	0.12027	0.11345	0.5	26316	2986	24823	147972	5.62
1975-1979	87	0.13063	0.12262	0.5	23330	2861	21900	123148	5.28
1975-1979	88	0.14236	0.13290	0.5	20470	2720	19109	101248	4.95
1975-1979	89	0.15735	0.14588	0.5	17749	2589	16455	82139	4.63
1975-1979	90	0.17651	0.16220	0.5	15160	2459	13931	65684	4.33
1975-1979	91	0.18883	0.17254	0.5	12701	2191	11605	51754	4.07
1975-1979	92	0.20897	0.18920	0.5	10510	1988	9515	40148	3.82
1975-1979	93	0.22381	0.20128	0.5	8521	1715	7664	30633	3.59
1975-1979	94	0.24295	0.21663	0.5	6806	1474	6069	22969	3.37
1975-1979	95	0.26355	0.23287	0.5	5332	1242	4711	16900	3.17
1975-1979	96	0.28504	0.24948	0.5	4090	1020	3580	12190	2.98
1975-1979	97	0.30761	0.26660	0.5	3070	818	2660	8610	2.80
1975-1979	98	0.33121	0.28415	0.5	2251	640	1931	5949	2.64
1975-1979	99	0.35575	0.30203	0.5	1612	487	1368	4018	2.49
1975-1979	100	0.38115	0.32014	0.5	1125	360	945	2649	2.36
1975-1979	101	0.40727	0.33837	0.5	765	259	635	1705	2.23
1975-1979	102	0.43400	0.35662	0.5	506	180	416	1069	2.11
1975-1979	103	0.46118	0.37477	0.5	326	122	265	654	2.01
1975-1979	104	0.48866	0.39271	0.5	204	80	164	389	1.91
1975-1979	105	0.51626	0.41034	0.5	124	51	98	225	1.82
1975-1979	106	0.54381	0.42756	0.5	73	31	57	127	1.75
1975-1979	107	0.57115	0.44428	0.5	42	19	32	70	1.68
1975-1979	108	0.59811	0.46042	0.5	23	11	18	37	1.62
1975-1979	109	0.62453	0.47592	0.5	13	6	10	20	1.57
1975-1979	110+	0.65027	1.00000	1.54	7	7	10	10	1.54
1980-1984	0	0.01043	0.01033	0.08	100000	1033	99046	7513004	75.13
1980-1984	1	0.00090	0.00090	0.5	98967	89	98922	7413957	74.91
1980-1984	2	0.00059	0.00059	0.5	98878	58	98849	7315035	73.98
1980-1984	3	0.00044	0.00044	0.5	98820	43	98798	7216186	73.02
1980-1984	4	0.00035	0.00035	0.5	98776	35	98759	7117389	72.06
1980-1984	5	0.00032	0.00032	0.5	98742	32	98726	7018630	71.08
1980-1984	6	0.00030	0.00030	0.5	98710	30	98695	6919904	70.10
1980-1984	7	0.00028	0.00028	0.5	98680	27	98667	6821209	69.12
1980-1984	8	0.00029	0.00029	0.5	98653	28	98639	6722542	68.14
1980-1984	9	0.00024	0.00024	0.5	98625	24	98613	6623903	67.16
1980-1984	10	0.00021	0.00021	0.5	98601	21	98590	6525290	66.18
1980-1984	11	0.00023	0.00023	0.5	98580	23	98569	6426700	65.19
1980-1984	12	0.00027	0.00027	0.5	98557	26	98544	6328131	64.21
1980-1984	13	0.00029	0.00029	0.5	98531	29	98516	6229587	63.22
1980-1984	14	0.00039	0.00039	0.5	98502	38	98483	6131071	62.24
1980-1984	15	0.00051	0.00051	0.5	98464	50	98439	6032588	61.27
1980-1984	16	0.00073	0.00073	0.5	98414	72	98378	5934149	60.30
1980-1984	17	0.00088	0.00088	0.5	98342	87	98298	5835772	59.34
1980-1984	18	0.00116	0.00116	0.5	98255	114	98198	5737473	58.39
1980-1984	19	0.00118	0.00118	0.5	98141	116	98083	5639275	57.46
1980-1984	20	0.00116	0.00116	0.5	98026	114	97969	5541191	56.53
1980-1984	21	0.00127	0.00127	0.5	97912	124	97850	5443223	55.59
1980-1984	22	0.00124	0.00124	0.5	97788	121	97727	5345373	54.66
1980-1984	23	0.00120	0.00120	0.5	97667	117	97608	5247646	53.73
1980-1984	24	0.00118	0.00118	0.5	97549	116	97492	5150038	52.79
1980-1984	25	0.00120	0.00120	0.5	97434	117	97375	5052546	51.86
1980-1984	26	0.00120	0.00120	0.5	97317	117	97258	4955171	50.92
1980-1984	27	0.00119	0.00119	0.5	97200	116	97142	4857913	49.98
1980-1984	28	0.00120	0.00120	0.5	97084	117	97026	4760771	49.04
1980-1984	29	0.00119	0.00119	0.5	96967	116	96909	4663745	48.10
1980-1984	30	0.00125	0.00124	0.5	96851	121	96791	4566836	47.15
1980-1984	31	0.00131	0.00130	0.5	96731	126	96668	4470045	46.21
1980-1984	32	0.00134	0.00134	0.5	96605	129	96540	4373377	45.27
1980-1984	33	0.00135	0.00135	0.5	96476	130	96411	4276836	44.33
1980-1984	34	0.00133	0.00133	0.5	96346	128	96282	4180426	43.39
1980-1984	35	0.00140	0.00140	0.5	96218	134	96151	4084144	42.45
1980-1984	36	0.00154	0.00154	0.5	96083	148	96009	3987993	41.51
1980-1984	37	0.00165	0.00165	0.5	95935	158	95856	3891984	40.57
1980-1984	38	0.00181	0.00181	0.5	95777	173	95690	3796128	39.64
1980-1984	39	0.00182	0.00182	0.5	95604	174	95517	3700437	38.71
1980-1984	40	0.00204	0.00204	0.5	95430	194	95333	3604920	37.78
1980-1984	41	0.00230	0.00230	0.5	95235	219	95126	3509588	36.85
1980-1984	42	0.00243	0.00243	0.5	95017	231	94901	3414462	35.94
1980-1984	43	0.00257	0.00257	0.5	94786	243	94664	3319560	35.02
1980-1984	44	0.00282	0.00282	0.5	94542	267	94409	3224896	34.11
1980-1984	45	0.00318	0.00318	0.5	94276	299	94126	3130487	33.21
1980-1984	46	0.00343	0.00342	0.5	93976	322	93815	3036361	32.31
1980-1984	47	0.00369	0.00368	0.5	93655	345	93482	2942546	31.42
1980-1984	48	0.00437	0.00436	0.5	93310	407	93106	2849064	30.53
1980-1984	49	0.00459	0.00458	0.5	92903	425	92690	2755957	29.66
1980-1984	50	0.00499	0.00498	0.5	92478	461	92248	2663267	28.80
1980-1984	51	0.00575	0.00573	0.5	92017	527	91754	2571019	27.94
1980-1984	52	0.00619	0.00617	0.5	91490	564	91208	2479265	27.10
1980-1984	53	0.00660	0.00658	0.5	90926	598	90627	2388057	26.26
1980-1984	54	0.00723	0.00720	0.5	90328	651	90002	2297431	25.43
1980-1984	55	0.00796	0.00793	0.5	89677	711	89322	2207428	24.62
1980-1984	56	0.00892	0.00888	0.5	88966	790	88571	2118107	23.81
1980-1984	57	0.00945	0.00941	0.5	88176	829	87761	2029536	23.02
1980-1984	58	0.01051	0.01045	0.5	87347	913	86890	1941774	22.23
1980-1984	59	0.01134	0.01127	0.5	86433	974	85946	1854884	21.46
1980-1984	60	0.01229	0.01221	0.5	85459	1044	84937	1768938	20.70
1980-1984	61	0.01332	0.01323	0.5	84415	1117	83857	1684001	19.95
1980-1984	62	0.01507	0.01495	0.5	83298	1246	82676	1600144	19.21
1980-1984	63	0.01606	0.01593	0.5	82053	1307	81399	1517468	18.49
1980-1984	64	0.01699	0.01685	0.5	80745	1361	80065	1436069	17.79
1980-1984	65	0.01860	0.01843	0.5	79385	1463	78654	1356004	17.08
1980-1984	66	0.02046	0.02026	0.5	77922	1578	77133	1277350	16.39
1980-1984	67	0.02213	0.02189	0.5	76344	1671	75508	1200217	15.72
1980-1984	68	0.02403	0.02375	0.5	74673	1773	73786	1124709	15.06
1980-1984	69	0.02605	0.02571	0.5	72900	1874	71962	1050923	14.42
1980-1984	70	0.02865	0.02825	0.5	71025	2006	70022	978961	13.78
1980-1984	71	0.03069	0.03022	0.5	69019	2086	67976	908939	13.17
1980-1984	72	0.03367	0.03311	0.5	66933	2216	65825	840963	12.56
1980-1984	73	0.03681	0.03614	0.5	64716	2339	63547	775139	11.98
1980-1984	74	0.03944	0.03867	0.5	62377	2412	61171	711592	11.41
1980-1984	75	0.04270	0.04181	0.5	59965	2507	58711	650421	10.85
1980-1984	76	0.04702	0.04594	0.5	57458	2639	56138	591709	10.30
1980-1984	77	0.05075	0.04949	0.5	54818	2713	53462	535571	9.77
1980-1984	78	0.05470	0.05324	0.5	52105	2774	50718	482109	9.25
1980-1984	79	0.06003	0.05828	0.5	49331	2875	47894	431391	8.74
1980-1984	80	0.06733	0.06514	0.5	46456	3026	44943	383498	8.26
1980-1984	81	0.07309	0.07051	0.5	43430	3062	41899	338554	7.80
1980-1984	82	0.08104	0.07788	0.5	40368	3144	38796	296655	7.35
1980-1984	83	0.08757	0.08390	0.5	37224	3123	35663	257859	6.93
1980-1984	84	0.09640	0.09197	0.5	34101	3136	32533	222197	6.52
1980-1984	85	0.10537	0.10009	0.5	30965	3099	29415	189664	6.13
1980-1984	86	0.11712	0.11064	0.5	27865	3083	26324	160249	5.75
1980-1984	87	0.12736	0.11973	0.5	24782	2967	23299	133925	5.40
1980-1984	88	0.13877	0.12977	0.5	21815	2831	20400	110626	5.07
1980-1984	89	0.15210	0.14135	0.5	18984	2683	17643	90226	4.75
1980-1984	90	0.16583	0.15313	0.5	16301	2496	15053	72584	4.45
1980-1984	91	0.18168	0.16655	0.5	13805	2299	12655	57531	4.17
1980-1984	92	0.20020	0.18198	0.5	11506	2094	10459	44876	3.90
1980-1984	93	0.21818	0.19672	0.5	9412	1851	8486	34417	3.66
1980-1984	94	0.23562	0.21079	0.5	7560	1594	6763	25931	3.43
1980-1984	95	0.25893	0.22925	0.5	5967	1368	5283	19168	3.21
1980-1984	96	0.28025	0.24580	0.5	4599	1130	4034	13885	3.02
1980-1984	97	0.30266	0.26288	0.5	3468	912	3012	9852	2.84
1980-1984	98	0.32612	0.28040	0.5	2557	717	2198	6839	2.68
1980-1984	99	0.35054	0.29827	0.5	1840	549	1565	4641	2.52
1980-1984	100	0.37585	0.31639	0.5	1291	408	1087	3076	2.38
1980-1984	101	0.40191	0.33466	0.5	883	295	735	1989	2.25
1980-1984	102	0.42861	0.35297	0.5	587	207	484	1254	2.14
1980-1984	103	0.45579	0.37120	0.5	380	141	309	770	2.03
1980-1984	104	0.48330	0.38924	0.5	239	93	192	461	1.93
1980-1984	105	0.51098	0.40700	0.5	146	59	116	269	1.84
1980-1984	106	0.53864	0.42435	0.5	87	37	68	152	1.76
1980-1984	107	0.56612	0.44123	0.5	50	22	39	84	1.69
1980-1984	108	0.59325	0.45753	0.5	28	13	21	45	1.63
1980-1984	109	0.61987	0.47321	0.5	15	7	12	24	1.58
1980-1984	110+	0.64583	1.00000	1.55	8	8	12	12	1.55
1985-1989	0	0.00950	0.00942	0.07	100000	942	99128	7552567	75.53
1985-1989	1	0.00081	0.00080	0.5	99058	80	99018	7453439	75.24
1985-1989	2	0.00052	0.00052	0.5	98978	51	98953	7354421	74.30
1985-1989	3	0.00039	0.00039	0.5	98927	39	98908	7255468	73.34
1985-1989	4	0.00029	0.00029	0.5	98888	28	98874	7156561	72.37
1985-1989	5	0.00025	0.00025	0.5	98860	24	98848	7057687	71.39
1985-1989	6	0.00024	0.00024	0.5	98835	23	98824	6958839	70.41
1985-1989	7	0.00024	0.00024	0.5	98812	23	98800	6860015	69.42
1985-1989	8	0.00023	0.00023	0.5	98789	23	98777	6761215	68.44
1985-1989	9	0.00021	0.00021	0.5	98766	21	98756	6662438	67.46
1985-1989	10	0.00019	0.00019	0.5	98745	19	98736	6563682	66.47
1985-1989	11	0.00021	0.00021	0.5	98727	21	98716	6464946	65.48
1985-1989	12	0.00024	0.00024	0.5	98706	24	98694	6366230	64.50
1985-1989	13	0.00030	0.00030	0.5	98682	29	98668	6267536	63.51
1985-1989	14	0.00036	0.00036	0.5	98653	36	98635	6168868	62.53
1985-1989	15	0.00051	0.00051	0.5	98617	51	98592	6070233	61.55
1985-1989	16	0.00072	0.00072	0.5	98566	71	98531	5971641	60.58
1985-1989	17	0.00089	0.00089	0.5	98496	87	98452	5873110	59.63
1985-1989	18	0.00113	0.00113	0.5	98408	111	98353	5774658	58.68
1985-1989	19	0.00111	0.00111	0.5	98297	109	98243	5676305	57.75
1985-1989	20	0.00108	0.00108	0.5	98188	106	98136	5578062	56.81
1985-1989	21	0.00115	0.00115	0.5	98083	112	98026	5479926	55.87
1985-1989	22	0.00115	0.00115	0.5	97970	112	97914	5381900	54.93
1985-1989	23	0.00115	0.00115	0.5	97858	112	97802	5283986	54.00
1985-1989	24	0.00111	0.00111	0.5	97746	109	97691	5186184	53.06
1985-1989	25	0.00116	0.00116	0.5	97637	113	97581	5088493	52.12
1985-1989	26	0.00121	0.00121	0.5	97524	118	97465	4990912	51.18
1985-1989	27	0.00119	0.00119	0.5	97406	116	97348	4893447	50.24
1985-1989	28	0.00128	0.00128	0.5	97291	124	97228	4796098	49.30
1985-1989	29	0.00121	0.00121	0.5	97166	118	97108	4698870	48.36
1985-1989	30	0.00131	0.00131	0.5	97049	127	96985	4601762	47.42
1985-1989	31	0.00136	0.00136	0.5	96921	131	96856	4504777	46.48
1985-1989	32	0.00152	0.00152	0.5	96790	147	96717	4407922	45.54
1985-1989	33	0.00154	0.00154	0.5	96643	149	96569	4311205	44.61
1985-1989	34	0.00158	0.00157	0.5	96494	152	96418	4214637	43.68
1985-1989	35	0.00169	0.00169	0.5	96342	163	96261	4118218	42.75
1985-1989	36	0.00183	0.00183	0.5	96179	176	96091	4021958	41.82
1985-1989	37	0.00184	0.00184	0.5	96003	177	95915	3925867	40.89
1985-1989	38	0.00206	0.00205	0.5	95826	197	95728	3829952	39.97
1985-1989	39	0.00189	0.00189	0.5	95629	181	95539	3734224	39.05
1985-1989	40	0.00210	0.00210	0.5	95449	201	95348	3638685	38.12
1985-1989	41	0.00225	0.00224	0.5	95248	214	95141	3543336	37.20
1985-1989	42	0.00250	0.00250	0.5	95035	238	94916	3448195	36.28
1985-1989	43	0.00262	0.00261	0.5	94797	248	94673	3353279	35.37
1985-1989	44	0.00278	0.00278	0.5	94549	263	94418	3258606	34.46
1985-1989	45	0.00299	0.00299	0.5	94286	282	94145	3164189	33.56
1985-1989	46	0.00339	0.00339	0.5	94004	318	93845	3070044	32.66
1985-1989	47	0.00363	0.00362	0.5	93686	339	93516	2976198	31.77
1985-1989	48	0.00418	0.00417	0.5	93347	389	93152	2882682	30.88
1985-1989	49	0.00403	0.00402	0.5	92958	374	92771	2789530	30.01
1985-1989	50	0.00466	0.00465	0.5	92584	430	92369	2696759	29.13
1985-1989	51	0.00527	0.00526	0.5	92154	485	91911	2604390	28.26
1985-1989	52	0.00580	0.00578	0.5	91669	530	91404	2512478	27.41
1985-1989	53	0.00635	0.00633	0.5	91139	577	90851	2421074	26.56
1985-1989	54	0.00666	0.00663	0.5	90563	601	90262	2330223	25.73
1985-1989	55	0.00760	0.00758	0.5	89962	682	89621	2239961	24.90
1985-1989	56	0.00831	0.00827	0.5	89280	739	88911	2150340	24.09
1985-1989	57	0.00888	0.00884	0.5	88542	783	88150	2061429	23.28
1985-1989	58	0.01037	0.01032	0.5	87759	906	87306	1973278	22.49
1985-1989	59	0.01054	0.01048	0.5	86853	910	86398	1885972	21.71
1985-1989	60	0.01188	0.01181	0.5	85943	1015	85436	1799574	20.94
1985-1989	61	0.01301	0.01293	0.5	84928	1098	84379	1714138	20.18
1985-1989	62	0.01445	0.01435	0.5	83830	1203	83229	1629759	19.44
1985-1989	63	0.01526	0.01515	0.5	82628	1251	82002	1546530	18.72
1985-1989	64	0.01616	0.01603	0.5	81376	1304	80724	1464528	18.00
1985-1989	65	0.01757	0.01742	0.5	80072	1395	79374	1383804	17.28
1985-1989	66	0.01891	0.01873	0.5	78677	1474	77940	1304430	16.58
1985-1989	67	0.02053	0.02032	0.5	77203	1569	76419	1226490	15.89
1985-1989	68	0.02299	0.02273	0.5	75634	1719	74775	1150071	15.21
1985-1989	69	0.02418	0.02389	0.5	73915	1766	73032	1075297	14.55
1985-1989	70	0.02688	0.02652	0.5	72149	1914	71193	1002265	13.89
1985-1989	71	0.02946	0.02903	0.5	70236	2039	69216	931072	13.26
1985-1989	72	0.03302	0.03248	0.5	68197	2215	67089	861856	12.64
1985-1989	73	0.03585	0.03522	0.5	65981	2324	64819	794767	12.05
1985-1989	74	0.03796	0.03726	0.5	63657	2372	62471	729948	11.47
1985-1989	75	0.04160	0.04075	0.5	61286	2497	60037	667476	10.89
1985-1989	76	0.04583	0.04480	0.5	58788	2634	57472	607439	10.33
1985-1989	77	0.04950	0.04830	0.5	56155	2712	54798	549968	9.79
1985-1989	78	0.05371	0.05230	0.5	53442	2795	52045	495169	9.27
1985-1989	79	0.05878	0.05710	0.5	50647	2892	49201	443124	8.75
1985-1989	80	0.06639	0.06426	0.5	47755	3069	46221	393923	8.25
1985-1989	81	0.07258	0.07004	0.5	44686	3130	43122	347703	7.78
1985-1989	82	0.08074	0.07761	0.5	41557	3225	39944	304581	7.33
1985-1989	83	0.08682	0.08321	0.5	38332	3190	36737	264637	6.90
1985-1989	84	0.09522	0.09090	0.5	35142	3194	33545	227900	6.49
1985-1989	85	0.10548	0.10019	0.5	31948	3201	30347	194355	6.08
1985-1989	86	0.11604	0.10968	0.5	28747	3153	27170	164008	5.71
1985-1989	87	0.12666	0.11911	0.5	25594	3049	24070	136838	5.35
1985-1989	88	0.14047	0.13125	0.5	22545	2959	21066	112768	5.00
1985-1989	89	0.15445	0.14338	0.5	19586	2808	18182	91703	4.68
1985-1989	90	0.16915	0.15596	0.5	16778	2617	15470	73521	4.38
1985-1989	91	0.18459	0.16900	0.5	14161	2393	12965	58051	4.10
1985-1989	92	0.20318	0.18444	0.5	11768	2170	10683	45086	3.83
1985-1989	93	0.22362	0.20113	0.5	9598	1930	8632	34404	3.58
1985-1989	94	0.24382	0.21732	0.5	7667	1666	6834	25771	3.36
1985-1989	95	0.26338	0.23273	0.5	6001	1397	5303	18937	3.16
1985-1989	96	0.28570	0.24999	0.5	4604	1151	4029	13635	2.96
1985-1989	97	0.30918	0.26778	0.5	3453	925	2991	9606	2.78
1985-1989	98	0.33376	0.28603	0.5	2529	723	2167	6615	2.62
1985-1989	99	0.35936	0.30463	0.5	1805	550	1530	4448	2.46
1985-1989	100	0.38586	0.32346	0.5	1255	406	1052	2918	2.32
1985-1989	101	0.41313	0.34240	0.5	849	291	704	1865	2.20
1985-1989	102	0.44101	0.36133	0.5	559	202	458	1161	2.08
1985-1989	103	0.46934	0.38013	0.5	357	136	289	704	1.97
1985-1989	104	0.49793	0.39868	0.5	221	88	177	415	1.88
1985-1989	105	0.52661	0.41685	0.5	133	55	105	238	1.79
1985-1989	106	0.55517	0.43455	0.5	78	34	61	133	1.71
1985-1989	107	0.58343	0.45167	0.5	44	20	34	72	1.64
1985-1989	108	0.61120	0.46814	0.5	24	11	18	38	1.58
1985-1989	109	0.63832	0.48388	0.5	13	6	10	20	1.53
1985-1989	110+	0.66462	1.00000	1.5	7	7	10	10	1.50
1990-1994	0	0.00757	0.00751	0.07	100000	751	99301	7638889	76.39
1990-1994	1	0.00064	0.00064	0.5	99249	63	99217	7539588	75.97
1990-1994	2	0.00040	0.00040	0.5	99185	40	99165	7440371	75.01
1990-1994	3	0.00031	0.00031	0.5	99145	31	99130	7341206	74.04
1990-1994	4	0.00027	0.00027	0.5	99114	26	99101	7242076	73.07
1990-1994	5	0.00022	0.00022	0.5	99088	22	99077	7142975	72.09
1990-1994	6	0.00020	0.00020	0.5	99066	19	99056	7043899	71.10
1990-1994	7	0.00018	0.00018	0.5	99046	18	99037	6944843	70.12
1990-1994	8	0.00018	0.00018	0.5	99029	18	99019	6845805	69.13
1990-1994	9	0.00017	0.00017	0.5	99010	17	99002	6746786	68.14
1990-1994	10	0.00017	0.00017	0.5	98993	17	98985	6647784	67.15
1990-1994	11	0.00017	0.00017	0.5	98976	17	98967	6548799	66.17
1990-1994	12	0.00021	0.00021	0.5	98959	21	98948	6449832	65.18
1990-1994	13	0.00028	0.00028	0.5	98938	28	98924	6350884	64.19
1990-1994	14	0.00038	0.00038	0.5	98910	38	98891	6251960	63.21
1990-1994	15	0.00051	0.00051	0.5	98872	50	98847	6153068	62.23
1990-1994	16	0.00074	0.00074	0.5	98822	73	98785	6054221	61.26
1990-1994	17	0.00090	0.00090	0.5	98749	89	98704	5955436	60.31
1990-1994	18	0.00110	0.00110	0.5	98660	109	98605	5856731	59.36
1990-1994	19	0.00111	0.00111	0.5	98551	109	98496	5758126	58.43
1990-1994	20	0.00110	0.00110	0.5	98442	108	98388	5659630	57.49
1990-1994	21	0.00114	0.00114	0.5	98334	112	98278	5561242	56.55
1990-1994	22	0.00115	0.00115	0.5	98222	113	98165	5462964	55.62
1990-1994	23	0.00109	0.00109	0.5	98108	107	98055	5364799	54.68
1990-1994	24	0.00105	0.00105	0.5	98001	103	97950	5266744	53.74
1990-1994	25	0.00107	0.00107	0.5	97898	105	97846	5168794	52.80
1990-1994	26	0.00110	0.00110	0.5	97794	107	97740	5070949	51.85
1990-1994	27	0.00114	0.00114	0.5	97686	111	97630	4973209	50.91
1990-1994	28	0.00123	0.00123	0.5	97575	120	97515	4875578	49.97
1990-1994	29	0.00121	0.00121	0.5	97455	118	97396	4778064	49.03
1990-1994	30	0.00130	0.00130	0.5	97337	126	97273	4680668	48.09
1990-1994	31	0.00141	0.00141	0.5	97210	137	97142	4583395	47.15
1990-1994	32	0.00151	0.00151	0.5	97074	146	97000	4486253	46.21
1990-1994	33	0.00163	0.00163	0.5	96927	158	96848	4389252	45.28
1990-1994	34	0.00168	0.00168	0.5	96770	163	96688	4292404	44.36
1990-1994	35	0.00175	0.00175	0.5	96607	169	96522	4195715	43.43
1990-1994	36	0.00187	0.00187	0.5	96438	180	96348	4099193	42.51
1990-1994	37	0.00198	0.00198	0.5	96257	190	96162	4002845	41.58
1990-1994	38	0.00219	0.00219	0.5	96067	210	95962	3906683	40.67
1990-1994	39	0.00212	0.00212	0.5	95857	203	95756	3810721	39.75
1990-1994	40	0.00228	0.00228	0.5	95654	218	95545	3714965	38.84
1990-1994	41	0.00253	0.00252	0.5	95437	241	95316	3619419	37.92
1990-1994	42	0.00259	0.00259	0.5	95196	247	95073	3524103	37.02
1990-1994	43	0.00277	0.00276	0.5	94949	262	94818	3429031	36.11
1990-1994	44	0.00289	0.00288	0.5	94687	273	94550	3334213	35.21
1990-1994	45	0.00305	0.00304	0.5	94414	287	94270	3239662	34.31
1990-1994	46	0.00330	0.00330	0.5	94127	310	93971	3145392	33.42
1990-1994	47	0.00356	0.00356	0.5	93816	334	93649	3051421	32.53
1990-1994	48	0.00386	0.00385	0.5	93482	360	93302	2957772	31.64
1990-1994	49	0.00390	0.00390	0.5	93122	363	92941	2864469	30.76
1990-1994	50	0.00443	0.00442	0.5	92759	410	92555	2771529	29.88
1990-1994	51	0.00483	0.00482	0.5	92350	445	92127	2678974	29.01
1990-1994	52	0.00532	0.00531	0.5	91905	488	91661	2586847	28.15
1990-1994	53	0.00573	0.00572	0.5	91417	523	91156	2495186	27.29
1990-1994	54	0.00610	0.00608	0.5	90894	553	90618	2404031	26.45
1990-1994	55	0.00687	0.00684	0.5	90341	618	90032	2313413	25.61
1990-1994	56	0.00736	0.00733	0.5	89723	658	89394	2223381	24.78
1990-1994	57	0.00806	0.00802	0.5	89065	715	88708	2133986	23.96
1990-1994	58	0.00933	0.00929	0.5	88351	821	87940	2045278	23.15
1990-1994	59	0.00957	0.00953	0.5	87530	834	87113	1957338	22.36
1990-1994	60	0.01086	0.01080	0.5	86696	937	86228	1870225	21.57
1990-1994	61	0.01195	0.01188	0.5	85760	1019	85250	1783997	20.80
1990-1994	62	0.01294	0.01286	0.5	84741	1090	84196	1698747	20.05
1990-1994	63	0.01396	0.01386	0.5	83651	1160	83071	1614551	19.30
1990-1994	64	0.01483	0.01472	0.5	82491	1215	81884	1531480	18.57
1990-1994	65	0.01634	0.01621	0.5	81277	1317	80618	1449596	17.84
1990-1994	66	0.01764	0.01749	0.5	79960	1398	79261	1368977	17.12
1990-1994	67	0.01914	0.01896	0.5	78561	1489	77817	1289717	16.42
1990-1994	68	0.02150	0.02127	0.5	77072	1639	76252	1211900	15.72
1990-1994	69	0.02268	0.02243	0.5	75433	1692	74587	1135648	15.06
1990-1994	70	0.02501	0.02470	0.5	73741	1822	72830	1061061	14.39
1990-1994	71	0.02700	0.02664	0.5	71919	1916	70961	988231	13.74
1990-1994	72	0.02970	0.02927	0.5	70003	2049	68979	917269	13.10
1990-1994	73	0.03277	0.03224	0.5	67954	2191	66859	848291	12.48
1990-1994	74	0.03458	0.03400	0.5	65763	2236	64645	781432	11.88
1990-1994	75	0.03818	0.03747	0.5	63528	2380	62337	716787	11.28
1990-1994	76	0.04228	0.04140	0.5	61147	2532	59881	654449	10.70
1990-1994	77	0.04595	0.04492	0.5	58616	2633	57299	594568	10.14
1990-1994	78	0.04927	0.04808	0.5	55982	2692	54636	537269	9.60
1990-1994	79	0.05431	0.05287	0.5	53291	2817	51882	482632	9.06
1990-1994	80	0.06188	0.06003	0.5	50473	3030	48958	430751	8.53
1990-1994	81	0.06830	0.06604	0.5	47443	3133	45877	381792	8.05
1990-1994	82	0.07522	0.07249	0.5	44310	3212	42704	335916	7.58
1990-1994	83	0.08307	0.07976	0.5	41098	3278	39459	293212	7.13
1990-1994	84	0.09067	0.08674	0.5	37820	3280	36180	253753	6.71
1990-1994	85	0.09948	0.09477	0.5	34539	3273	32903	217573	6.30
1990-1994	86	0.10961	0.10392	0.5	31266	3249	29642	184670	5.91
1990-1994	87	0.12030	0.11348	0.5	28017	3179	26427	155029	5.53
1990-1994	88	0.13240	0.12418	0.5	24838	3084	23296	128601	5.18
1990-1994	89	0.14564	0.13575	0.5	21754	2953	20277	105305	4.84
1990-1994	90	0.16035	0.14845	0.5	18800	2791	17405	85028	4.52
1990-1994	91	0.17438	0.16040	0.5	16009	2568	14726	67623	4.22
1990-1994	92	0.19372	0.17661	0.5	13442	2374	12255	52898	3.94
1990-1994	93	0.21865	0.19710	0.5	11068	2181	9977	40643	3.67
1990-1994	94	0.23620	0.21125	0.5	8886	1877	7948	30666	3.45
1990-1994	95	0.25370	0.22514	0.5	7009	1578	6220	22719	3.24
1990-1994	96	0.27584	0.24241	0.5	5431	1317	4773	16499	3.04
1990-1994	97	0.29921	0.26027	0.5	4114	1071	3579	11726	2.85
1990-1994	98	0.32374	0.27864	0.5	3044	848	2620	8147	2.68
1990-1994	99	0.34934	0.29740	0.5	2196	653	1869	5528	2.52
1990-1994	100	0.37591	0.31644	0.5	1543	488	1299	3659	2.37
1990-1994	101	0.40332	0.33564	0.5	1054	354	877	2360	2.24
1990-1994	102	0.43142	0.35487	0.5	701	249	576	1483	2.12
1990-1994	103	0.46002	0.37400	0.5	452	169	367	906	2.01
1990-1994	104	0.48896	0.39290	0.5	283	111	227	539	1.90
1990-1994	105	0.51803	0.41146	0.5	172	71	136	312	1.81
1990-1994	106	0.54704	0.42955	0.5	101	43	79	175	1.73
1990-1994	107	0.57579	0.44708	0.5	58	26	45	96	1.66
1990-1994	108	0.60409	0.46395	0.5	32	15	24	51	1.60
1990-1994	109	0.63175	0.48010	0.5	17	8	13	26	1.55
1990-1994	110+	0.65862	1.00000	1.52	9	9	13	13	1.52
1995-1999	0	0.00617	0.00613	0.07	100000	613	99427	7742637	77.43
1995-1999	1	0.00051	0.00051	0.5	99387	51	99361	7643210	76.90
1995-1999	2	0.00033	0.00033	0.5	99336	33	99319	7543849	75.94
1995-1999	3	0.00024	0.00024	0.5	99303	24	99291	7444530	74.97
1995-1999	4	0.00019	0.00019	0.5	99279	19	99269	7345239	73.99
1995-1999	5	0.00018	0.00018	0.5	99260	18	99251	7245970	73.00
1995-1999	6	0.00015	0.00015	0.5	99242	15	99235	7146719	72.01
1995-1999	7	0.00016	0.00016	0.5	99227	15	99219	7047484	71.02
1995-1999	8	0.00015	0.00015	0.5	99212	15	99204	6948265	70.03
1995-1999	9	0.00014	0.00014	0.5	99197	14	99190	6849061	69.04
1995-1999	10	0.00015	0.00015	0.5	99183	15	99176	6749870	68.05
1995-1999	11	0.00016	0.00016	0.5	99168	16	99160	6650694	67.06
1995-1999	12	0.00019	0.00019	0.5	99152	19	99143	6551534	66.08
1995-1999	13	0.00022	0.00022	0.5	99134	22	99123	6452391	65.09
1995-1999	14	0.00029	0.00029	0.5	99112	29	99097	6353268	64.10
1995-1999	15	0.00039	0.00039	0.5	99083	38	99064	6254171	63.12
1995-1999	16	0.00056	0.00056	0.5	99044	55	99017	6155108	62.14
1995-1999	17	0.00071	0.00071	0.5	98989	70	98954	6056091	61.18
1995-1999	18	0.00087	0.00087	0.5	98919	86	98876	5957136	60.22
1995-1999	19	0.00089	0.00089	0.5	98833	88	98789	5858260	59.27
1995-1999	20	0.00093	0.00093	0.5	98746	92	98699	5759471	58.33
1995-1999	21	0.00093	0.00093	0.5	98653	92	98608	5660771	57.38
1995-1999	22	0.00091	0.00091	0.5	98562	90	98517	5562163	56.43
1995-1999	23	0.00088	0.00088	0.5	98472	86	98429	5463647	55.48
1995-1999	24	0.00086	0.00086	0.5	98385	84	98343	5365218	54.53
1995-1999	25	0.00085	0.00085	0.5	98301	84	98259	5266875	53.58
1995-1999	26	0.00086	0.00086	0.5	98217	84	98175	5168615	52.62
1995-1999	27	0.00086	0.00086	0.5	98133	85	98091	5070440	51.67
1995-1999	28	0.00090	0.00090	0.5	98048	88	98004	4972349	50.71
1995-1999	29	0.00090	0.00090	0.5	97960	88	97916	4874345	49.76
1995-1999	30	0.00095	0.00094	0.5	97872	92	97826	4776429	48.80
1995-1999	31	0.00109	0.00109	0.5	97780	106	97726	4678603	47.85
1995-1999	32	0.00118	0.00118	0.5	97673	115	97616	4580877	46.90
1995-1999	33	0.00123	0.00123	0.5	97558	120	97498	4483261	45.95
1995-1999	34	0.00133	0.00133	0.5	97438	130	97373	4385763	45.01
1995-1999	35	0.00135	0.00135	0.5	97308	132	97242	4288390	44.07
1995-1999	36	0.00147	0.00147	0.5	97176	143	97105	4191148	43.13
1995-1999	37	0.00160	0.00160	0.5	97033	155	96956	4094043	42.19
1995-1999	38	0.00172	0.00172	0.5	96879	167	96795	3997087	41.26
1995-1999	39	0.00181	0.00181	0.5	96712	175	96624	3900292	40.33
1995-1999	40	0.00193	0.00193	0.5	96536	186	96443	3803668	39.40
1995-1999	41	0.00216	0.00216	0.5	96350	208	96246	3707225	38.48
1995-1999	42	0.00228	0.00228	0.5	96143	219	96033	3610978	37.56
1995-1999	43	0.00248	0.00247	0.5	95923	237	95805	3514945	36.64
1995-1999	44	0.00268	0.00268	0.5	95686	256	95558	3419140	35.73
1995-1999	45	0.00283	0.00282	0.5	95430	269	95295	3323583	34.83
1995-1999	46	0.00307	0.00307	0.5	95160	292	95014	3228288	33.92
1995-1999	47	0.00322	0.00322	0.5	94868	305	94715	3133274	33.03
1995-1999	48	0.00360	0.00360	0.5	94563	340	94392	3038559	32.13
1995-1999	49	0.00365	0.00364	0.5	94222	343	94051	2944166	31.25
1995-1999	50	0.00382	0.00382	0.5	93880	358	93700	2850115	30.36
1995-1999	51	0.00436	0.00435	0.5	93521	406	93318	2756415	29.47
1995-1999	52	0.00482	0.00481	0.5	93115	448	92891	2663097	28.60
1995-1999	53	0.00529	0.00527	0.5	92667	489	92422	2570206	27.74
1995-1999	54	0.00550	0.00548	0.5	92178	505	91926	2477783	26.88
1995-1999	55	0.00613	0.00611	0.5	91673	560	91393	2385858	26.03
1995-1999	56	0.00677	0.00675	0.5	91113	615	90806	2294465	25.18
1995-1999	57	0.00749	0.00747	0.5	90498	676	90160	2203659	24.35
1995-1999	58	0.00810	0.00807	0.5	89822	725	89460	2113499	23.53
1995-1999	59	0.00880	0.00876	0.5	89098	781	88707	2024039	22.72
1995-1999	60	0.00955	0.00950	0.5	88317	839	87897	1935332	21.91
1995-1999	61	0.01090	0.01084	0.5	87478	948	87004	1847434	21.12
1995-1999	62	0.01204	0.01197	0.5	86530	1035	86012	1760431	20.34
1995-1999	63	0.01289	0.01281	0.5	85494	1095	84946	1674419	19.59
1995-1999	64	0.01410	0.01400	0.5	84399	1182	83808	1589472	18.83
1995-1999	65	0.01492	0.01481	0.5	83217	1233	82601	1505665	18.09
1995-1999	66	0.01626	0.01613	0.5	81984	1323	81323	1423064	17.36
1995-1999	67	0.01783	0.01767	0.5	80662	1426	79949	1341741	16.63
1995-1999	68	0.01957	0.01938	0.5	79236	1536	78468	1261792	15.92
1995-1999	69	0.02101	0.02079	0.5	77700	1615	76893	1183324	15.23
1995-1999	70	0.02334	0.02307	0.5	76085	1756	75207	1106431	14.54
1995-1999	71	0.02595	0.02561	0.5	74329	1904	73377	1031224	13.87
1995-1999	72	0.02877	0.02836	0.5	72426	2054	71398	957846	13.23
1995-1999	73	0.03090	0.03043	0.5	70371	2141	69301	886448	12.60
1995-1999	74	0.03298	0.03244	0.5	68230	2213	67123	817147	11.98
1995-1999	75	0.03641	0.03576	0.5	66017	2361	64836	750024	11.36
1995-1999	76	0.03972	0.03894	0.5	63656	2479	62416	685188	10.76
1995-1999	77	0.04348	0.04256	0.5	61177	2604	59875	622772	10.18
1995-1999	78	0.04744	0.04635	0.5	58573	2715	57216	562897	9.61
1995-1999	79	0.05178	0.05047	0.5	55859	2819	54449	505681	9.05
1995-1999	80	0.06044	0.05867	0.5	53039	3112	51483	451232	8.51
1995-1999	81	0.06645	0.06432	0.5	49928	3211	48322	399749	8.01
1995-1999	82	0.07368	0.07106	0.5	46716	3320	45057	351426	7.52
1995-1999	83	0.08225	0.07901	0.5	43397	3429	41682	306370	7.06
1995-1999	84	0.09090	0.08695	0.5	39968	3475	38231	264688	6.62
1995-1999	85	0.09937	0.09467	0.5	36493	3455	34766	226457	6.21
1995-1999	86	0.11071	0.10490	0.5	33038	3466	31305	191691	5.80
1995-1999	87	0.12226	0.11522	0.5	29573	3407	27869	160386	5.42
1995-1999	88	0.13467	0.12617	0.5	26165	3301	24515	132517	5.06
1995-1999	89	0.14965	0.13923	0.5	22864	3183	21272	108002	4.72
1995-1999	90	0.16585	0.15315	0.5	19681	3014	18174	86730	4.41
1995-1999	91	0.18232	0.16709	0.5	16666	2785	15274	68557	4.11
1995-1999	92	0.19989	0.18173	0.5	13882	2523	12620	53282	3.84
1995-1999	93	0.22129	0.19925	0.5	11359	2263	10227	40662	3.58
1995-1999	94	0.24041	0.21461	0.5	9096	1952	8120	30435	3.35
1995-1999	95	0.26414	0.23333	0.5	7144	1667	6310	22315	3.12
1995-1999	96	0.28793	0.25170	0.5	5477	1379	4788	16005	2.92
1995-1999	97	0.31300	0.27065	0.5	4098	1109	3544	11217	2.74
1995-1999	98	0.33927	0.29006	0.5	2989	867	2556	7673	2.57
1995-1999	99	0.36662	0.30983	0.5	2122	657	1793	5118	2.41
1995-1999	100	0.39492	0.32980	0.5	1465	483	1223	3324	2.27
1995-1999	101	0.42400	0.34983	0.5	982	343	810	2101	2.14
1995-1999	102	0.45367	0.36979	0.5	638	236	520	1291	2.02
1995-1999	103	0.48373	0.38952	0.5	402	157	324	771	1.92
1995-1999	104	0.51396	0.40888	0.5	246	100	195	447	1.82
1995-1999	105	0.54414	0.42776	0.5	145	62	114	252	1.73
1995-1999	106	0.57405	0.44603	0.5	83	37	65	138	1.66
1995-1999	107	0.60347	0.46359	0.5	46	21	35	73	1.59
1995-1999	108	0.63221	0.48036	0.5	25	12	19	38	1.53
1995-1999	109	0.66008	0.49628	0.5	13	6	10	19	1.49
1995-1999	110+	0.68692	1.00000	1.46	6	6	9	9	1.46
2000-2004	0	0.00564	0.00561	0.06	100000	561	99475	7837203	78.37
2000-2004	1	0.00043	0.00043	0.5	99439	43	99418	7737728	77.81
2000-2004	2	0.00028	0.00028	0.5	99396	28	99382	7638311	76.85
2000-2004	3	0.00021	0.00021	0.5	99368	21	99357	7538929	75.87
2000-2004	4	0.00018	0.00018	0.5	99347	18	99338	7439571	74.89
2000-2004	5	0.00017	0.00017	0.5	99329	16	99321	7340234	73.90
2000-2004	6	0.00015	0.00015	0.5	99313	15	99305	7240913	72.91
2000-2004	7	0.00012	0.00012	0.5	99298	12	99292	7141608	71.92
2000-2004	8	0.00013	0.00013	0.5	99286	13	99279	7042316	70.93
2000-2004	9	0.00013	0.00013	0.5	99273	13	99267	6943037	69.94
2000-2004	10	0.00014	0.00014	0.5	99260	13	99253	6843770	68.95
2000-2004	11	0.00014	0.00014	0.5	99247	13	99240	6744517	67.96
2000-2004	12	0.00015	0.00015	0.5	99233	15	99226	6645277	66.97
2000-2004	13	0.00019	0.00019	0.5	99218	18	99209	6546051	65.98
2000-2004	14	0.00024	0.00024	0.5	99200	24	99188	6446842	64.99
2000-2004	15	0.00030	0.00030	0.5	99176	30	99161	6347654	64.00
2000-2004	16	0.00043	0.00043	0.5	99146	43	99125	6248493	63.02
2000-2004	17	0.00057	0.00057	0.5	99103	57	99075	6149368	62.05
2000-2004	18	0.00078	0.00078	0.5	99046	78	99007	6050294	61.09
2000-2004	19	0.00083	0.00083	0.5	98969	82	98927	5951286	60.13
2000-2004	20	0.00082	0.00082	0.5	98886	81	98846	5852359	59.18
2000-2004	21	0.00085	0.00085	0.5	98805	84	98763	5753513	58.23
2000-2004	22	0.00081	0.00081	0.5	98721	80	98681	5654750	57.28
2000-2004	23	0.00076	0.00076	0.5	98641	75	98603	5556070	56.33
2000-2004	24	0.00075	0.00075	0.5	98566	74	98529	5457467	55.37
2000-2004	25	0.00074	0.00074	0.5	98491	73	98455	5358938	54.41
2000-2004	26	0.00080	0.00080	0.5	98419	79	98379	5260483	53.45
2000-2004	27	0.00076	0.00076	0.5	98339	75	98302	5162104	52.49
2000-2004	28	0.00073	0.00073	0.5	98265	72	98229	5063802	51.53
2000-2004	29	0.00075	0.00075	0.5	98193	73	98156	4965574	50.57
2000-2004	30	0.00077	0.00077	0.5	98119	76	98081	4867418	49.61
2000-2004	31	0.00085	0.00085	0.5	98044	83	98002	4769337	48.65
2000-2004	32	0.00091	0.00091	0.5	97960	89	97916	4671335	47.69
2000-2004	33	0.00099	0.00099	0.5	97871	97	97822	4573419	46.73
2000-2004	34	0.00105	0.00105	0.5	97774	103	97723	4475597	45.77
2000-2004	35	0.00112	0.00112	0.5	97671	110	97617	4377874	44.82
2000-2004	36	0.00119	0.00119	0.5	97562	116	97504	4280258	43.87
2000-2004	37	0.00129	0.00129	0.5	97446	125	97383	4182754	42.92
2000-2004	38	0.00147	0.00147	0.5	97321	143	97249	4085370	41.98
2000-2004	39	0.00158	0.00158	0.5	97178	153	97101	3988121	41.04
2000-2004	40	0.00170	0.00170	0.5	97024	165	96942	3891020	40.10
2000-2004	41	0.00186	0.00186	0.5	96860	180	96770	3794078	39.17
2000-2004	42	0.00204	0.00204	0.5	96680	197	96581	3697308	38.24
2000-2004	43	0.00221	0.00221	0.5	96483	213	96376	3600727	37.32
2000-2004	44	0.00243	0.00243	0.5	96270	234	96153	3504351	36.40
2000-2004	45	0.00262	0.00262	0.5	96036	252	95910	3408198	35.49
2000-2004	46	0.00289	0.00289	0.5	95784	277	95646	3312288	34.58
2000-2004	47	0.00312	0.00312	0.5	95507	298	95359	3216642	33.68
2000-2004	48	0.00342	0.00342	0.5	95210	325	95047	3121283	32.78
2000-2004	49	0.00365	0.00364	0.5	94885	346	94712	3026236	31.89
2000-2004	50	0.00392	0.00391	0.5	94539	370	94354	2931524	31.01
2000-2004	51	0.00422	0.00422	0.5	94169	397	93971	2837170	30.13
2000-2004	52	0.00455	0.00454	0.5	93772	425	93560	2743199	29.25
2000-2004	53	0.00495	0.00494	0.5	93347	461	93116	2649639	28.38
2000-2004	54	0.00523	0.00521	0.5	92886	484	92644	2556523	27.52
2000-2004	55	0.00571	0.00569	0.5	92401	526	92139	2463879	26.66
2000-2004	56	0.00621	0.00619	0.5	91876	569	91591	2371741	25.81
2000-2004	57	0.00667	0.00665	0.5	91307	607	91004	2280149	24.97
2000-2004	58	0.00725	0.00723	0.5	90700	655	90373	2189146	24.14
2000-2004	59	0.00817	0.00814	0.5	90045	733	89679	2098773	23.31
2000-2004	60	0.00893	0.00889	0.5	89312	794	88916	2009094	22.50
2000-2004	61	0.00965	0.00961	0.5	88519	850	88094	1920179	21.69
2000-2004	62	0.01060	0.01055	0.5	87669	925	87206	1832085	20.90
2000-2004	63	0.01145	0.01139	0.5	86744	988	86250	1744879	20.12
2000-2004	64	0.01253	0.01245	0.5	85756	1067	85223	1658629	19.34
2000-2004	65	0.01366	0.01357	0.5	84689	1149	84114	1573406	18.58
2000-2004	66	0.01479	0.01468	0.5	83540	1227	82926	1489292	17.83
2000-2004	67	0.01613	0.01600	0.5	82313	1317	81654	1406366	17.09
2000-2004	68	0.01772	0.01757	0.5	80996	1423	80284	1324711	16.36
2000-2004	69	0.01922	0.01904	0.5	79573	1515	78815	1244427	15.64
2000-2004	70	0.02138	0.02115	0.5	78058	1651	77232	1165612	14.93
2000-2004	71	0.02310	0.02283	0.5	76407	1745	75534	1088380	14.24
2000-2004	72	0.02528	0.02496	0.5	74662	1864	73730	1012845	13.57
2000-2004	73	0.02774	0.02736	0.5	72799	1992	71803	939115	12.90
2000-2004	74	0.03038	0.02993	0.5	70807	2119	69747	867312	12.25
2000-2004	75	0.03362	0.03306	0.5	68688	2271	67552	797565	11.61
2000-2004	76	0.03663	0.03597	0.5	66417	2389	65222	730013	10.99
2000-2004	77	0.04036	0.03956	0.5	64028	2533	62762	664791	10.38
2000-2004	78	0.04388	0.04294	0.5	61495	2641	60175	602029	9.79
2000-2004	79	0.04879	0.04763	0.5	58855	2803	57453	541854	9.21
2000-2004	80	0.05694	0.05537	0.5	56052	3103	54500	484401	8.64
2000-2004	81	0.06273	0.06082	0.5	52948	3221	51338	429901	8.12
2000-2004	82	0.07018	0.06780	0.5	49728	3372	48042	378563	7.61
2000-2004	83	0.07778	0.07487	0.5	46356	3471	44621	330521	7.13
2000-2004	84	0.08770	0.08402	0.5	42885	3603	41084	285901	6.67
2000-2004	85	0.09584	0.09145	0.5	39282	3592	37486	244817	6.23
2000-2004	86	0.10845	0.10287	0.5	35690	3672	33854	207331	5.81
2000-2004	87	0.12028	0.11346	0.5	32018	3633	30202	173477	5.42
2000-2004	88	0.13329	0.12497	0.5	28386	3547	26612	143275	5.05
2000-2004	89	0.14912	0.13877	0.5	24838	3447	23115	116663	4.70
2000-2004	90	0.16522	0.15261	0.5	21391	3265	19759	93548	4.37
2000-2004	91	0.18203	0.16685	0.5	18127	3024	16615	73789	4.07
2000-2004	92	0.20106	0.18269	0.5	15102	2759	13723	57174	3.79
2000-2004	93	0.22431	0.20169	0.5	12343	2489	11099	43451	3.52
2000-2004	94	0.24859	0.22111	0.5	9854	2179	8764	32353	3.28
2000-2004	95	0.26789	0.23624	0.5	7675	1813	6768	23588	3.07
2000-2004	96	0.29292	0.25550	0.5	5862	1498	5113	16820	2.87
2000-2004	97	0.31930	0.27535	0.5	4364	1202	3763	11707	2.68
2000-2004	98	0.34694	0.29565	0.5	3163	935	2695	7944	2.51
2000-2004	99	0.37568	0.31627	0.5	2228	704	1875	5248	2.36
2000-2004	100	0.40536	0.33705	0.5	1523	513	1266	3373	2.21
2000-2004	101	0.43579	0.35782	0.5	1010	361	829	2107	2.09
2000-2004	102	0.46676	0.37844	0.5	648	245	526	1278	1.97
2000-2004	103	0.49802	0.39873	0.5	403	161	323	752	1.87
2000-2004	104	0.52934	0.41856	0.5	242	101	192	429	1.77
2000-2004	105	0.56046	0.43778	0.5	141	62	110	238	1.69
2000-2004	106	0.59116	0.45629	0.5	79	36	61	128	1.61
2000-2004	107	0.62119	0.47398	0.5	43	20	33	67	1.55
2000-2004	108	0.65036	0.49077	0.5	23	11	17	34	1.49
2000-2004	109	0.67847	0.50661	0.5	12	6	9	17	1.45
2000-2004	110+	0.70538	1.00000	1.42	6	6	8	8	1.42
2005-2009	0	0.00543	0.00541	0.06	100000	541	99494	7942352	79.42
2005-2009	1	0.00040	0.00040	0.5	99459	40	99440	7842858	78.85
2005-2009	2	0.00025	0.00025	0.5	99420	25	99407	7743418	77.89
2005-2009	3	0.00018	0.00018	0.5	99395	18	99386	7644011	76.91
2005-2009	4	0.00016	0.00016	0.5	99377	16	99369	7544625	75.92
2005-2009	5	0.00014	0.00014	0.5	99362	14	99355	7445255	74.93
2005-2009	6	0.00012	0.00012	0.5	99348	12	99342	7345901	73.94
2005-2009	7	0.00011	0.00011	0.5	99336	11	99330	7246559	72.95
2005-2009	8	0.00012	0.00012	0.5	99325	12	99319	7147229	71.96
2005-2009	9	0.00011	0.00011	0.5	99313	11	99308	7047910	70.97
2005-2009	10	0.00011	0.00011	0.5	99302	11	99297	6948602	69.97
2005-2009	11	0.00012	0.00012	0.5	99291	12	99285	6849305	68.98
2005-2009	12	0.00013	0.00013	0.5	99279	13	99273	6750020	67.99
2005-2009	13	0.00015	0.00015	0.5	99266	14	99259	6650747	67.00
2005-2009	14	0.00020	0.00020	0.5	99252	20	99242	6551488	66.01
2005-2009	15	0.00028	0.00028	0.5	99232	28	99218	6452246	65.02
2005-2009	16	0.00038	0.00038	0.5	99204	38	99185	6353029	64.04
2005-2009	17	0.00050	0.00050	0.5	99166	50	99141	6253844	63.06
2005-2009	18	0.00068	0.00068	0.5	99116	68	99082	6154703	62.10
2005-2009	19	0.00076	0.00076	0.5	99048	75	99011	6055621	61.14
2005-2009	20	0.00080	0.00080	0.5	98973	80	98933	5956610	60.18
2005-2009	21	0.00084	0.00084	0.5	98894	83	98852	5857677	59.23
2005-2009	22	0.00083	0.00083	0.5	98811	82	98770	5758825	58.28
2005-2009	23	0.00081	0.00081	0.5	98729	80	98689	5660055	57.33
2005-2009	24	0.00080	0.00080	0.5	98649	79	98609	5561367	56.38
2005-2009	25	0.00078	0.00078	0.5	98570	76	98532	5462757	55.42
2005-2009	26	0.00079	0.00079	0.5	98493	78	98454	5364226	54.46
2005-2009	27	0.00078	0.00078	0.5	98415	77	98377	5265771	53.51
2005-2009	28	0.00079	0.00079	0.5	98338	77	98300	5167395	52.55
2005-2009	29	0.00081	0.00081	0.5	98261	80	98221	5069095	51.59
2005-2009	30	0.00079	0.00079	0.5	98181	78	98143	4970874	50.63
2005-2009	31	0.00088	0.00088	0.5	98104	86	98061	4872731	49.67
2005-2009	32	0.00087	0.00087	0.5	98018	85	97975	4774671	48.71
2005-2009	33	0.00090	0.00090	0.5	97932	89	97888	4676696	47.75
2005-2009	34	0.00098	0.00098	0.5	97844	96	97796	4578808	46.80
2005-2009	35	0.00102	0.00102	0.5	97748	100	97698	4481012	45.84
2005-2009	36	0.00109	0.00109	0.5	97648	106	97595	4383314	44.89
2005-2009	37	0.00116	0.00116	0.5	97542	113	97485	4285719	43.94
2005-2009	38	0.00129	0.00128	0.5	97429	125	97366	4188234	42.99
2005-2009	39	0.00140	0.00140	0.5	97303	136	97235	4090868	42.04
2005-2009	40	0.00153	0.00153	0.5	97167	149	97093	3993632	41.10
2005-2009	41	0.00170	0.00169	0.5	97018	164	96936	3896540	40.16
2005-2009	42	0.00185	0.00185	0.5	96854	179	96764	3799604	39.23
2005-2009	43	0.00204	0.00203	0.5	96675	197	96576	3702840	38.30
2005-2009	44	0.00219	0.00219	0.5	96478	211	96373	3606263	37.38
2005-2009	45	0.00245	0.00245	0.5	96267	236	96149	3509891	36.46
2005-2009	46	0.00271	0.00271	0.5	96031	260	95901	3413741	35.55
2005-2009	47	0.00297	0.00296	0.5	95771	284	95629	3317840	34.64
2005-2009	48	0.00325	0.00324	0.5	95487	309	95333	3222211	33.74
2005-2009	49	0.00350	0.00349	0.5	95178	332	95012	3126878	32.85
2005-2009	50	0.00383	0.00382	0.5	94846	362	94665	3031866	31.97
2005-2009	51	0.00410	0.00409	0.5	94483	387	94290	2937202	31.09
2005-2009	52	0.00452	0.00451	0.5	94097	424	93885	2842912	30.21
2005-2009	53	0.00490	0.00489	0.5	93673	458	93443	2749027	29.35
2005-2009	54	0.00514	0.00513	0.5	93214	478	92975	2655584	28.49
2005-2009	55	0.00557	0.00555	0.5	92737	515	92479	2562608	27.63
2005-2009	56	0.00593	0.00591	0.5	92221	545	91949	2470129	26.78
2005-2009	57	0.00629	0.00627	0.5	91676	575	91389	2378180	25.94
2005-2009	58	0.00683	0.00681	0.5	91101	621	90791	2286792	25.10
2005-2009	59	0.00739	0.00736	0.5	90481	666	90148	2196000	24.27
2005-2009	60	0.00812	0.00809	0.5	89815	727	89452	2105852	23.45
2005-2009	61	0.00849	0.00845	0.5	89088	753	88712	2016401	22.63
2005-2009	62	0.00936	0.00932	0.5	88335	823	87924	1927689	21.82
2005-2009	63	0.01017	0.01011	0.5	87512	885	87069	1839765	21.02
2005-2009	64	0.01120	0.01113	0.5	86627	965	86144	1752696	20.23
2005-2009	65	0.01211	0.01203	0.5	85662	1031	85147	1666552	19.45
2005-2009	66	0.01296	0.01288	0.5	84631	1090	84086	1581405	18.69
2005-2009	67	0.01423	0.01413	0.5	83541	1180	82951	1497319	17.92
2005-2009	68	0.01540	0.01528	0.5	82361	1259	81732	1414367	17.17
2005-2009	69	0.01683	0.01669	0.5	81102	1353	80426	1332636	16.43
2005-2009	70	0.01837	0.01821	0.5	79749	1452	79023	1252210	15.70
2005-2009	71	0.01998	0.01978	0.5	78297	1549	77523	1173187	14.98
2005-2009	72	0.02210	0.02186	0.5	76748	1678	75910	1095664	14.28
2005-2009	73	0.02421	0.02392	0.5	75071	1796	74173	1019755	13.58
2005-2009	74	0.02696	0.02661	0.5	73275	1950	72300	945582	12.90
2005-2009	75	0.02970	0.02927	0.5	71325	2087	70282	873282	12.24
2005-2009	76	0.03206	0.03156	0.5	69238	2185	68145	803000	11.60
2005-2009	77	0.03540	0.03479	0.5	67053	2333	65887	734855	10.96
2005-2009	78	0.03922	0.03847	0.5	64720	2490	63476	668968	10.34
2005-2009	79	0.04319	0.04227	0.5	62231	2631	60915	605493	9.73
2005-2009	80	0.05062	0.04937	0.5	59600	2943	58129	544577	9.14
2005-2009	81	0.05626	0.05472	0.5	56657	3101	55107	486448	8.59
2005-2009	82	0.06279	0.06087	0.5	53557	3260	51927	431341	8.05
2005-2009	83	0.06948	0.06714	0.5	50297	3377	48608	379415	7.54
2005-2009	84	0.07776	0.07485	0.5	46919	3512	45164	330807	7.05
2005-2009	85	0.08674	0.08314	0.5	43408	3609	41603	285643	6.58
2005-2009	86	0.09733	0.09281	0.5	39799	3694	37952	244040	6.13
2005-2009	87	0.10871	0.10311	0.5	36105	3723	34244	206088	5.71
2005-2009	88	0.12239	0.11533	0.5	32382	3735	30515	171844	5.31
2005-2009	89	0.13576	0.12713	0.5	28648	3642	26827	141329	4.93
2005-2009	90	0.15240	0.14161	0.5	25006	3541	23235	114503	4.58
2005-2009	91	0.17199	0.15837	0.5	21465	3399	19765	91267	4.25
2005-2009	92	0.18938	0.17300	0.5	18065	3125	16503	71502	3.96
2005-2009	93	0.20925	0.18943	0.5	14940	2830	13525	55000	3.68
2005-2009	94	0.23155	0.20752	0.5	12110	2513	10853	41475	3.42
2005-2009	95	0.25349	0.22497	0.5	9597	2159	8517	30622	3.19
2005-2009	96	0.27844	0.24441	0.5	7438	1818	6529	22104	2.97
2005-2009	97	0.30487	0.26454	0.5	5620	1487	4877	15575	2.77
2005-2009	98	0.33269	0.28524	0.5	4133	1179	3544	10699	2.59
2005-2009	99	0.36176	0.30635	0.5	2954	905	2502	7155	2.42
2005-2009	100	0.39192	0.32770	0.5	2049	672	1713	4653	2.27
2005-2009	101	0.42297	0.34913	0.5	1378	481	1137	2940	2.13
2005-2009	102	0.45468	0.37046	0.5	897	332	731	1803	2.01
2005-2009	103	0.48679	0.39150	0.5	565	221	454	1072	1.90
2005-2009	104	0.51906	0.41211	0.5	344	142	273	618	1.80
2005-2009	105	0.55121	0.43212	0.5	202	87	158	345	1.71
2005-2009	106	0.58297	0.45140	0.5	115	52	89	187	1.63
2005-2009	107	0.61410	0.46983	0.5	63	30	48	98	1.56
2005-2009	108	0.64435	0.48734	0.5	33	16	25	50	1.50
2005-2009	109	0.67351	0.50384	0.5	17	9	13	25	1.46
2005-2009	110+	0.70143	1.00000	1.43	8	8	12	12	1.43
2010-2014	0	0.00469	0.00467	0.06	100000	467	99562	8047785	80.48
2010-2014	1	0.00032	0.00032	0.5	99533	32	99517	7948223	79.85
2010-2014	2	0.00022	0.00022	0.5	99502	21	99491	7848706	78.88
2010-2014	3	0.00016	0.00016	0.5	99480	16	99472	7749215	77.90
2010-2014	4	0.00013	0.00013	0.5	99465	13	99458	7649743	76.91
2010-2014	5	0.00011	0.00011	0.5	99452	11	99446	7550285	75.92
2010-2014	6	0.00010	0.00010	0.5	99441	10	99436	7450838	74.93
2010-2014	7	0.00009	0.00009	0.5	99431	9	99426	7351402	73.94
2010-2014	8	0.00008	0.00008	0.5	99421	8	99417	7251976	72.94
2010-2014	9	0.00008	0.00008	0.5	99413	8	99409	7152559	71.95
2010-2014	10	0.00009	0.00009	0.5	99405	9	99401	7053150	70.95
2010-2014	11	0.00010	0.00010	0.5	99396	10	99391	6953749	69.96
2010-2014	12	0.00011	0.00011	0.5	99387	11	99381	6854358	68.97
2010-2014	13	0.00013	0.00013	0.5	99375	13	99369	6754977	67.97
2010-2014	14	0.00017	0.00017	0.5	99363	17	99354	6655608	66.98
2010-2014	15	0.00021	0.00021	0.5	99346	21	99335	6556254	65.99
2010-2014	16	0.00027	0.00027	0.5	99325	27	99311	6456919	65.01
2010-2014	17	0.00034	0.00034	0.5	99298	34	99281	6357608	64.03
2010-2014	18	0.00054	0.00054	0.5	99264	53	99237	6258327	63.05
2010-2014	19	0.00061	0.00061	0.5	99211	61	99180	6159090	62.08
2010-2014	20	0.00065	0.00065	0.5	99150	65	99118	6059910	61.12
2010-2014	21	0.00069	0.00069	0.5	99085	69	99051	5960792	60.16
2010-2014	22	0.00070	0.00070	0.5	99017	69	98982	5861741	59.20
2010-2014	23	0.00071	0.00071	0.5	98947	70	98912	5762759	58.24
2010-2014	24	0.00072	0.00072	0.5	98877	71	98841	5663847	57.28
2010-2014	25	0.00073	0.00073	0.5	98806	72	98770	5565006	56.32
2010-2014	26	0.00072	0.00072	0.5	98733	71	98698	5466237	55.36
2010-2014	27	0.00072	0.00072	0.5	98662	71	98627	5367539	54.40
2010-2014	28	0.00075	0.00075	0.5	98591	74	98554	5268912	53.44
2010-2014	29	0.00077	0.00077	0.5	98517	76	98479	5170358	52.48
2010-2014	30	0.00081	0.00081	0.5	98441	80	98401	5071879	51.52
2010-2014	31	0.00081	0.00081	0.5	98361	80	98321	4973478	50.56
2010-2014	32	0.00086	0.00086	0.5	98281	84	98239	4875157	49.60
2010-2014	33	0.00088	0.00088	0.5	98197	86	98154	4776918	48.65
2010-2014	34	0.00092	0.00092	0.5	98110	91	98065	4678764	47.69
2010-2014	35	0.00097	0.00097	0.5	98020	95	97972	4580699	46.73
2010-2014	36	0.00102	0.00102	0.5	97925	100	97875	4482727	45.78
2010-2014	37	0.00106	0.00106	0.5	97826	104	97774	4384851	44.82
2010-2014	38	0.00115	0.00115	0.5	97722	113	97666	4287078	43.87
2010-2014	39	0.00121	0.00121	0.5	97609	118	97550	4189412	42.92
2010-2014	40	0.00132	0.00132	0.5	97491	129	97427	4091862	41.97
2010-2014	41	0.00145	0.00145	0.5	97363	141	97292	3994435	41.03
2010-2014	42	0.00160	0.00160	0.5	97221	156	97144	3897143	40.09
2010-2014	43	0.00174	0.00174	0.5	97066	169	96981	3799999	39.15
2010-2014	44	0.00191	0.00190	0.5	96897	185	96805	3703018	38.22
2010-2014	45	0.00205	0.00205	0.5	96712	198	96613	3606213	37.29
2010-2014	46	0.00233	0.00233	0.5	96514	225	96402	3509600	36.36
2010-2014	47	0.00256	0.00256	0.5	96290	247	96166	3413198	35.45
2010-2014	48	0.00285	0.00284	0.5	96043	273	95906	3317031	34.54
2010-2014	49	0.00320	0.00320	0.5	95770	306	95617	3221125	33.63
2010-2014	50	0.00342	0.00342	0.5	95464	326	95301	3125508	32.74
2010-2014	51	0.00379	0.00378	0.5	95138	360	94958	3030207	31.85
2010-2014	52	0.00409	0.00408	0.5	94778	387	94585	2935250	30.97
2010-2014	53	0.00442	0.00441	0.5	94391	417	94183	2840665	30.09
2010-2014	54	0.00480	0.00479	0.5	93975	450	93750	2746482	29.23
2010-2014	55	0.00532	0.00530	0.5	93525	496	93277	2652733	28.36
2010-2014	56	0.00565	0.00563	0.5	93029	524	92767	2559456	27.51
2010-2014	57	0.00615	0.00613	0.5	92505	567	92221	2466689	26.67
2010-2014	58	0.00653	0.00651	0.5	91938	598	91638	2374468	25.83
2010-2014	59	0.00717	0.00715	0.5	91339	653	91013	2282829	24.99
2010-2014	60	0.00764	0.00761	0.5	90687	691	90341	2191816	24.17
2010-2014	61	0.00825	0.00822	0.5	89996	739	89626	2101475	23.35
2010-2014	62	0.00866	0.00862	0.5	89257	769	88872	2011849	22.54
2010-2014	63	0.00972	0.00967	0.5	88487	856	88060	1922977	21.73
2010-2014	64	0.01020	0.01015	0.5	87632	889	87187	1834917	20.94
2010-2014	65	0.01079	0.01073	0.5	86742	931	86277	1747730	20.15
2010-2014	66	0.01169	0.01163	0.5	85811	998	85313	1661453	19.36
2010-2014	67	0.01269	0.01261	0.5	84814	1069	84279	1576141	18.58
2010-2014	68	0.01385	0.01376	0.5	83745	1152	83169	1491861	17.81
2010-2014	69	0.01503	0.01492	0.5	82593	1232	81977	1408693	17.06
2010-2014	70	0.01667	0.01654	0.5	81360	1345	80688	1326716	16.31
2010-2014	71	0.01810	0.01794	0.5	80015	1436	79297	1246028	15.57
2010-2014	72	0.01959	0.01940	0.5	78579	1524	77817	1166731	14.85
2010-2014	73	0.02155	0.02132	0.5	77055	1643	76234	1088914	14.13
2010-2014	74	0.02359	0.02332	0.5	75412	1759	74533	1012680	13.43
2010-2014	75	0.02644	0.02610	0.5	73654	1922	72693	938147	12.74
2010-2014	76	0.02907	0.02866	0.5	71732	2056	70704	865454	12.07
2010-2014	77	0.03233	0.03181	0.5	69676	2217	68568	794750	11.41
2010-2014	78	0.03521	0.03460	0.5	67460	2334	66292	726183	10.76
2010-2014	79	0.03894	0.03820	0.5	65125	2488	63882	659890	10.13
2010-2014	80	0.04643	0.04538	0.5	62638	2842	61217	596009	9.52
2010-2014	81	0.05192	0.05061	0.5	59795	3026	58282	534792	8.94
2010-2014	82	0.05723	0.05564	0.5	56769	3159	55190	476510	8.39
2010-2014	83	0.06396	0.06197	0.5	53611	3322	51949	421320	7.86
2010-2014	84	0.07241	0.06988	0.5	50288	3514	48531	369371	7.35
2010-2014	85	0.08129	0.07812	0.5	46774	3654	44947	320840	6.86
2010-2014	86	0.08930	0.08549	0.5	43120	3686	41277	275892	6.40
2010-2014	87	0.10085	0.09601	0.5	39434	3786	37541	234615	5.95
2010-2014	88	0.11387	0.10773	0.5	35648	3841	33728	197074	5.53
2010-2014	89	0.12796	0.12027	0.5	31808	3825	29895	163346	5.14
2010-2014	90	0.14366	0.13403	0.5	27982	3751	26107	133451	4.77
2010-2014	91	0.15972	0.14791	0.5	24232	3584	22440	107344	4.43
2010-2014	92	0.17953	0.16474	0.5	20648	3401	18947	84904	4.11
2010-2014	93	0.19858	0.18065	0.5	17246	3115	15688	65958	3.82
2010-2014	94	0.22281	0.20048	0.5	14131	2833	12714	50269	3.56
2010-2014	95	0.23961	0.21397	0.5	11298	2417	10089	37555	3.32
2010-2014	96	0.26386	0.23310	0.5	8880	2070	7845	27466	3.09
2010-2014	97	0.28964	0.25300	0.5	6810	1723	5949	19620	2.88
2010-2014	98	0.31688	0.27354	0.5	5087	1392	4392	13672	2.69
2010-2014	99	0.34546	0.29458	0.5	3696	1089	3151	9280	2.51
2010-2014	100	0.37523	0.31595	0.5	2607	824	2195	6129	2.35
2010-2014	101	0.40600	0.33749	0.5	1783	602	1482	3934	2.21
2010-2014	102	0.43755	0.35901	0.5	1181	424	969	2451	2.07
2010-2014	103	0.46965	0.38034	0.5	757	288	613	1482	1.96
2010-2014	104	0.50203	0.40130	0.5	469	188	375	868	1.85
2010-2014	105	0.53442	0.42173	0.5	281	118	222	493	1.76
2010-2014	106	0.56656	0.44149	0.5	162	72	127	272	1.67
2010-2014	107	0.59817	0.46046	0.5	91	42	70	145	1.60
2010-2014	108	0.62902	0.47852	0.5	49	23	37	75	1.54
2010-2014	109	0.65887	0.49560	0.5	26	13	19	38	1.49
2010-2014	110+	0.68754	1.00000	1.45	13	13	19	19	1.45
2015-2019	0	0.00430	0.00429	0.06	100000	429	99597	8065465	80.65
2015-2019	1	0.00030	0.00030	0.5	99571	30	99556	7965868	80.00
2015-2019	2	0.00018	0.00018	0.5	99541	18	99532	7866311	79.03
2015-2019	3	0.00015	0.00015	0.5	99524	15	99516	7766779	78.04
2015-2019	4	0.00011	0.00011	0.5	99509	11	99504	7667263	77.05
2015-2019	5	0.00010	0.00010	0.5	99498	10	99493	7567759	76.06
2015-2019	6	0.00010	0.00010	0.5	99489	10	99484	7468266	75.07
2015-2019	7	0.00009	0.00009	0.5	99479	9	99474	7368782	74.07
2015-2019	8	0.00009	0.00009	0.5	99470	9	99465	7269308	73.08
2015-2019	9	0.00009	0.00009	0.5	99461	9	99457	7169843	72.09
2015-2019	10	0.00009	0.00009	0.5	99452	9	99448	7070386	71.09
2015-2019	11	0.00010	0.00010	0.5	99443	10	99438	6970938	70.10
2015-2019	12	0.00011	0.00011	0.5	99433	11	99428	6871500	69.11
2015-2019	13	0.00013	0.00013	0.5	99422	13	99416	6772072	68.11
2015-2019	14	0.00017	0.00017	0.5	99409	17	99401	6672657	67.12
2015-2019	15	0.00023	0.00023	0.5	99393	23	99381	6573256	66.13
2015-2019	16	0.00029	0.00029	0.5	99370	29	99355	6473874	65.15
2015-2019	17	0.00039	0.00039	0.5	99341	38	99321	6374519	64.17
2015-2019	18	0.00052	0.00052	0.5	99302	52	99276	6275198	63.19
2015-2019	19	0.00063	0.00063	0.5	99250	63	99219	6175922	62.23
2015-2019	20	0.00069	0.00069	0.5	99188	68	99154	6076702	61.26
2015-2019	21	0.00077	0.00077	0.5	99120	77	99081	5977549	60.31
2015-2019	22	0.00078	0.00078	0.5	99043	77	99005	5878467	59.35
2015-2019	23	0.00075	0.00075	0.5	98966	74	98929	5779463	58.40
2015-2019	24	0.00077	0.00077	0.5	98892	76	98854	5680534	57.44
2015-2019	25	0.00080	0.00080	0.5	98815	79	98776	5581680	56.49
2015-2019	26	0.00080	0.00080	0.5	98736	79	98697	5482904	55.53
2015-2019	27	0.00086	0.00086	0.5	98657	85	98615	5384207	54.57
2015-2019	28	0.00085	0.00085	0.5	98572	84	98530	5285593	53.62
2015-2019	29	0.00088	0.00088	0.5	98488	87	98445	5187062	52.67
2015-2019	30	0.00091	0.00091	0.5	98402	90	98357	5088617	51.71
2015-2019	31	0.00094	0.00094	0.5	98312	93	98266	4990261	50.76
2015-2019	32	0.00098	0.00098	0.5	98219	96	98171	4891995	49.81
2015-2019	33	0.00102	0.00102	0.5	98123	100	98074	4793823	48.86
2015-2019	34	0.00106	0.00106	0.5	98024	104	97972	4695750	47.90
2015-2019	35	0.00114	0.00114	0.5	97920	111	97864	4597778	46.95
2015-2019	36	0.00120	0.00120	0.5	97809	118	97750	4499914	46.01
2015-2019	37	0.00126	0.00126	0.5	97691	123	97629	4402164	45.06
2015-2019	38	0.00132	0.00132	0.5	97568	129	97503	4304535	44.12
2015-2019	39	0.00136	0.00136	0.5	97439	133	97373	4207031	43.18
2015-2019	40	0.00147	0.00147	0.5	97306	143	97235	4109659	42.23
2015-2019	41	0.00146	0.00146	0.5	97163	142	97092	4012424	41.30
2015-2019	42	0.00161	0.00161	0.5	97021	156	96943	3915332	40.36
2015-2019	43	0.00171	0.00171	0.5	96865	165	96783	3818388	39.42
2015-2019	44	0.00185	0.00185	0.5	96700	179	96610	3721606	38.49
2015-2019	45	0.00209	0.00209	0.5	96521	201	96420	3624995	37.56
2015-2019	46	0.00222	0.00222	0.5	96319	214	96213	3528575	36.63
2015-2019	47	0.00243	0.00242	0.5	96106	233	95989	3432362	35.71
2015-2019	48	0.00269	0.00268	0.5	95873	257	95744	3336373	34.80
2015-2019	49	0.00297	0.00296	0.5	95615	283	95474	3240629	33.89
2015-2019	50	0.00326	0.00326	0.5	95332	311	95177	3145156	32.99
2015-2019	51	0.00358	0.00358	0.5	95021	340	94851	3049979	32.10
2015-2019	52	0.00391	0.00391	0.5	94681	370	94496	2955127	31.21
2015-2019	53	0.00422	0.00421	0.5	94311	397	94113	2860631	30.33
2015-2019	54	0.00471	0.00470	0.5	93914	441	93694	2766518	29.46
2015-2019	55	0.00516	0.00515	0.5	93474	481	93233	2672824	28.59
2015-2019	56	0.00557	0.00556	0.5	92992	517	92734	2579591	27.74
2015-2019	57	0.00605	0.00603	0.5	92475	558	92196	2486857	26.89
2015-2019	58	0.00652	0.00649	0.5	91917	597	91619	2394661	26.05
2015-2019	59	0.00709	0.00707	0.5	91320	646	90998	2303042	25.22
2015-2019	60	0.00760	0.00758	0.5	90675	687	90331	2212045	24.40
2015-2019	61	0.00834	0.00831	0.5	89988	747	89614	2121713	23.58
2015-2019	62	0.00889	0.00885	0.5	89240	790	88846	2032099	22.77
2015-2019	63	0.00955	0.00950	0.5	88451	840	88030	1943253	21.97
2015-2019	64	0.01018	0.01013	0.5	87610	887	87167	1855223	21.18
2015-2019	65	0.01096	0.01090	0.5	86723	946	86250	1768056	20.39
2015-2019	66	0.01163	0.01156	0.5	85777	991	85282	1681806	19.61
2015-2019	67	0.01251	0.01243	0.5	84786	1054	84259	1596525	18.83
2015-2019	68	0.01363	0.01354	0.5	83732	1134	83165	1512266	18.06
2015-2019	69	0.01453	0.01442	0.5	82598	1191	82002	1429101	17.30
2015-2019	70	0.01588	0.01575	0.5	81407	1282	80766	1347098	16.55
2015-2019	71	0.01736	0.01721	0.5	80125	1379	79435	1266332	15.80
2015-2019	72	0.01904	0.01886	0.5	78746	1485	78003	1186897	15.07
2015-2019	73	0.02056	0.02035	0.5	77261	1572	76474	1108894	14.35
2015-2019	74	0.02291	0.02265	0.5	75688	1714	74831	1032420	13.64
2015-2019	75	0.02537	0.02505	0.5	73974	1853	73048	957588	12.94
2015-2019	76	0.02762	0.02725	0.5	72121	1965	71139	884541	12.26
2015-2019	77	0.03061	0.03015	0.5	70156	2115	69099	813402	11.59
2015-2019	78	0.03368	0.03312	0.5	68041	2254	66914	744303	10.94
2015-2019	79	0.03783	0.03713	0.5	65788	2443	64566	677389	10.30
2015-2019	80	0.04402	0.04307	0.5	63345	2728	61981	612822	9.67
2015-2019	81	0.04906	0.04788	0.5	60617	2902	59165	550842	9.09
2015-2019	82	0.05525	0.05377	0.5	57714	3103	56163	491676	8.52
2015-2019	83	0.06189	0.06003	0.5	54611	3278	52972	435514	7.97
2015-2019	84	0.06963	0.06729	0.5	51333	3454	49606	382542	7.45
2015-2019	85	0.07782	0.07491	0.5	47879	3587	46085	332936	6.95
2015-2019	86	0.08734	0.08369	0.5	44292	3707	42439	286851	6.48
2015-2019	87	0.09800	0.09342	0.5	40585	3791	38690	244412	6.02
2015-2019	88	0.11117	0.10531	0.5	36794	3875	34856	205723	5.59
2015-2019	89	0.12367	0.11647	0.5	32919	3834	31002	170866	5.19
2015-2019	90	0.14087	0.13160	0.5	29085	3828	27171	139864	4.81
2015-2019	91	0.15805	0.14648	0.5	25257	3700	23408	112693	4.46
2015-2019	92	0.17652	0.16221	0.5	21558	3497	19809	89285	4.14
2015-2019	93	0.19701	0.17934	0.5	18061	3239	16441	69476	3.85
2015-2019	94	0.21639	0.19526	0.5	14822	2894	13375	53034	3.58
2015-2019	95	0.23837	0.21298	0.5	11928	2540	10658	39660	3.33
2015-2019	96	0.26311	0.23252	0.5	9387	2183	8296	29002	3.09
2015-2019	97	0.28945	0.25286	0.5	7205	1822	6294	20706	2.87
2015-2019	98	0.31732	0.27387	0.5	5383	1474	4646	14412	2.68
2015-2019	99	0.34659	0.29540	0.5	3909	1155	3331	9767	2.50
2015-2019	100	0.37708	0.31727	0.5	2754	874	2317	6435	2.34
2015-2019	101	0.40861	0.33929	0.5	1880	638	1561	4118	2.19
2015-2019	102	0.44093	0.36128	0.5	1242	449	1018	2557	2.06
2015-2019	103	0.47379	0.38305	0.5	793	304	642	1539	1.94
2015-2019	104	0.50690	0.40441	0.5	490	198	391	897	1.83
2015-2019	105	0.53998	0.42519	0.5	292	124	230	507	1.74
2015-2019	106	0.57275	0.44524	0.5	168	75	130	277	1.65
2015-2019	107	0.60491	0.46444	0.5	93	43	71	147	1.58
2015-2019	108	0.63621	0.48267	0.5	50	24	38	76	1.52
2015-2019	109	0.66643	0.49987	0.5	26	13	19	38	1.47
2015-2019	110+	0.69536	1.00000	1.44	13	13	19	19	1.44
2020-2022	0	0.00409	0.00407	0.06	100000	407	99617	7902313	79.02
2020-2022	1	0.00030	0.00030	0.5	99593	30	99578	7802696	78.35
2020-2022	2	0.00019	0.00019	0.5	99563	19	99553	7703118	77.37
2020-2022	3	0.00015	0.00015	0.5	99544	15	99537	7603565	76.38
2020-2022	4	0.00010	0.00010	0.5	99529	10	99524	7504028	75.40
2020-2022	5	0.00010	0.00010	0.5	99519	10	99514	7404504	74.40
2020-2022	6	0.00009	0.00009	0.5	99509	9	99504	7304990	73.41
2020-2022	7	0.00008	0.00008	0.5	99500	8	99496	7205486	72.42
2020-2022	8	0.00009	0.00009	0.5	99491	9	99487	7105990	71.42
2020-2022	9	0.00009	0.00009	0.5	99482	9	99477	7006504	70.43
2020-2022	10	0.00009	0.00009	0.5	99473	9	99468	6907026	69.44
2020-2022	11	0.00009	0.00009	0.5	99464	9	99459	6807558	68.44
2020-2022	12	0.00012	0.00012	0.5	99455	12	99449	6708099	67.45
2020-2022	13	0.00015	0.00015	0.5	99443	15	99435	6608650	66.46
2020-2022	14	0.00021	0.00021	0.5	99428	21	99418	6509215	65.47
2020-2022	15	0.00027	0.00027	0.5	99407	27	99394	6409797	64.48
2020-2022	16	0.00035	0.00035	0.5	99381	35	99363	6310403	63.50
2020-2022	17	0.00047	0.00047	0.5	99346	47	99323	6211040	62.52
2020-2022	18	0.00065	0.00065	0.5	99299	65	99267	6111717	61.55
2020-2022	19	0.00079	0.00079	0.5	99235	78	99195	6012450	60.59
2020-2022	20	0.00085	0.00085	0.5	99156	85	99114	5913254	59.64
2020-2022	21	0.00092	0.00092	0.5	99072	91	99026	5814141	58.69
2020-2022	22	0.00098	0.00098	0.5	98981	97	98932	5715115	57.74
2020-2022	23	0.00103	0.00103	0.5	98883	102	98833	5616183	56.80
2020-2022	24	0.00105	0.00105	0.5	98782	104	98730	5517350	55.85
2020-2022	25	0.00112	0.00112	0.5	98678	110	98622	5418620	54.91
2020-2022	26	0.00114	0.00114	0.5	98567	112	98511	5319998	53.97
2020-2022	27	0.00120	0.00120	0.5	98455	118	98396	5221487	53.03
2020-2022	28	0.00125	0.00125	0.5	98337	123	98275	5123091	52.10
2020-2022	29	0.00135	0.00135	0.5	98214	133	98147	5024816	51.16
2020-2022	30	0.00143	0.00143	0.5	98081	140	98011	4926668	50.23
2020-2022	31	0.00141	0.00141	0.5	97941	138	97871	4828657	49.30
2020-2022	32	0.00149	0.00149	0.5	97802	145	97730	4730786	48.37
2020-2022	33	0.00160	0.00160	0.5	97657	157	97579	4633056	47.44
2020-2022	34	0.00158	0.00158	0.5	97501	154	97424	4535477	46.52
2020-2022	35	0.00163	0.00162	0.5	97347	158	97268	4438054	45.59
2020-2022	36	0.00175	0.00175	0.5	97189	170	97104	4340786	44.66
2020-2022	37	0.00184	0.00184	0.5	97019	179	96930	4243682	43.74
2020-2022	38	0.00184	0.00184	0.5	96840	178	96751	4146753	42.82
2020-2022	39	0.00204	0.00204	0.5	96662	197	96564	4050001	41.90
2020-2022	40	0.00216	0.00216	0.5	96465	208	96361	3953438	40.98
2020-2022	41	0.00221	0.00220	0.5	96257	212	96151	3857077	40.07
2020-2022	42	0.00232	0.00232	0.5	96045	222	95934	3760926	39.16
2020-2022	43	0.00248	0.00247	0.5	95822	237	95704	3664992	38.25
2020-2022	44	0.00263	0.00263	0.5	95585	251	95460	3569288	37.34
2020-2022	45	0.00275	0.00275	0.5	95334	262	95203	3473828	36.44
2020-2022	46	0.00295	0.00294	0.5	95072	280	94932	3378625	35.54
2020-2022	47	0.00314	0.00314	0.5	94793	297	94644	3283693	34.64
2020-2022	48	0.00339	0.00338	0.5	94495	320	94335	3189049	33.75
2020-2022	49	0.00366	0.00365	0.5	94175	344	94004	3094714	32.86
2020-2022	50	0.00402	0.00401	0.5	93832	376	93644	3000710	31.98
2020-2022	51	0.00434	0.00433	0.5	93456	404	93254	2907066	31.11
2020-2022	52	0.00467	0.00466	0.5	93051	433	92835	2813813	30.24
2020-2022	53	0.00509	0.00508	0.5	92618	470	92383	2720978	29.38
2020-2022	54	0.00560	0.00558	0.5	92148	514	91891	2628595	28.53
2020-2022	55	0.00591	0.00589	0.5	91633	540	91363	2536705	27.68
2020-2022	56	0.00653	0.00651	0.5	91093	593	90797	2445341	26.84
2020-2022	57	0.00713	0.00710	0.5	90501	643	90179	2354544	26.02
2020-2022	58	0.00759	0.00756	0.5	89858	679	89518	2264365	25.20
2020-2022	59	0.00821	0.00818	0.5	89179	729	88814	2174846	24.39
2020-2022	60	0.00912	0.00908	0.5	88449	803	88048	2086032	23.58
2020-2022	61	0.00987	0.00982	0.5	87646	861	87216	1997984	22.80
2020-2022	62	0.01035	0.01030	0.5	86786	894	86339	1910768	22.02
2020-2022	63	0.01131	0.01125	0.5	85892	966	85409	1824429	21.24
2020-2022	64	0.01216	0.01209	0.5	84926	1027	84413	1739020	20.48
2020-2022	65	0.01285	0.01277	0.5	83899	1071	83364	1654607	19.72
2020-2022	66	0.01358	0.01349	0.5	82828	1117	82269	1571244	18.97
2020-2022	67	0.01470	0.01459	0.5	81711	1192	81114	1488974	18.22
2020-2022	68	0.01549	0.01537	0.5	80518	1238	79899	1407860	17.48
2020-2022	69	0.01675	0.01661	0.5	79281	1317	78622	1327960	16.75
2020-2022	70	0.01801	0.01785	0.5	77964	1391	77268	1249338	16.02
2020-2022	71	0.01916	0.01898	0.5	76573	1454	75846	1172070	15.31
2020-2022	72	0.02103	0.02081	0.5	75119	1563	74338	1096224	14.59
2020-2022	73	0.02303	0.02277	0.5	73556	1675	72719	1021886	13.89
2020-2022	74	0.02519	0.02488	0.5	71881	1788	70987	949168	13.20
2020-2022	75	0.02796	0.02758	0.5	70093	1933	69127	878181	12.53
2020-2022	76	0.03015	0.02971	0.5	68160	2025	67148	809054	11.87
2020-2022	77	0.03463	0.03404	0.5	66135	2251	65010	741906	11.22
2020-2022	78	0.03811	0.03740	0.5	63884	2389	62690	676896	10.60
2020-2022	79	0.04203	0.04117	0.5	61495	2532	60230	614206	9.99
2020-2022	80	0.04671	0.04564	0.5	58964	2691	57618	553977	9.40
2020-2022	81	0.05173	0.05043	0.5	56273	2838	54854	496359	8.82
2020-2022	82	0.05863	0.05696	0.5	53435	3044	51913	441505	8.26
2020-2022	83	0.06568	0.06359	0.5	50391	3204	48789	389591	7.73
2020-2022	84	0.07323	0.07064	0.5	47187	3334	45520	340802	7.22
2020-2022	85	0.08288	0.07959	0.5	43854	3490	42108	295282	6.73
2020-2022	86	0.09237	0.08829	0.5	40363	3564	38582	253174	6.27
2020-2022	87	0.10405	0.09891	0.5	36800	3640	34980	214592	5.83
2020-2022	88	0.11645	0.11004	0.5	33160	3649	31335	179612	5.42
2020-2022	89	0.13111	0.12305	0.5	29511	3631	27695	148277	5.02
2020-2022	90	0.14785	0.13767	0.5	25880	3563	24098	120581	4.66
2020-2022	91	0.16537	0.15274	0.5	22317	3409	20612	96483	4.32
2020-2022	92	0.18522	0.16952	0.5	18908	3205	17305	75870	4.01
2020-2022	93	0.20504	0.18597	0.5	15703	2920	14243	58565	3.73
2020-2022	94	0.22741	0.20419	0.5	12783	2610	11478	44322	3.47
2020-2022	95	0.24816	0.22077	0.5	10172	2246	9050	32845	3.23
2020-2022	96	0.27348	0.24058	0.5	7927	1907	6973	23795	3.00
2020-2022	97	0.30037	0.26115	0.5	6020	1572	5234	16822	2.79
2020-2022	98	0.32872	0.28232	0.5	4448	1256	3820	11588	2.61
2020-2022	99	0.35841	0.30395	0.5	3192	970	2707	7769	2.43
2020-2022	100	0.38926	0.32584	0.5	2222	724	1860	5062	2.28
2020-2022	101	0.42105	0.34782	0.5	1498	521	1237	3202	2.14
2020-2022	102	0.45354	0.36970	0.5	977	361	796	1965	2.01
2020-2022	103	0.48646	0.39129	0.5	616	241	495	1168	1.90
2020-2022	104	0.51953	0.41240	0.5	375	155	298	673	1.80
2020-2022	105	0.55247	0.43289	0.5	220	95	173	375	1.70
2020-2022	106	0.58498	0.45260	0.5	125	57	97	203	1.62
2020-2022	107	0.61680	0.47142	0.5	68	32	52	106	1.55
2020-2022	108	0.64768	0.48924	0.5	36	18	27	54	1.49
2020-2022	109	0.67740	0.50602	0.5	18	9	14	27	1.45
2020-2022	110+	0.70578	1.00000	1.42	9	9	13	13	1.42
