Div9: Div9, Lifetables (period 1x5), Females Last modified: February 4 2025, MPv5 (May07) 

Year     	Age	mx	qx	ax	lx	dx	Lx	Tx	ex
1960-1964	0	0.01980	0.01945	0.11	100000	1945	98266	7476820	74.77
1960-1964	1	0.00133	0.00133	0.5	98055	130	97990	7378555	75.25
1960-1964	2	0.00083	0.00083	0.5	97924	82	97884	7280565	74.35
1960-1964	3	0.00063	0.00063	0.5	97843	61	97812	7182681	73.41
1960-1964	4	0.00055	0.00055	0.5	97782	54	97755	7084869	72.46
1960-1964	5	0.00046	0.00046	0.5	97728	45	97705	6987115	71.50
1960-1964	6	0.00038	0.00038	0.5	97683	37	97664	6889409	70.53
1960-1964	7	0.00035	0.00035	0.5	97646	34	97629	6791745	69.55
1960-1964	8	0.00030	0.00030	0.5	97612	29	97597	6694116	68.58
1960-1964	9	0.00026	0.00026	0.5	97582	25	97570	6596519	67.60
1960-1964	10	0.00026	0.00026	0.5	97557	26	97544	6498950	66.62
1960-1964	11	0.00027	0.00027	0.5	97532	26	97519	6401405	65.63
1960-1964	12	0.00027	0.00027	0.5	97506	26	97493	6303887	64.65
1960-1964	13	0.00028	0.00028	0.5	97480	28	97466	6206394	63.67
1960-1964	14	0.00032	0.00032	0.5	97452	31	97437	6108928	62.69
1960-1964	15	0.00035	0.00035	0.5	97421	34	97404	6011492	61.71
1960-1964	16	0.00046	0.00046	0.5	97387	45	97364	5914088	60.73
1960-1964	17	0.00055	0.00055	0.5	97342	54	97315	5816724	59.76
1960-1964	18	0.00059	0.00059	0.5	97288	58	97259	5719409	58.79
1960-1964	19	0.00063	0.00063	0.5	97230	62	97199	5622149	57.82
1960-1964	20	0.00063	0.00062	0.5	97169	61	97138	5524950	56.86
1960-1964	21	0.00074	0.00074	0.5	97108	72	97072	5427812	55.89
1960-1964	22	0.00070	0.00070	0.5	97036	68	97002	5330740	54.94
1960-1964	23	0.00077	0.00077	0.5	96968	75	96931	5233738	53.97
1960-1964	24	0.00074	0.00074	0.5	96894	71	96858	5136807	53.01
1960-1964	25	0.00078	0.00078	0.5	96822	76	96784	5039949	52.05
1960-1964	26	0.00072	0.00072	0.5	96746	70	96711	4943165	51.09
1960-1964	27	0.00089	0.00089	0.5	96676	86	96634	4846453	50.13
1960-1964	28	0.00081	0.00081	0.5	96591	78	96552	4749820	49.17
1960-1964	29	0.00084	0.00084	0.5	96513	81	96472	4653268	48.21
1960-1964	30	0.00103	0.00103	0.5	96431	99	96382	4556796	47.25
1960-1964	31	0.00106	0.00106	0.5	96332	102	96281	4460414	46.30
1960-1964	32	0.00113	0.00112	0.5	96230	108	96176	4364133	45.35
1960-1964	33	0.00123	0.00123	0.5	96122	118	96063	4267957	44.40
1960-1964	34	0.00126	0.00126	0.5	96004	121	95943	4171895	43.46
1960-1964	35	0.00143	0.00143	0.5	95883	137	95814	4075952	42.51
1960-1964	36	0.00147	0.00147	0.5	95745	140	95675	3980138	41.57
1960-1964	37	0.00174	0.00173	0.5	95605	166	95522	3884463	40.63
1960-1964	38	0.00179	0.00178	0.5	95439	170	95354	3788941	39.70
1960-1964	39	0.00204	0.00204	0.5	95269	194	95172	3693587	38.77
1960-1964	40	0.00214	0.00214	0.5	95074	203	94973	3598415	37.85
1960-1964	41	0.00222	0.00221	0.5	94871	210	94766	3503442	36.93
1960-1964	42	0.00264	0.00264	0.5	94661	250	94536	3408676	36.01
1960-1964	43	0.00289	0.00289	0.5	94411	273	94275	3314140	35.10
1960-1964	44	0.00312	0.00311	0.5	94139	293	93992	3219865	34.20
1960-1964	45	0.00339	0.00338	0.5	93846	318	93687	3125872	33.31
1960-1964	46	0.00370	0.00369	0.5	93528	345	93356	3032185	32.42
1960-1964	47	0.00410	0.00409	0.5	93183	381	92993	2938829	31.54
1960-1964	48	0.00445	0.00444	0.5	92802	412	92596	2845837	30.67
1960-1964	49	0.00478	0.00476	0.5	92390	440	92170	2753240	29.80
1960-1964	50	0.00516	0.00514	0.5	91950	473	91714	2661070	28.94
1960-1964	51	0.00557	0.00556	0.5	91477	508	91223	2569356	28.09
1960-1964	52	0.00594	0.00592	0.5	90969	538	90700	2478133	27.24
1960-1964	53	0.00673	0.00671	0.5	90431	607	90127	2387433	26.40
1960-1964	54	0.00693	0.00690	0.5	89824	620	89514	2297306	25.58
1960-1964	55	0.00718	0.00715	0.5	89204	638	88885	2207792	24.75
1960-1964	56	0.00790	0.00787	0.5	88566	697	88217	2118908	23.92
1960-1964	57	0.00853	0.00850	0.5	87869	747	87495	2030690	23.11
1960-1964	58	0.00899	0.00895	0.5	87122	779	86732	1943195	22.30
1960-1964	59	0.00982	0.00978	0.5	86343	844	85921	1856463	21.50
1960-1964	60	0.01047	0.01041	0.5	85499	890	85054	1770542	20.71
1960-1964	61	0.01118	0.01112	0.5	84608	941	84138	1685488	19.92
1960-1964	62	0.01279	0.01271	0.5	83667	1063	83136	1601350	19.14
1960-1964	63	0.01363	0.01354	0.5	82604	1119	82045	1518215	18.38
1960-1964	64	0.01501	0.01490	0.5	81485	1214	80878	1436170	17.62
1960-1964	65	0.01665	0.01651	0.5	80271	1325	79609	1355292	16.88
1960-1964	66	0.01762	0.01746	0.5	78946	1379	78257	1275683	16.16
1960-1964	67	0.01943	0.01924	0.5	77567	1493	76821	1197426	15.44
1960-1964	68	0.02134	0.02112	0.5	76075	1606	75271	1120605	14.73
1960-1964	69	0.02295	0.02269	0.5	74468	1690	73623	1045334	14.04
1960-1964	70	0.02601	0.02568	0.5	72778	1869	71844	971711	13.35
1960-1964	71	0.02765	0.02727	0.5	70909	1934	69943	899867	12.69
1960-1964	72	0.03194	0.03143	0.5	68976	2168	67892	829924	12.03
1960-1964	73	0.03507	0.03447	0.5	66808	2303	65656	762033	11.41
1960-1964	74	0.03890	0.03816	0.5	64505	2462	63274	696377	10.80
1960-1964	75	0.04435	0.04338	0.5	62043	2692	60697	633103	10.20
1960-1964	76	0.04790	0.04678	0.5	59352	2776	57963	572405	9.64
1960-1964	77	0.05193	0.05061	0.5	56575	2863	55143	514442	9.09
1960-1964	78	0.05924	0.05754	0.5	53712	3091	52166	459298	8.55
1960-1964	79	0.06473	0.06270	0.5	50621	3174	49034	407132	8.04
1960-1964	80	0.07313	0.07055	0.5	47447	3347	45773	358098	7.55
1960-1964	81	0.07732	0.07444	0.5	44100	3283	42458	312325	7.08
1960-1964	82	0.08905	0.08525	0.5	40817	3480	39077	269866	6.61
1960-1964	83	0.10090	0.09605	0.5	37337	3586	35544	230790	6.18
1960-1964	84	0.11328	0.10721	0.5	33751	3618	31941	195246	5.78
1960-1964	85	0.12186	0.11486	0.5	30132	3461	28402	163304	5.42
1960-1964	86	0.13625	0.12756	0.5	26671	3402	24970	134903	5.06
1960-1964	87	0.15541	0.14420	0.5	23269	3355	21591	109932	4.72
1960-1964	88	0.16751	0.15457	0.5	19914	3078	18375	88341	4.44
1960-1964	89	0.17919	0.16445	0.5	16836	2769	15451	69967	4.16
1960-1964	90	0.20400	0.18512	0.5	14067	2604	12765	54515	3.88
1960-1964	91	0.21566	0.19467	0.5	11463	2231	10347	41750	3.64
1960-1964	92	0.23970	0.21405	0.5	9231	1976	8243	31403	3.40
1960-1964	93	0.25709	0.22781	0.5	7255	1653	6429	23160	3.19
1960-1964	94	0.27751	0.24370	0.5	5603	1365	4920	16731	2.99
1960-1964	95	0.30746	0.26649	0.5	4237	1129	3673	11811	2.79
1960-1964	96	0.33260	0.28518	0.5	3108	886	2665	8138	2.62
1960-1964	97	0.35874	0.30418	0.5	2222	676	1884	5473	2.46
1960-1964	98	0.38574	0.32337	0.5	1546	500	1296	3589	2.32
1960-1964	99	0.41347	0.34263	0.5	1046	358	867	2293	2.19
1960-1964	100	0.44175	0.36183	0.5	688	249	563	1427	2.07
1960-1964	101	0.47042	0.38084	0.5	439	167	355	863	1.97
1960-1964	102	0.49929	0.39954	0.5	272	109	217	508	1.87
1960-1964	103	0.52815	0.41782	0.5	163	68	129	291	1.78
1960-1964	104	0.55684	0.43557	0.5	95	41	74	162	1.70
1960-1964	105	0.58514	0.45270	0.5	54	24	41	87	1.63
1960-1964	106	0.61290	0.46913	0.5	29	14	22	46	1.57
1960-1964	107	0.63994	0.48482	0.5	16	8	12	24	1.51
1960-1964	108	0.66613	0.49970	0.5	8	4	6	12	1.46
1960-1964	109	0.69132	0.51374	0.5	4	2	3	6	1.42
1960-1964	110+	0.71543	1.00000	1.4	2	2	3	3	1.40
1965-1969	0	0.01732	0.01705	0.1	100000	1705	98468	7520396	75.20
1965-1969	1	0.00120	0.00120	0.5	98295	118	98236	7421928	75.51
1965-1969	2	0.00076	0.00076	0.5	98177	75	98139	7323692	74.60
1965-1969	3	0.00058	0.00058	0.5	98102	56	98074	7225553	73.65
1965-1969	4	0.00052	0.00052	0.5	98045	51	98020	7127480	72.70
1965-1969	5	0.00045	0.00045	0.5	97995	44	97973	7029460	71.73
1965-1969	6	0.00036	0.00036	0.5	97951	35	97933	6931487	70.76
1965-1969	7	0.00033	0.00033	0.5	97916	32	97899	6833554	69.79
1965-1969	8	0.00032	0.00032	0.5	97883	32	97867	6735654	68.81
1965-1969	9	0.00027	0.00027	0.5	97851	26	97838	6637787	67.84
1965-1969	10	0.00024	0.00024	0.5	97825	24	97813	6539948	66.85
1965-1969	11	0.00027	0.00027	0.5	97802	26	97788	6442135	65.87
1965-1969	12	0.00029	0.00029	0.5	97775	29	97761	6344347	64.89
1965-1969	13	0.00032	0.00032	0.5	97747	31	97731	6246586	63.91
1965-1969	14	0.00034	0.00034	0.5	97716	33	97699	6148855	62.93
1965-1969	15	0.00043	0.00043	0.5	97683	42	97662	6051156	61.95
1965-1969	16	0.00048	0.00048	0.5	97641	47	97617	5953494	60.97
1965-1969	17	0.00061	0.00061	0.5	97594	60	97564	5855877	60.00
1965-1969	18	0.00070	0.00070	0.5	97534	68	97500	5758313	59.04
1965-1969	19	0.00074	0.00074	0.5	97466	72	97430	5660813	58.08
1965-1969	20	0.00072	0.00072	0.5	97394	70	97359	5563384	57.12
1965-1969	21	0.00068	0.00068	0.5	97324	66	97291	5466025	56.16
1965-1969	22	0.00073	0.00073	0.5	97258	71	97222	5368734	55.20
1965-1969	23	0.00072	0.00072	0.5	97186	70	97151	5271512	54.24
1965-1969	24	0.00073	0.00073	0.5	97116	71	97081	5174361	53.28
1965-1969	25	0.00079	0.00079	0.5	97045	77	97007	5077280	52.32
1965-1969	26	0.00083	0.00083	0.5	96968	80	96928	4980273	51.36
1965-1969	27	0.00083	0.00083	0.5	96888	80	96848	4883345	50.40
1965-1969	28	0.00089	0.00089	0.5	96808	86	96765	4786497	49.44
1965-1969	29	0.00094	0.00094	0.5	96722	90	96676	4689732	48.49
1965-1969	30	0.00092	0.00092	0.5	96631	89	96587	4593056	47.53
1965-1969	31	0.00105	0.00105	0.5	96542	101	96492	4496469	46.58
1965-1969	32	0.00125	0.00125	0.5	96441	120	96381	4399978	45.62
1965-1969	33	0.00125	0.00125	0.5	96321	120	96261	4303597	44.68
1965-1969	34	0.00136	0.00136	0.5	96201	131	96135	4207336	43.73
1965-1969	35	0.00141	0.00141	0.5	96070	135	96002	4111201	42.79
1965-1969	36	0.00151	0.00151	0.5	95934	145	95862	4015198	41.85
1965-1969	37	0.00163	0.00163	0.5	95789	156	95711	3919336	40.92
1965-1969	38	0.00184	0.00184	0.5	95633	176	95545	3823625	39.98
1965-1969	39	0.00207	0.00207	0.5	95457	197	95359	3728080	39.05
1965-1969	40	0.00220	0.00219	0.5	95260	209	95155	3632721	38.13
1965-1969	41	0.00235	0.00235	0.5	95051	224	94939	3537566	37.22
1965-1969	42	0.00258	0.00258	0.5	94827	245	94705	3442627	36.30
1965-1969	43	0.00289	0.00288	0.5	94583	273	94446	3347922	35.40
1965-1969	44	0.00309	0.00308	0.5	94310	291	94165	3253476	34.50
1965-1969	45	0.00347	0.00347	0.5	94019	326	93856	3159311	33.60
1965-1969	46	0.00370	0.00369	0.5	93693	346	93520	3065455	32.72
1965-1969	47	0.00389	0.00388	0.5	93347	362	93166	2971935	31.84
1965-1969	48	0.00438	0.00437	0.5	92985	407	92781	2878769	30.96
1965-1969	49	0.00471	0.00470	0.5	92578	435	92360	2785988	30.09
1965-1969	50	0.00518	0.00516	0.5	92143	476	91905	2693627	29.23
1965-1969	51	0.00548	0.00547	0.5	91667	501	91416	2601722	28.38
1965-1969	52	0.00588	0.00586	0.5	91166	534	90899	2510306	27.54
1965-1969	53	0.00651	0.00649	0.5	90632	588	90337	2419407	26.69
1965-1969	54	0.00701	0.00699	0.5	90043	629	89729	2329070	25.87
1965-1969	55	0.00741	0.00738	0.5	89414	660	89084	2239341	25.04
1965-1969	56	0.00812	0.00809	0.5	88754	718	88395	2150257	24.23
1965-1969	57	0.00863	0.00860	0.5	88036	757	87658	2061862	23.42
1965-1969	58	0.00944	0.00940	0.5	87279	820	86869	1974204	22.62
1965-1969	59	0.00976	0.00972	0.5	86459	840	86039	1887335	21.83
1965-1969	60	0.01073	0.01067	0.5	85619	914	85162	1801296	21.04
1965-1969	61	0.01129	0.01122	0.5	84705	951	84230	1716134	20.26
1965-1969	62	0.01287	0.01279	0.5	83755	1071	83219	1631904	19.48
1965-1969	63	0.01289	0.01281	0.5	82683	1059	82154	1548685	18.73
1965-1969	64	0.01425	0.01414	0.5	81625	1155	81047	1466531	17.97
1965-1969	65	0.01580	0.01568	0.5	80470	1262	79839	1385484	17.22
1965-1969	66	0.01721	0.01706	0.5	79208	1351	78533	1305645	16.48
1965-1969	67	0.01860	0.01843	0.5	77857	1435	77139	1227112	15.76
1965-1969	68	0.02056	0.02035	0.5	76422	1555	75644	1149973	15.05
1965-1969	69	0.02223	0.02199	0.5	74867	1646	74044	1074329	14.35
1965-1969	70	0.02495	0.02464	0.5	73220	1804	72318	1000285	13.66
1965-1969	71	0.02705	0.02669	0.5	71416	1906	70463	927967	12.99
1965-1969	72	0.03072	0.03026	0.5	69510	2103	68458	857504	12.34
1965-1969	73	0.03378	0.03322	0.5	67407	2239	66287	789046	11.71
1965-1969	74	0.03711	0.03643	0.5	65168	2374	63981	722759	11.09
1965-1969	75	0.04189	0.04103	0.5	62794	2577	61505	658778	10.49
1965-1969	76	0.04656	0.04550	0.5	60217	2740	58847	597273	9.92
1965-1969	77	0.05071	0.04946	0.5	57477	2843	56056	538426	9.37
1965-1969	78	0.05606	0.05453	0.5	54635	2979	53145	482370	8.83
1965-1969	79	0.06164	0.05980	0.5	51655	3089	50111	429225	8.31
1965-1969	80	0.06871	0.06643	0.5	48566	3226	46953	379114	7.81
1965-1969	81	0.07431	0.07165	0.5	45340	3248	43716	332161	7.33
1965-1969	82	0.08437	0.08095	0.5	42091	3407	40388	288445	6.85
1965-1969	83	0.09456	0.09029	0.5	38684	3493	36938	248057	6.41
1965-1969	84	0.10692	0.10150	0.5	35191	3572	33406	211120	6.00
1965-1969	85	0.11600	0.10964	0.5	31620	3467	29886	177714	5.62
1965-1969	86	0.13117	0.12310	0.5	28153	3466	26420	147828	5.25
1965-1969	87	0.14631	0.13633	0.5	24687	3366	23004	121408	4.92
1965-1969	88	0.15676	0.14537	0.5	21322	3099	19772	98403	4.62
1965-1969	89	0.17596	0.16173	0.5	18222	2947	16749	78632	4.32
1965-1969	90	0.18976	0.17332	0.5	15275	2647	13951	61883	4.05
1965-1969	91	0.20821	0.18858	0.5	12628	2381	11437	47932	3.80
1965-1969	92	0.21902	0.19740	0.5	10246	2023	9235	36495	3.56
1965-1969	93	0.25172	0.22358	0.5	8224	1839	7304	27260	3.31
1965-1969	94	0.26153	0.23129	0.5	6385	1477	5647	19955	3.13
1965-1969	95	0.29105	0.25408	0.5	4908	1247	4285	14309	2.92
1965-1969	96	0.31512	0.27223	0.5	3661	997	3163	10024	2.74
1965-1969	97	0.34022	0.29076	0.5	2665	775	2277	6861	2.57
1965-1969	98	0.36625	0.30956	0.5	1890	585	1597	4584	2.43
1965-1969	99	0.39308	0.32852	0.5	1305	429	1090	2987	2.29
1965-1969	100	0.42058	0.34750	0.5	876	304	724	1896	2.16
1965-1969	101	0.44858	0.36640	0.5	572	209	467	1172	2.05
1965-1969	102	0.47691	0.38508	0.5	362	139	292	705	1.95
1965-1969	103	0.50538	0.40344	0.5	223	90	178	413	1.85
1965-1969	104	0.53382	0.42136	0.5	133	56	105	235	1.77
1965-1969	105	0.56205	0.43875	0.5	77	34	60	130	1.69
1965-1969	106	0.58988	0.45553	0.5	43	20	33	70	1.62
1965-1969	107	0.61714	0.47161	0.5	23	11	18	37	1.56
1965-1969	108	0.64369	0.48696	0.5	12	6	9	19	1.51
1965-1969	109	0.66938	0.50152	0.5	6	3	5	9	1.47
1965-1969	110+	0.69410	1.00000	1.44	3	3	5	5	1.44
1970-1974	0	0.01404	0.01386	0.09	100000	1386	98742	7609166	76.09
1970-1974	1	0.00103	0.00103	0.5	98614	101	98564	7510424	76.16
1970-1974	2	0.00068	0.00067	0.5	98513	66	98480	7411860	75.24
1970-1974	3	0.00054	0.00054	0.5	98447	54	98420	7313381	74.29
1970-1974	4	0.00049	0.00049	0.5	98393	48	98369	7214961	73.33
1970-1974	5	0.00038	0.00038	0.5	98345	37	98326	7116592	72.36
1970-1974	6	0.00033	0.00033	0.5	98308	32	98292	7018266	71.39
1970-1974	7	0.00030	0.00030	0.5	98276	30	98261	6919974	70.41
1970-1974	8	0.00025	0.00025	0.5	98246	24	98234	6821713	69.43
1970-1974	9	0.00025	0.00025	0.5	98222	25	98210	6723479	68.45
1970-1974	10	0.00023	0.00023	0.5	98197	22	98186	6625269	67.47
1970-1974	11	0.00024	0.00024	0.5	98175	23	98164	6527082	66.48
1970-1974	12	0.00022	0.00022	0.5	98152	22	98141	6428919	65.50
1970-1974	13	0.00031	0.00031	0.5	98131	30	98115	6330777	64.51
1970-1974	14	0.00036	0.00036	0.5	98100	35	98083	6232662	63.53
1970-1974	15	0.00044	0.00044	0.5	98065	43	98044	6134579	62.56
1970-1974	16	0.00054	0.00054	0.5	98022	53	97996	6036535	61.58
1970-1974	17	0.00058	0.00058	0.5	97969	57	97940	5938539	60.62
1970-1974	18	0.00074	0.00074	0.5	97912	72	97876	5840599	59.65
1970-1974	19	0.00079	0.00079	0.5	97840	77	97801	5742723	58.70
1970-1974	20	0.00077	0.00076	0.5	97763	75	97726	5644922	57.74
1970-1974	21	0.00081	0.00081	0.5	97688	79	97649	5547196	56.78
1970-1974	22	0.00075	0.00075	0.5	97609	73	97573	5449547	55.83
1970-1974	23	0.00077	0.00077	0.5	97537	75	97499	5351974	54.87
1970-1974	24	0.00078	0.00078	0.5	97461	76	97423	5254476	53.91
1970-1974	25	0.00075	0.00075	0.5	97385	73	97349	5157052	52.96
1970-1974	26	0.00079	0.00079	0.5	97312	76	97274	5059703	51.99
1970-1974	27	0.00084	0.00084	0.5	97236	81	97195	4962429	51.03
1970-1974	28	0.00087	0.00087	0.5	97155	85	97112	4865234	50.08
1970-1974	29	0.00088	0.00088	0.5	97070	86	97027	4768122	49.12
1970-1974	30	0.00095	0.00095	0.5	96984	92	96938	4671095	48.16
1970-1974	31	0.00101	0.00101	0.5	96892	98	96843	4574157	47.21
1970-1974	32	0.00103	0.00103	0.5	96794	100	96744	4477314	46.26
1970-1974	33	0.00105	0.00105	0.5	96694	102	96643	4380570	45.30
1970-1974	34	0.00121	0.00121	0.5	96592	117	96534	4283927	44.35
1970-1974	35	0.00138	0.00138	0.5	96476	133	96409	4187393	43.40
1970-1974	36	0.00145	0.00145	0.5	96343	139	96273	4090984	42.46
1970-1974	37	0.00164	0.00164	0.5	96203	158	96125	3994710	41.52
1970-1974	38	0.00166	0.00166	0.5	96046	159	95966	3898586	40.59
1970-1974	39	0.00185	0.00185	0.5	95886	177	95798	3802620	39.66
1970-1974	40	0.00204	0.00204	0.5	95709	195	95612	3706822	38.73
1970-1974	41	0.00223	0.00222	0.5	95515	213	95408	3611210	37.81
1970-1974	42	0.00241	0.00240	0.5	95302	229	95187	3515801	36.89
1970-1974	43	0.00262	0.00262	0.5	95073	249	94948	3420614	35.98
1970-1974	44	0.00273	0.00273	0.5	94824	259	94694	3325666	35.07
1970-1974	45	0.00322	0.00322	0.5	94565	304	94413	3230972	34.17
1970-1974	46	0.00368	0.00367	0.5	94260	346	94087	3136559	33.28
1970-1974	47	0.00397	0.00396	0.5	93914	372	93729	3042472	32.40
1970-1974	48	0.00406	0.00406	0.5	93543	379	93353	2948743	31.52
1970-1974	49	0.00450	0.00449	0.5	93163	418	92954	2855390	30.65
1970-1974	50	0.00477	0.00476	0.5	92745	442	92524	2762436	29.79
1970-1974	51	0.00530	0.00528	0.5	92304	488	92060	2669912	28.93
1970-1974	52	0.00567	0.00565	0.5	91816	519	91556	2577852	28.08
1970-1974	53	0.00621	0.00619	0.5	91297	565	91014	2486296	27.23
1970-1974	54	0.00660	0.00657	0.5	90732	597	90434	2395281	26.40
1970-1974	55	0.00706	0.00704	0.5	90135	634	89818	2304847	25.57
1970-1974	56	0.00781	0.00778	0.5	89501	696	89153	2215029	24.75
1970-1974	57	0.00835	0.00831	0.5	88805	738	88436	2125876	23.94
1970-1974	58	0.00890	0.00886	0.5	88067	780	87677	2037440	23.14
1970-1974	59	0.01014	0.01008	0.5	87287	880	86846	1949763	22.34
1970-1974	60	0.01044	0.01038	0.5	86406	897	85958	1862917	21.56
1970-1974	61	0.01107	0.01100	0.5	85509	941	85039	1776959	20.78
1970-1974	62	0.01249	0.01242	0.5	84568	1050	84043	1691920	20.01
1970-1974	63	0.01317	0.01309	0.5	83518	1093	82972	1607877	19.25
1970-1974	64	0.01424	0.01414	0.5	82425	1166	81842	1524905	18.50
1970-1974	65	0.01567	0.01555	0.5	81260	1264	80628	1443063	17.76
1970-1974	66	0.01630	0.01617	0.5	79996	1294	79349	1362435	17.03
1970-1974	67	0.01755	0.01739	0.5	78703	1369	78018	1283086	16.30
1970-1974	68	0.01881	0.01863	0.5	77334	1441	76613	1205067	15.58
1970-1974	69	0.02073	0.02052	0.5	75893	1557	75114	1128454	14.87
1970-1974	70	0.02338	0.02311	0.5	74336	1718	73477	1053340	14.17
1970-1974	71	0.02551	0.02519	0.5	72618	1829	71703	979863	13.49
1970-1974	72	0.02847	0.02807	0.5	70789	1987	69795	908160	12.83
1970-1974	73	0.03087	0.03040	0.5	68802	2091	67756	838365	12.19
1970-1974	74	0.03418	0.03361	0.5	66710	2242	65589	770609	11.55
1970-1974	75	0.03881	0.03807	0.5	64468	2454	63241	705020	10.94
1970-1974	76	0.04253	0.04165	0.5	62014	2583	60723	641778	10.35
1970-1974	77	0.04679	0.04572	0.5	59431	2717	58073	581056	9.78
1970-1974	78	0.05227	0.05094	0.5	56714	2889	55270	522983	9.22
1970-1974	79	0.05735	0.05575	0.5	53826	3001	52325	467713	8.69
1970-1974	80	0.06405	0.06206	0.5	50825	3154	49248	415388	8.17
1970-1974	81	0.06888	0.06659	0.5	47670	3174	46083	366140	7.68
1970-1974	82	0.07688	0.07403	0.5	44496	3294	42849	320057	7.19
1970-1974	83	0.08698	0.08335	0.5	41202	3434	39485	277208	6.73
1970-1974	84	0.09696	0.09248	0.5	37768	3493	36021	237723	6.29
1970-1974	85	0.10838	0.10281	0.5	34275	3524	32513	201701	5.88
1970-1974	86	0.12137	0.11442	0.5	30751	3519	28992	169188	5.50
1970-1974	87	0.13422	0.12578	0.5	27233	3425	25520	140196	5.15
1970-1974	88	0.15072	0.14016	0.5	23807	3337	22139	114676	4.82
1970-1974	89	0.16033	0.14843	0.5	20471	3038	18951	92537	4.52
1970-1974	90	0.18002	0.16515	0.5	17432	2879	15993	73585	4.22
1970-1974	91	0.18911	0.17277	0.5	14553	2514	13296	57593	3.96
1970-1974	92	0.21108	0.19093	0.5	12039	2299	10890	44297	3.68
1970-1974	93	0.24010	0.21437	0.5	9740	2088	8696	33407	3.43
1970-1974	94	0.25449	0.22576	0.5	7652	1728	6788	24711	3.23
1970-1974	95	0.27698	0.24329	0.5	5925	1441	5204	17922	3.03
1970-1974	96	0.30070	0.26140	0.5	4483	1172	3897	12718	2.84
1970-1974	97	0.32554	0.27997	0.5	3311	927	2848	8821	2.66
1970-1974	98	0.35140	0.29888	0.5	2384	713	2028	5973	2.51
1970-1974	99	0.37816	0.31803	0.5	1672	532	1406	3945	2.36
1970-1974	100	0.40569	0.33727	0.5	1140	384	948	2540	2.23
1970-1974	101	0.43382	0.35649	0.5	756	269	621	1592	2.11
1970-1974	102	0.46238	0.37556	0.5	486	183	395	971	2.00
1970-1974	103	0.49119	0.39434	0.5	304	120	244	576	1.90
1970-1974	104	0.52007	0.41274	0.5	184	76	146	332	1.81
1970-1974	105	0.54881	0.43064	0.5	108	47	85	186	1.73
1970-1974	106	0.57722	0.44794	0.5	61	28	48	102	1.65
1970-1974	107	0.60514	0.46457	0.5	34	16	26	54	1.59
1970-1974	108	0.63238	0.48046	0.5	18	9	14	28	1.53
1970-1974	109	0.65881	0.49557	0.5	9	5	7	14	1.49
1970-1974	110+	0.68428	1.00000	1.46	5	5	7	7	1.46
1975-1979	0	0.01134	0.01122	0.08	100000	1122	98973	7772497	77.72
1975-1979	1	0.00098	0.00098	0.5	98878	96	98830	7673524	77.61
1975-1979	2	0.00061	0.00061	0.5	98781	60	98751	7574695	76.68
1975-1979	3	0.00046	0.00046	0.5	98721	45	98698	7475944	75.73
1975-1979	4	0.00034	0.00034	0.5	98676	33	98659	7377245	74.76
1975-1979	5	0.00029	0.00029	0.5	98642	29	98628	7278586	73.79
1975-1979	6	0.00030	0.00030	0.5	98614	30	98599	7179958	72.81
1975-1979	7	0.00027	0.00027	0.5	98584	27	98570	7081359	71.83
1975-1979	8	0.00024	0.00024	0.5	98557	24	98545	6982789	70.85
1975-1979	9	0.00021	0.00021	0.5	98533	21	98522	6884244	69.87
1975-1979	10	0.00021	0.00021	0.5	98512	20	98502	6785721	68.88
1975-1979	11	0.00020	0.00020	0.5	98492	20	98482	6687220	67.90
1975-1979	12	0.00021	0.00021	0.5	98471	21	98461	6588738	66.91
1975-1979	13	0.00021	0.00021	0.5	98451	21	98440	6490277	65.92
1975-1979	14	0.00028	0.00028	0.5	98430	28	98416	6391837	64.94
1975-1979	15	0.00042	0.00042	0.5	98402	42	98381	6293421	63.96
1975-1979	16	0.00052	0.00052	0.5	98360	51	98335	6195040	62.98
1975-1979	17	0.00054	0.00054	0.5	98310	53	98283	6096705	62.02
1975-1979	18	0.00065	0.00065	0.5	98256	64	98224	5998422	61.05
1975-1979	19	0.00066	0.00065	0.5	98192	64	98160	5900198	60.09
1975-1979	20	0.00066	0.00066	0.5	98128	65	98096	5802038	59.13
1975-1979	21	0.00072	0.00072	0.5	98063	71	98028	5703942	58.17
1975-1979	22	0.00075	0.00075	0.5	97992	73	97956	5605914	57.21
1975-1979	23	0.00077	0.00077	0.5	97919	75	97881	5507959	56.25
1975-1979	24	0.00073	0.00073	0.5	97844	71	97808	5410077	55.29
1975-1979	25	0.00070	0.00070	0.5	97772	68	97738	5312269	54.33
1975-1979	26	0.00075	0.00075	0.5	97704	73	97668	5214531	53.37
1975-1979	27	0.00073	0.00073	0.5	97631	71	97596	5116863	52.41
1975-1979	28	0.00079	0.00079	0.5	97560	77	97522	5019267	51.45
1975-1979	29	0.00077	0.00077	0.5	97483	75	97446	4921745	50.49
1975-1979	30	0.00079	0.00079	0.5	97409	77	97370	4824299	49.53
1975-1979	31	0.00086	0.00086	0.5	97331	83	97290	4726929	48.57
1975-1979	32	0.00094	0.00094	0.5	97248	91	97202	4629639	47.61
1975-1979	33	0.00093	0.00093	0.5	97157	90	97112	4532437	46.65
1975-1979	34	0.00099	0.00099	0.5	97067	96	97019	4435325	45.69
1975-1979	35	0.00106	0.00106	0.5	96971	103	96919	4338306	44.74
1975-1979	36	0.00117	0.00117	0.5	96868	113	96811	4241387	43.79
1975-1979	37	0.00125	0.00125	0.5	96755	121	96694	4144576	42.84
1975-1979	38	0.00134	0.00134	0.5	96634	129	96569	4047881	41.89
1975-1979	39	0.00143	0.00143	0.5	96505	138	96436	3951312	40.94
1975-1979	40	0.00176	0.00175	0.5	96366	169	96282	3854877	40.00
1975-1979	41	0.00183	0.00183	0.5	96197	176	96109	3758595	39.07
1975-1979	42	0.00207	0.00207	0.5	96021	199	95922	3662485	38.14
1975-1979	43	0.00222	0.00222	0.5	95823	212	95716	3566563	37.22
1975-1979	44	0.00250	0.00250	0.5	95610	239	95491	3470847	36.30
1975-1979	45	0.00271	0.00270	0.5	95371	258	95242	3375356	35.39
1975-1979	46	0.00293	0.00293	0.5	95114	279	94974	3280114	34.49
1975-1979	47	0.00335	0.00335	0.5	94835	318	94676	3185140	33.59
1975-1979	48	0.00347	0.00346	0.5	94517	327	94354	3090464	32.70
1975-1979	49	0.00389	0.00388	0.5	94190	365	94007	2996110	31.81
1975-1979	50	0.00425	0.00424	0.5	93825	398	93626	2902103	30.93
1975-1979	51	0.00463	0.00462	0.5	93427	432	93211	2808477	30.06
1975-1979	52	0.00503	0.00502	0.5	92995	467	92761	2715267	29.20
1975-1979	53	0.00541	0.00539	0.5	92528	499	92278	2622505	28.34
1975-1979	54	0.00582	0.00581	0.5	92029	534	91762	2530227	27.49
1975-1979	55	0.00635	0.00633	0.5	91494	579	91205	2438465	26.65
1975-1979	56	0.00680	0.00678	0.5	90915	616	90607	2347260	25.82
1975-1979	57	0.00768	0.00765	0.5	90299	691	89954	2256653	24.99
1975-1979	58	0.00814	0.00811	0.5	89608	726	89245	2166700	24.18
1975-1979	59	0.00888	0.00884	0.5	88882	786	88489	2077454	23.37
1975-1979	60	0.00950	0.00946	0.5	88096	833	87679	1988965	22.58
1975-1979	61	0.01032	0.01027	0.5	87263	896	86815	1901286	21.79
1975-1979	62	0.01147	0.01140	0.5	86367	985	85874	1814471	21.01
1975-1979	63	0.01191	0.01184	0.5	85382	1011	84877	1728597	20.25
1975-1979	64	0.01333	0.01324	0.5	84371	1117	83813	1643720	19.48
1975-1979	65	0.01402	0.01392	0.5	83254	1159	82675	1559908	18.74
1975-1979	66	0.01477	0.01466	0.5	82095	1203	81493	1477233	17.99
1975-1979	67	0.01605	0.01592	0.5	80892	1288	80248	1395739	17.25
1975-1979	68	0.01758	0.01742	0.5	79604	1387	78910	1315492	16.53
1975-1979	69	0.01928	0.01910	0.5	78217	1494	77470	1236581	15.81
1975-1979	70	0.02091	0.02070	0.5	76723	1588	75929	1159111	15.11
1975-1979	71	0.02304	0.02278	0.5	75135	1712	74279	1083182	14.42
1975-1979	72	0.02473	0.02443	0.5	73423	1794	72526	1008903	13.74
1975-1979	73	0.02708	0.02672	0.5	71630	1914	70673	936377	13.07
1975-1979	74	0.03003	0.02959	0.5	69716	2063	68684	865704	12.42
1975-1979	75	0.03335	0.03281	0.5	67653	2220	66543	797020	11.78
1975-1979	76	0.03618	0.03553	0.5	65433	2325	64271	730476	11.16
1975-1979	77	0.04019	0.03940	0.5	63108	2487	61865	666205	10.56
1975-1979	78	0.04478	0.04380	0.5	60622	2655	59294	604340	9.97
1975-1979	79	0.05035	0.04911	0.5	57967	2847	56543	545046	9.40
1975-1979	80	0.05489	0.05342	0.5	55120	2945	53647	488503	8.86
1975-1979	81	0.06012	0.05836	0.5	52175	3045	50652	434855	8.33
1975-1979	82	0.06790	0.06567	0.5	49130	3226	47517	384203	7.82
1975-1979	83	0.07590	0.07312	0.5	45904	3357	44225	336686	7.33
1975-1979	84	0.08496	0.08149	0.5	42547	3467	40813	292461	6.87
1975-1979	85	0.09282	0.08870	0.5	39080	3466	37347	251647	6.44
1975-1979	86	0.10412	0.09897	0.5	35613	3525	33851	214301	6.02
1975-1979	87	0.11599	0.10963	0.5	32089	3518	30330	180449	5.62
1975-1979	88	0.12639	0.11888	0.5	28571	3396	26873	150119	5.25
1975-1979	89	0.14162	0.13225	0.5	25174	3329	23510	123247	4.90
1975-1979	90	0.16325	0.15093	0.5	21845	3297	20197	99737	4.57
1975-1979	91	0.17368	0.15981	0.5	18548	2964	17066	79541	4.29
1975-1979	92	0.19281	0.17585	0.5	15584	2741	14214	62475	4.01
1975-1979	93	0.21041	0.19038	0.5	12843	2445	11621	48261	3.76
1975-1979	94	0.22583	0.20292	0.5	10398	2110	9343	36640	3.52
1975-1979	95	0.24787	0.22054	0.5	8288	1828	7374	27297	3.29
1975-1979	96	0.27008	0.23795	0.5	6460	1537	5692	19923	3.08
1975-1979	97	0.29351	0.25595	0.5	4923	1260	4293	14231	2.89
1975-1979	98	0.31809	0.27444	0.5	3663	1005	3160	9938	2.71
1975-1979	99	0.34372	0.29331	0.5	2658	780	2268	6777	2.55
1975-1979	100	0.37029	0.31244	0.5	1878	587	1585	4509	2.40
1975-1979	101	0.39767	0.33172	0.5	1291	428	1077	2924	2.26
1975-1979	102	0.42571	0.35100	0.5	863	303	712	1847	2.14
1975-1979	103	0.45424	0.37017	0.5	560	207	456	1136	2.03
1975-1979	104	0.48307	0.38909	0.5	353	137	284	679	1.93
1975-1979	105	0.51201	0.40765	0.5	216	88	172	395	1.83
1975-1979	106	0.54087	0.42574	0.5	128	54	100	223	1.75
1975-1979	107	0.56946	0.44326	0.5	73	32	57	123	1.68
1975-1979	108	0.59760	0.46012	0.5	41	19	31	66	1.62
1975-1979	109	0.62511	0.47625	0.5	22	10	17	34	1.57
1975-1979	110+	0.65183	1.00000	1.53	12	12	18	18	1.53
1980-1984	0	0.00933	0.00925	0.08	100000	925	99148	7846748	78.47
1980-1984	1	0.00085	0.00085	0.5	99075	84	99033	7747601	78.20
1980-1984	2	0.00048	0.00048	0.5	98991	47	98967	7648568	77.27
1980-1984	3	0.00036	0.00036	0.5	98943	35	98926	7549601	76.30
1980-1984	4	0.00028	0.00028	0.5	98908	28	98894	7450675	75.33
1980-1984	5	0.00026	0.00026	0.5	98881	25	98868	7351781	74.35
1980-1984	6	0.00024	0.00024	0.5	98855	24	98843	7252913	73.37
1980-1984	7	0.00023	0.00023	0.5	98831	23	98820	7154070	72.39
1980-1984	8	0.00024	0.00024	0.5	98808	24	98796	7055250	71.40
1980-1984	9	0.00020	0.00020	0.5	98784	20	98775	6956453	70.42
1980-1984	10	0.00017	0.00017	0.5	98765	17	98756	6857678	69.43
1980-1984	11	0.00017	0.00017	0.5	98748	17	98739	6758922	68.45
1980-1984	12	0.00021	0.00021	0.5	98731	20	98721	6660183	67.46
1980-1984	13	0.00023	0.00023	0.5	98711	22	98699	6561462	66.47
1980-1984	14	0.00029	0.00029	0.5	98688	28	98674	6462762	65.49
1980-1984	15	0.00037	0.00037	0.5	98660	37	98642	6364088	64.51
1980-1984	16	0.00044	0.00044	0.5	98623	44	98601	6265447	63.53
1980-1984	17	0.00048	0.00048	0.5	98579	47	98556	6166846	62.56
1980-1984	18	0.00063	0.00063	0.5	98533	62	98502	6068290	61.59
1980-1984	19	0.00060	0.00060	0.5	98470	59	98441	5969788	60.63
1980-1984	20	0.00056	0.00056	0.5	98411	55	98384	5871347	59.66
1980-1984	21	0.00059	0.00059	0.5	98356	58	98327	5772964	58.69
1980-1984	22	0.00061	0.00061	0.5	98298	60	98267	5674637	57.73
1980-1984	23	0.00057	0.00057	0.5	98237	56	98209	5576369	56.76
1980-1984	24	0.00059	0.00059	0.5	98181	58	98152	5478160	55.80
1980-1984	25	0.00061	0.00061	0.5	98123	60	98093	5380008	54.83
1980-1984	26	0.00063	0.00063	0.5	98063	62	98032	5281915	53.86
1980-1984	27	0.00062	0.00062	0.5	98002	61	97971	5183883	52.90
1980-1984	28	0.00064	0.00064	0.5	97941	63	97909	5085912	51.93
1980-1984	29	0.00067	0.00067	0.5	97878	65	97845	4988002	50.96
1980-1984	30	0.00070	0.00070	0.5	97812	68	97778	4890157	50.00
1980-1984	31	0.00075	0.00075	0.5	97744	73	97707	4792379	49.03
1980-1984	32	0.00075	0.00075	0.5	97671	73	97634	4694672	48.07
1980-1984	33	0.00080	0.00080	0.5	97598	78	97558	4597038	47.10
1980-1984	34	0.00082	0.00082	0.5	97519	80	97479	4499479	46.14
1980-1984	35	0.00091	0.00091	0.5	97439	89	97395	4402000	45.18
1980-1984	36	0.00100	0.00100	0.5	97351	97	97302	4304605	44.22
1980-1984	37	0.00110	0.00110	0.5	97253	107	97200	4207303	43.26
1980-1984	38	0.00120	0.00120	0.5	97146	116	97088	4110103	42.31
1980-1984	39	0.00131	0.00131	0.5	97030	127	96966	4013015	41.36
1980-1984	40	0.00145	0.00145	0.5	96903	141	96832	3916049	40.41
1980-1984	41	0.00163	0.00162	0.5	96762	157	96683	3819217	39.47
1980-1984	42	0.00178	0.00178	0.5	96605	172	96519	3722533	38.53
1980-1984	43	0.00189	0.00189	0.5	96433	182	96342	3626014	37.60
1980-1984	44	0.00214	0.00214	0.5	96251	206	96148	3529672	36.67
1980-1984	45	0.00242	0.00242	0.5	96045	232	95928	3433525	35.75
1980-1984	46	0.00253	0.00253	0.5	95812	242	95691	3337596	34.83
1980-1984	47	0.00265	0.00265	0.5	95570	253	95444	3241905	33.92
1980-1984	48	0.00324	0.00323	0.5	95317	308	95163	3146462	33.01
1980-1984	49	0.00349	0.00348	0.5	95009	331	94844	3051299	32.12
1980-1984	50	0.00362	0.00361	0.5	94678	342	94507	2956455	31.23
1980-1984	51	0.00438	0.00437	0.5	94336	412	94130	2861948	30.34
1980-1984	52	0.00451	0.00450	0.5	93924	423	93713	2767818	29.47
1980-1984	53	0.00485	0.00484	0.5	93501	453	93275	2674105	28.60
1980-1984	54	0.00532	0.00531	0.5	93049	494	92802	2580830	27.74
1980-1984	55	0.00577	0.00575	0.5	92555	532	92289	2488029	26.88
1980-1984	56	0.00646	0.00643	0.5	92022	592	91726	2395740	26.03
1980-1984	57	0.00694	0.00692	0.5	91430	633	91114	2304014	25.20
1980-1984	58	0.00785	0.00782	0.5	90798	710	90442	2212900	24.37
1980-1984	59	0.00843	0.00839	0.5	90087	756	89709	2122458	23.56
1980-1984	60	0.00925	0.00920	0.5	89331	822	88920	2032748	22.76
1980-1984	61	0.00980	0.00975	0.5	88509	863	88077	1943828	21.96
1980-1984	62	0.01114	0.01108	0.5	87646	971	87160	1855751	21.17
1980-1984	63	0.01188	0.01181	0.5	86675	1024	86163	1768591	20.40
1980-1984	64	0.01242	0.01234	0.5	85651	1057	85122	1682428	19.64
1980-1984	65	0.01376	0.01367	0.5	84594	1156	84016	1597306	18.88
1980-1984	66	0.01518	0.01507	0.5	83437	1257	82809	1513290	18.14
1980-1984	67	0.01624	0.01611	0.5	82180	1324	81518	1430481	17.41
1980-1984	68	0.01758	0.01742	0.5	80856	1409	80152	1348963	16.68
1980-1984	69	0.01879	0.01862	0.5	79448	1479	78708	1268811	15.97
1980-1984	70	0.02113	0.02091	0.5	77968	1630	77153	1190103	15.26
1980-1984	71	0.02249	0.02224	0.5	76338	1698	75489	1112950	14.58
1980-1984	72	0.02527	0.02496	0.5	74640	1863	73709	1037461	13.90
1980-1984	73	0.02779	0.02741	0.5	72777	1995	71780	963752	13.24
1980-1984	74	0.02975	0.02931	0.5	70782	2075	69745	891972	12.60
1980-1984	75	0.03249	0.03197	0.5	68708	2197	67609	822227	11.97
1980-1984	76	0.03600	0.03536	0.5	66511	2352	65335	754618	11.35
1980-1984	77	0.03917	0.03841	0.5	64159	2465	62926	689283	10.74
1980-1984	78	0.04223	0.04135	0.5	61694	2551	60419	626357	10.15
1980-1984	79	0.04733	0.04624	0.5	59143	2735	57776	565938	9.57
1980-1984	80	0.05370	0.05230	0.5	56408	2950	54933	508162	9.01
1980-1984	81	0.05979	0.05806	0.5	53458	3104	51907	453229	8.48
1980-1984	82	0.06736	0.06516	0.5	50355	3281	48714	401323	7.97
1980-1984	83	0.07387	0.07124	0.5	47073	3354	45397	352608	7.49
1980-1984	84	0.08145	0.07826	0.5	43720	3422	42009	307212	7.03
1980-1984	85	0.09038	0.08647	0.5	40298	3485	38556	265203	6.58
1980-1984	86	0.10229	0.09731	0.5	36814	3582	35023	226647	6.16
1980-1984	87	0.11170	0.10579	0.5	33231	3516	31474	191624	5.77
1980-1984	88	0.12418	0.11692	0.5	29716	3475	27979	160150	5.39
1980-1984	89	0.13726	0.12844	0.5	26241	3371	24556	132172	5.04
1980-1984	90	0.15194	0.14121	0.5	22871	3230	21256	107616	4.71
1980-1984	91	0.16527	0.15265	0.5	19641	2998	18142	86360	4.40
1980-1984	92	0.18538	0.16966	0.5	16643	2824	15231	68218	4.10
1980-1984	93	0.20339	0.18461	0.5	13819	2551	12544	52987	3.83
1980-1984	94	0.22020	0.19836	0.5	11268	2235	10151	40443	3.59
1980-1984	95	0.24215	0.21600	0.5	9033	1951	8057	30292	3.35
1980-1984	96	0.26398	0.23320	0.5	7082	1651	6256	22235	3.14
1980-1984	97	0.28702	0.25100	0.5	5430	1363	4749	15979	2.94
1980-1984	98	0.31123	0.26932	0.5	4067	1095	3520	11230	2.76
1980-1984	99	0.33652	0.28805	0.5	2972	856	2544	7710	2.59
1980-1984	100	0.36277	0.30707	0.5	2116	650	1791	5166	2.44
1980-1984	101	0.38988	0.32627	0.5	1466	478	1227	3375	2.30
1980-1984	102	0.41768	0.34552	0.5	988	341	817	2148	2.18
1980-1984	103	0.44601	0.36469	0.5	646	236	529	1331	2.06
1980-1984	104	0.47470	0.38364	0.5	411	158	332	803	1.95
1980-1984	105	0.50356	0.40227	0.5	253	102	202	471	1.86
1980-1984	106	0.53239	0.42047	0.5	151	64	120	269	1.78
1980-1984	107	0.56101	0.43812	0.5	88	38	68	149	1.70
1980-1984	108	0.58923	0.45514	0.5	49	22	38	81	1.64
1980-1984	109	0.61687	0.47146	0.5	27	13	21	43	1.59
1980-1984	110+	0.64378	1.00000	1.55	14	14	22	22	1.55
1985-1989	0	0.00835	0.00828	0.08	100000	828	99235	7881135	78.81
1985-1989	1	0.00074	0.00074	0.5	99172	73	99135	7781900	78.47
1985-1989	2	0.00046	0.00046	0.5	99099	46	99076	7682764	77.53
1985-1989	3	0.00032	0.00032	0.5	99053	32	99037	7583689	76.56
1985-1989	4	0.00024	0.00024	0.5	99021	24	99009	7484652	75.59
1985-1989	5	0.00022	0.00022	0.5	98997	22	98986	7385643	74.60
1985-1989	6	0.00019	0.00019	0.5	98975	19	98966	7286657	73.62
1985-1989	7	0.00020	0.00020	0.5	98956	19	98947	7187691	72.63
1985-1989	8	0.00020	0.00020	0.5	98937	20	98927	7088744	71.65
1985-1989	9	0.00014	0.00014	0.5	98917	14	98910	6989817	70.66
1985-1989	10	0.00014	0.00014	0.5	98903	14	98897	6890907	69.67
1985-1989	11	0.00016	0.00016	0.5	98890	16	98882	6792010	68.68
1985-1989	12	0.00018	0.00018	0.5	98874	18	98865	6693128	67.69
1985-1989	13	0.00022	0.00022	0.5	98856	22	98845	6594263	66.71
1985-1989	14	0.00024	0.00024	0.5	98834	24	98822	6495418	65.72
1985-1989	15	0.00035	0.00035	0.5	98810	35	98793	6396596	64.74
1985-1989	16	0.00044	0.00044	0.5	98775	44	98753	6297804	63.76
1985-1989	17	0.00052	0.00052	0.5	98732	51	98706	6199050	62.79
1985-1989	18	0.00054	0.00054	0.5	98680	54	98653	6100344	61.82
1985-1989	19	0.00051	0.00051	0.5	98627	51	98601	6001691	60.85
1985-1989	20	0.00047	0.00047	0.5	98576	47	98552	5903090	59.88
1985-1989	21	0.00053	0.00053	0.5	98529	53	98503	5804537	58.91
1985-1989	22	0.00052	0.00052	0.5	98477	51	98451	5706035	57.94
1985-1989	23	0.00053	0.00053	0.5	98425	52	98399	5607584	56.97
1985-1989	24	0.00052	0.00052	0.5	98373	51	98348	5509185	56.00
1985-1989	25	0.00058	0.00058	0.5	98322	57	98294	5410837	55.03
1985-1989	26	0.00063	0.00063	0.5	98265	62	98234	5312543	54.06
1985-1989	27	0.00057	0.00057	0.5	98203	56	98175	5214309	53.10
1985-1989	28	0.00065	0.00065	0.5	98148	64	98116	5116134	52.13
1985-1989	29	0.00062	0.00062	0.5	98083	61	98053	5018018	51.16
1985-1989	30	0.00063	0.00063	0.5	98023	62	97992	4919965	50.19
1985-1989	31	0.00068	0.00068	0.5	97961	67	97928	4821973	49.22
1985-1989	32	0.00079	0.00079	0.5	97894	77	97856	4724046	48.26
1985-1989	33	0.00077	0.00077	0.5	97817	75	97780	4626190	47.29
1985-1989	34	0.00086	0.00086	0.5	97742	84	97700	4528410	46.33
1985-1989	35	0.00091	0.00091	0.5	97658	89	97614	4430710	45.37
1985-1989	36	0.00102	0.00102	0.5	97569	100	97519	4333096	44.41
1985-1989	37	0.00097	0.00097	0.5	97470	95	97422	4235577	43.46
1985-1989	38	0.00120	0.00120	0.5	97375	117	97316	4138155	42.50
1985-1989	39	0.00116	0.00116	0.5	97258	113	97202	4040839	41.55
1985-1989	40	0.00133	0.00133	0.5	97145	129	97081	3943637	40.60
1985-1989	41	0.00137	0.00137	0.5	97016	133	96949	3846556	39.65
1985-1989	42	0.00163	0.00163	0.5	96883	158	96804	3749607	38.70
1985-1989	43	0.00178	0.00178	0.5	96725	172	96639	3652803	37.76
1985-1989	44	0.00193	0.00193	0.5	96553	187	96460	3556164	36.83
1985-1989	45	0.00206	0.00206	0.5	96367	198	96268	3459704	35.90
1985-1989	46	0.00236	0.00236	0.5	96168	227	96055	3363436	34.97
1985-1989	47	0.00267	0.00266	0.5	95942	256	95814	3267381	34.06
1985-1989	48	0.00311	0.00310	0.5	95686	297	95538	3171567	33.15
1985-1989	49	0.00301	0.00301	0.5	95389	287	95246	3076029	32.25
1985-1989	50	0.00349	0.00348	0.5	95102	331	94937	2980784	31.34
1985-1989	51	0.00386	0.00385	0.5	94771	365	94588	2885847	30.45
1985-1989	52	0.00445	0.00444	0.5	94406	419	94196	2791259	29.57
1985-1989	53	0.00466	0.00465	0.5	93987	437	93769	2697062	28.70
1985-1989	54	0.00489	0.00488	0.5	93550	456	93322	2603294	27.83
1985-1989	55	0.00563	0.00561	0.5	93094	522	92832	2509972	26.96
1985-1989	56	0.00618	0.00616	0.5	92571	570	92286	2417139	26.11
1985-1989	57	0.00670	0.00668	0.5	92001	615	91693	2324853	25.27
1985-1989	58	0.00778	0.00775	0.5	91386	709	91032	2233160	24.44
1985-1989	59	0.00778	0.00775	0.5	90677	703	90326	2142128	23.62
1985-1989	60	0.00880	0.00876	0.5	89975	788	89581	2051802	22.80
1985-1989	61	0.00982	0.00977	0.5	89186	871	88751	1962222	22.00
1985-1989	62	0.01088	0.01082	0.5	88315	956	87837	1873471	21.21
1985-1989	63	0.01148	0.01141	0.5	87359	997	86861	1785634	20.44
1985-1989	64	0.01215	0.01207	0.5	86362	1043	85841	1698773	19.67
1985-1989	65	0.01335	0.01326	0.5	85319	1131	84753	1612933	18.90
1985-1989	66	0.01427	0.01417	0.5	84188	1193	83591	1528179	18.15
1985-1989	67	0.01554	0.01542	0.5	82995	1280	82355	1444588	17.41
1985-1989	68	0.01763	0.01748	0.5	81714	1428	81000	1362233	16.67
1985-1989	69	0.01822	0.01805	0.5	80286	1449	79561	1281233	15.96
1985-1989	70	0.02074	0.02053	0.5	78837	1618	78028	1201672	15.24
1985-1989	71	0.02240	0.02215	0.5	77218	1710	76363	1123644	14.55
1985-1989	72	0.02523	0.02492	0.5	75508	1882	74567	1047281	13.87
1985-1989	73	0.02768	0.02730	0.5	73626	2010	72621	972714	13.21
1985-1989	74	0.02924	0.02882	0.5	71616	2064	70584	900092	12.57
1985-1989	75	0.03243	0.03191	0.5	69552	2219	68443	829508	11.93
1985-1989	76	0.03618	0.03553	0.5	67333	2393	66137	761065	11.30
1985-1989	77	0.03943	0.03867	0.5	64941	2511	63685	694928	10.70
1985-1989	78	0.04223	0.04135	0.5	62429	2582	61139	631243	10.11
1985-1989	79	0.04687	0.04579	0.5	59848	2741	58477	570105	9.53
1985-1989	80	0.05391	0.05250	0.5	57107	2998	55608	511627	8.96
1985-1989	81	0.05876	0.05708	0.5	54109	3088	52565	456019	8.43
1985-1989	82	0.06682	0.06466	0.5	51021	3299	49371	403455	7.91
1985-1989	83	0.07347	0.07086	0.5	47721	3382	46031	354084	7.42
1985-1989	84	0.08130	0.07813	0.5	44340	3464	42608	308053	6.95
1985-1989	85	0.09110	0.08713	0.5	40875	3562	39095	265446	6.49
1985-1989	86	0.10223	0.09726	0.5	37314	3629	35499	226351	6.07
1985-1989	87	0.11285	0.10682	0.5	33685	3598	31886	190852	5.67
1985-1989	88	0.12718	0.11957	0.5	30086	3598	28288	158966	5.28
1985-1989	89	0.14102	0.13173	0.5	26489	3489	24744	130678	4.93
1985-1989	90	0.15413	0.14310	0.5	22999	3291	21354	105934	4.61
1985-1989	91	0.16966	0.15640	0.5	19708	3082	18167	84581	4.29
1985-1989	92	0.18950	0.17310	0.5	16626	2878	15187	66413	3.99
1985-1989	93	0.21087	0.19076	0.5	13748	2622	12437	51227	3.73
1985-1989	94	0.23096	0.20705	0.5	11125	2304	9974	38790	3.49
1985-1989	95	0.24935	0.22171	0.5	8822	1956	7844	28816	3.27
1985-1989	96	0.27225	0.23963	0.5	6866	1645	6043	20972	3.05
1985-1989	97	0.29641	0.25815	0.5	5221	1348	4547	14929	2.86
1985-1989	98	0.32178	0.27718	0.5	3873	1074	3336	10382	2.68
1985-1989	99	0.34824	0.29659	0.5	2799	830	2384	7046	2.52
1985-1989	100	0.37567	0.31626	0.5	1969	623	1658	4661	2.37
1985-1989	101	0.40392	0.33605	0.5	1346	452	1120	3004	2.23
1985-1989	102	0.43282	0.35582	0.5	894	318	735	1884	2.11
1985-1989	103	0.46219	0.37543	0.5	576	216	468	1149	1.99
1985-1989	104	0.49182	0.39475	0.5	360	142	289	681	1.89
1985-1989	105	0.52151	0.41365	0.5	218	90	173	392	1.80
1985-1989	106	0.55105	0.43202	0.5	128	55	100	220	1.72
1985-1989	107	0.58023	0.44975	0.5	72	33	56	119	1.65
1985-1989	108	0.60886	0.46676	0.5	40	19	31	63	1.59
1985-1989	109	0.63676	0.48299	0.5	21	10	16	33	1.54
1985-1989	110+	0.66377	1.00000	1.51	11	11	17	17	1.51
1990-1994	0	0.00674	0.00670	0.07	100000	670	99378	7962959	79.63
1990-1994	1	0.00060	0.00060	0.5	99330	60	99300	7863581	79.17
1990-1994	2	0.00035	0.00035	0.5	99270	34	99253	7764280	78.21
1990-1994	3	0.00026	0.00026	0.5	99236	26	99223	7665027	77.24
1990-1994	4	0.00024	0.00024	0.5	99210	24	99198	7565804	76.26
1990-1994	5	0.00019	0.00019	0.5	99186	18	99177	7466606	75.28
1990-1994	6	0.00017	0.00017	0.5	99167	17	99159	7367430	74.29
1990-1994	7	0.00016	0.00016	0.5	99150	16	99142	7268271	73.31
1990-1994	8	0.00015	0.00015	0.5	99134	15	99127	7169129	72.32
1990-1994	9	0.00014	0.00014	0.5	99119	14	99112	7070002	71.33
1990-1994	10	0.00014	0.00014	0.5	99105	14	99099	6970890	70.34
1990-1994	11	0.00015	0.00015	0.5	99092	14	99085	6871791	69.35
1990-1994	12	0.00017	0.00017	0.5	99077	17	99069	6772707	68.36
1990-1994	13	0.00019	0.00019	0.5	99060	19	99051	6673638	67.37
1990-1994	14	0.00027	0.00027	0.5	99041	27	99027	6574587	66.38
1990-1994	15	0.00031	0.00031	0.5	99014	31	98999	6475560	65.40
1990-1994	16	0.00039	0.00039	0.5	98983	38	98964	6376561	64.42
1990-1994	17	0.00045	0.00045	0.5	98945	44	98923	6277597	63.45
1990-1994	18	0.00048	0.00048	0.5	98901	48	98877	6178674	62.47
1990-1994	19	0.00048	0.00048	0.5	98853	47	98829	6079797	61.50
1990-1994	20	0.00048	0.00048	0.5	98806	47	98782	5980968	60.53
1990-1994	21	0.00049	0.00049	0.5	98758	49	98734	5882186	59.56
1990-1994	22	0.00048	0.00048	0.5	98710	48	98686	5783452	58.59
1990-1994	23	0.00047	0.00047	0.5	98662	46	98639	5684766	57.62
1990-1994	24	0.00048	0.00048	0.5	98616	47	98592	5586127	56.65
1990-1994	25	0.00049	0.00049	0.5	98568	48	98544	5487535	55.67
1990-1994	26	0.00050	0.00050	0.5	98520	49	98496	5388991	54.70
1990-1994	27	0.00053	0.00053	0.5	98471	52	98445	5290495	53.73
1990-1994	28	0.00057	0.00057	0.5	98419	56	98391	5192051	52.75
1990-1994	29	0.00059	0.00059	0.5	98363	58	98334	5093660	51.78
1990-1994	30	0.00061	0.00061	0.5	98305	60	98275	4995326	50.81
1990-1994	31	0.00067	0.00067	0.5	98245	66	98212	4897052	49.85
1990-1994	32	0.00067	0.00067	0.5	98179	66	98146	4798840	48.88
1990-1994	33	0.00081	0.00081	0.5	98113	79	98073	4700694	47.91
1990-1994	34	0.00084	0.00084	0.5	98034	82	97992	4602621	46.95
1990-1994	35	0.00090	0.00090	0.5	97951	88	97907	4504629	45.99
1990-1994	36	0.00093	0.00093	0.5	97864	91	97818	4406721	45.03
1990-1994	37	0.00102	0.00102	0.5	97772	100	97722	4308903	44.07
1990-1994	38	0.00115	0.00115	0.5	97672	112	97616	4211181	43.12
1990-1994	39	0.00115	0.00115	0.5	97561	112	97505	4113565	42.16
1990-1994	40	0.00126	0.00126	0.5	97449	123	97387	4016060	41.21
1990-1994	41	0.00142	0.00142	0.5	97326	138	97257	3918673	40.26
1990-1994	42	0.00149	0.00149	0.5	97188	145	97115	3821416	39.32
1990-1994	43	0.00168	0.00168	0.5	97043	163	96961	3724301	38.38
1990-1994	44	0.00187	0.00187	0.5	96880	181	96789	3627340	37.44
1990-1994	45	0.00202	0.00201	0.5	96699	195	96602	3530551	36.51
1990-1994	46	0.00220	0.00220	0.5	96504	212	96398	3433949	35.58
1990-1994	47	0.00248	0.00248	0.5	96292	238	96173	3337551	34.66
1990-1994	48	0.00268	0.00268	0.5	96053	257	95925	3241378	33.75
1990-1994	49	0.00279	0.00278	0.5	95797	267	95663	3145453	32.83
1990-1994	50	0.00316	0.00316	0.5	95530	301	95379	3049790	31.93
1990-1994	51	0.00360	0.00359	0.5	95228	342	95057	2954411	31.02
1990-1994	52	0.00398	0.00397	0.5	94887	377	94698	2859353	30.13
1990-1994	53	0.00433	0.00432	0.5	94510	409	94305	2764655	29.25
1990-1994	54	0.00464	0.00463	0.5	94101	435	93883	2670350	28.38
1990-1994	55	0.00512	0.00511	0.5	93666	478	93426	2576467	27.51
1990-1994	56	0.00559	0.00558	0.5	93187	520	92928	2483040	26.65
1990-1994	57	0.00622	0.00620	0.5	92668	575	92380	2390113	25.79
1990-1994	58	0.00710	0.00707	0.5	92093	652	91767	2297732	24.95
1990-1994	59	0.00747	0.00744	0.5	91441	680	91101	2205965	24.12
1990-1994	60	0.00832	0.00829	0.5	90761	752	90385	2114864	23.30
1990-1994	61	0.00915	0.00911	0.5	90009	820	89599	2024479	22.49
1990-1994	62	0.00994	0.00989	0.5	89189	882	88748	1934880	21.69
1990-1994	63	0.01069	0.01064	0.5	88307	939	87838	1846132	20.91
1990-1994	64	0.01108	0.01102	0.5	87368	963	86887	1758294	20.13
1990-1994	65	0.01245	0.01238	0.5	86405	1069	85871	1671407	19.34
1990-1994	66	0.01365	0.01356	0.5	85336	1157	84757	1585537	18.58
1990-1994	67	0.01471	0.01460	0.5	84179	1229	83565	1500779	17.83
1990-1994	68	0.01693	0.01678	0.5	82950	1392	82254	1417215	17.09
1990-1994	69	0.01779	0.01763	0.5	81558	1438	80839	1334961	16.37
1990-1994	70	0.01941	0.01922	0.5	80120	1540	79350	1254122	15.65
1990-1994	71	0.02129	0.02107	0.5	78580	1656	77752	1174772	14.95
1990-1994	72	0.02355	0.02327	0.5	76924	1790	76029	1097019	14.26
1990-1994	73	0.02593	0.02560	0.5	75134	1924	74172	1020990	13.59
1990-1994	74	0.02725	0.02689	0.5	73211	1968	72226	946818	12.93
1990-1994	75	0.03043	0.02998	0.5	71242	2136	70174	874592	12.28
1990-1994	76	0.03395	0.03338	0.5	69106	2307	67953	804417	11.64
1990-1994	77	0.03730	0.03661	0.5	66800	2446	65577	736465	11.02
1990-1994	78	0.03983	0.03905	0.5	64354	2513	63097	670888	10.43
1990-1994	79	0.04459	0.04361	0.5	61840	2697	60492	607791	9.83
1990-1994	80	0.05070	0.04944	0.5	59143	2924	57681	547299	9.25
1990-1994	81	0.05640	0.05486	0.5	56219	3084	54677	489618	8.71
1990-1994	82	0.06232	0.06043	0.5	53135	3211	51530	434941	8.19
1990-1994	83	0.06986	0.06750	0.5	49924	3370	48239	383411	7.68
1990-1994	84	0.07715	0.07428	0.5	46554	3458	44825	335172	7.20
1990-1994	85	0.08590	0.08237	0.5	43096	3550	41321	290347	6.74
1990-1994	86	0.09556	0.09120	0.5	39546	3607	37743	249026	6.30
1990-1994	87	0.10624	0.10088	0.5	35940	3626	34127	211283	5.88
1990-1994	88	0.11834	0.11173	0.5	32314	3610	30509	177156	5.48
1990-1994	89	0.13116	0.12309	0.5	28703	3533	26937	146647	5.11
1990-1994	90	0.14619	0.13624	0.5	25170	3429	23456	119711	4.76
1990-1994	91	0.16021	0.14833	0.5	21741	3225	20129	96255	4.43
1990-1994	92	0.17918	0.16445	0.5	18516	3045	16994	76126	4.11
1990-1994	93	0.20526	0.18616	0.5	15471	2880	14031	59132	3.82
1990-1994	94	0.22407	0.20149	0.5	12591	2537	11323	45101	3.58
1990-1994	95	0.23977	0.21411	0.5	10054	2153	8978	33778	3.36
1990-1994	96	0.26232	0.23190	0.5	7902	1832	6985	24800	3.14
1990-1994	97	0.28619	0.25036	0.5	6069	1519	5309	17815	2.94
1990-1994	98	0.31131	0.26938	0.5	4550	1226	3937	12505	2.75
1990-1994	99	0.33759	0.28884	0.5	3324	960	2844	8569	2.58
1990-1994	100	0.36492	0.30861	0.5	2364	730	1999	5725	2.42
1990-1994	101	0.39314	0.32856	0.5	1634	537	1366	3725	2.28
1990-1994	102	0.42210	0.34854	0.5	1097	382	906	2359	2.15
1990-1994	103	0.45161	0.36842	0.5	715	263	583	1453	2.03
1990-1994	104	0.48146	0.38804	0.5	452	175	364	870	1.93
1990-1994	105	0.51144	0.40729	0.5	276	113	220	506	1.83
1990-1994	106	0.54134	0.42603	0.5	164	70	129	286	1.75
1990-1994	107	0.57094	0.44415	0.5	94	42	73	157	1.67
1990-1994	108	0.60005	0.46157	0.5	52	24	40	84	1.61
1990-1994	109	0.62846	0.47820	0.5	28	13	21	44	1.56
1990-1994	110+	0.65602	1.00000	1.52	15	15	22	22	1.52
1995-1999	0	0.00568	0.00565	0.07	100000	565	99474	8009673	80.10
1995-1999	1	0.00046	0.00046	0.5	99435	46	99412	7910199	79.55
1995-1999	2	0.00029	0.00029	0.5	99390	29	99375	7810787	78.59
1995-1999	3	0.00022	0.00022	0.5	99360	22	99349	7711412	77.61
1995-1999	4	0.00017	0.00017	0.5	99338	16	99330	7612062	76.63
1995-1999	5	0.00016	0.00016	0.5	99322	16	99314	7512732	75.64
1995-1999	6	0.00014	0.00014	0.5	99306	14	99299	7413418	74.65
1995-1999	7	0.00015	0.00015	0.5	99293	15	99285	7314119	73.66
1995-1999	8	0.00013	0.00013	0.5	99278	13	99271	7214834	72.67
1995-1999	9	0.00013	0.00013	0.5	99264	13	99258	7115562	71.68
1995-1999	10	0.00012	0.00012	0.5	99252	12	99245	7016304	70.69
1995-1999	11	0.00013	0.00013	0.5	99239	12	99233	6917059	69.70
1995-1999	12	0.00015	0.00015	0.5	99227	15	99219	6817826	68.71
1995-1999	13	0.00016	0.00016	0.5	99212	16	99203	6718607	67.72
1995-1999	14	0.00021	0.00021	0.5	99195	21	99185	6619403	66.73
1995-1999	15	0.00026	0.00026	0.5	99175	26	99162	6520218	65.74
1995-1999	16	0.00032	0.00032	0.5	99149	32	99133	6421057	64.76
1995-1999	17	0.00040	0.00040	0.5	99117	39	99098	6321924	63.78
1995-1999	18	0.00042	0.00042	0.5	99078	41	99057	6222826	62.81
1995-1999	19	0.00040	0.00040	0.5	99037	40	99017	6123769	61.83
1995-1999	20	0.00045	0.00045	0.5	98997	45	98974	6024752	60.86
1995-1999	21	0.00042	0.00042	0.5	98952	42	98931	5925777	59.89
1995-1999	22	0.00044	0.00044	0.5	98910	44	98889	5826846	58.91
1995-1999	23	0.00040	0.00040	0.5	98867	40	98847	5727957	57.94
1995-1999	24	0.00041	0.00041	0.5	98827	41	98807	5629111	56.96
1995-1999	25	0.00042	0.00042	0.5	98786	42	98765	5530304	55.98
1995-1999	26	0.00047	0.00047	0.5	98744	46	98721	5431539	55.01
1995-1999	27	0.00046	0.00046	0.5	98698	46	98675	5332817	54.03
1995-1999	28	0.00048	0.00048	0.5	98652	47	98629	5234142	53.06
1995-1999	29	0.00047	0.00047	0.5	98605	47	98582	5135513	52.08
1995-1999	30	0.00050	0.00050	0.5	98558	50	98534	5036932	51.11
1995-1999	31	0.00058	0.00058	0.5	98509	57	98480	4938398	50.13
1995-1999	32	0.00069	0.00069	0.5	98452	68	98418	4839918	49.16
1995-1999	33	0.00070	0.00070	0.5	98384	69	98349	4741500	48.19
1995-1999	34	0.00077	0.00077	0.5	98315	76	98277	4643150	47.23
1995-1999	35	0.00080	0.00080	0.5	98239	78	98200	4544874	46.26
1995-1999	36	0.00086	0.00086	0.5	98161	84	98118	4446674	45.30
1995-1999	37	0.00098	0.00098	0.5	98076	96	98028	4348555	44.34
1995-1999	38	0.00109	0.00109	0.5	97980	106	97927	4250527	43.38
1995-1999	39	0.00119	0.00119	0.5	97873	116	97815	4152601	42.43
1995-1999	40	0.00128	0.00128	0.5	97757	125	97695	4054785	41.48
1995-1999	41	0.00141	0.00141	0.5	97632	138	97563	3957091	40.53
1995-1999	42	0.00154	0.00153	0.5	97494	150	97419	3859528	39.59
1995-1999	43	0.00170	0.00170	0.5	97344	165	97262	3762109	38.65
1995-1999	44	0.00177	0.00177	0.5	97179	172	97093	3664847	37.71
1995-1999	45	0.00189	0.00189	0.5	97007	183	96916	3567754	36.78
1995-1999	46	0.00210	0.00210	0.5	96824	203	96723	3470838	35.85
1995-1999	47	0.00225	0.00225	0.5	96621	217	96512	3374116	34.92
1995-1999	48	0.00257	0.00256	0.5	96403	247	96280	3277603	34.00
1995-1999	49	0.00268	0.00268	0.5	96156	258	96027	3181323	33.08
1995-1999	50	0.00283	0.00283	0.5	95899	271	95763	3085296	32.17
1995-1999	51	0.00321	0.00320	0.5	95627	306	95474	2989533	31.26
1995-1999	52	0.00363	0.00362	0.5	95321	345	95148	2894059	30.36
1995-1999	53	0.00410	0.00409	0.5	94976	388	94782	2798910	29.47
1995-1999	54	0.00423	0.00422	0.5	94588	400	94388	2704129	28.59
1995-1999	55	0.00473	0.00472	0.5	94188	445	93966	2609741	27.71
1995-1999	56	0.00522	0.00521	0.5	93743	488	93499	2515775	26.84
1995-1999	57	0.00580	0.00578	0.5	93255	539	92985	2422276	25.97
1995-1999	58	0.00640	0.00638	0.5	92716	591	92420	2329290	25.12
1995-1999	59	0.00695	0.00692	0.5	92125	638	91806	2236870	24.28
1995-1999	60	0.00751	0.00748	0.5	91487	685	91145	2145064	23.45
1995-1999	61	0.00864	0.00860	0.5	90802	781	90412	2053920	22.62
1995-1999	62	0.00937	0.00932	0.5	90021	839	89602	1963508	21.81
1995-1999	63	0.01016	0.01011	0.5	89182	902	88731	1873906	21.01
1995-1999	64	0.01112	0.01106	0.5	88280	976	87792	1785175	20.22
1995-1999	65	0.01194	0.01187	0.5	87304	1036	86786	1697383	19.44
1995-1999	66	0.01292	0.01284	0.5	86268	1108	85714	1610597	18.67
1995-1999	67	0.01416	0.01407	0.5	85160	1198	84561	1524882	17.91
1995-1999	68	0.01553	0.01541	0.5	83963	1294	83315	1440321	17.15
1995-1999	69	0.01670	0.01657	0.5	82668	1369	81984	1357005	16.42
1995-1999	70	0.01864	0.01846	0.5	81299	1501	80548	1275022	15.68
1995-1999	71	0.02087	0.02066	0.5	79798	1648	78974	1194473	14.97
1995-1999	72	0.02328	0.02301	0.5	78150	1799	77250	1115500	14.27
1995-1999	73	0.02500	0.02469	0.5	76351	1885	75409	1038249	13.60
1995-1999	74	0.02646	0.02612	0.5	74466	1945	73494	962841	12.93
1995-1999	75	0.02963	0.02920	0.5	72521	2118	71462	889347	12.26
1995-1999	76	0.03229	0.03178	0.5	70404	2237	69285	817885	11.62
1995-1999	77	0.03574	0.03511	0.5	68167	2393	66970	748599	10.98
1995-1999	78	0.03954	0.03877	0.5	65773	2550	64498	681630	10.36
1995-1999	79	0.04319	0.04227	0.5	63223	2673	61887	617131	9.76
1995-1999	80	0.05080	0.04954	0.5	60551	3000	59051	555244	9.17
1995-1999	81	0.05534	0.05385	0.5	57551	3099	56001	496194	8.62
1995-1999	82	0.06213	0.06026	0.5	54452	3281	52811	440192	8.08
1995-1999	83	0.07017	0.06779	0.5	51171	3469	49436	387381	7.57
1995-1999	84	0.07873	0.07574	0.5	47702	3613	45895	337945	7.08
1995-1999	85	0.08614	0.08258	0.5	44089	3641	42268	292049	6.62
1995-1999	86	0.09743	0.09290	0.5	40448	3758	38569	249781	6.18
1995-1999	87	0.10832	0.10275	0.5	36690	3770	34805	211212	5.76
1995-1999	88	0.12031	0.11348	0.5	32920	3736	31052	176407	5.36
1995-1999	89	0.13525	0.12668	0.5	29184	3697	27336	145355	4.98
1995-1999	90	0.15098	0.14038	0.5	25487	3578	23698	118019	4.63
1995-1999	91	0.16838	0.15530	0.5	21909	3403	20208	94321	4.31
1995-1999	92	0.18648	0.17057	0.5	18507	3157	16928	74113	4.00
1995-1999	93	0.20740	0.18792	0.5	15350	2884	13908	57185	3.73
1995-1999	94	0.22772	0.20444	0.5	12465	2548	11191	43277	3.47
1995-1999	95	0.25028	0.22244	0.5	9917	2206	8814	32086	3.24
1995-1999	96	0.27434	0.24125	0.5	7711	1860	6781	23272	3.02
1995-1999	97	0.29979	0.26071	0.5	5851	1525	5088	16491	2.82
1995-1999	98	0.32654	0.28071	0.5	4325	1214	3718	11403	2.64
1995-1999	99	0.35447	0.30110	0.5	3111	937	2643	7684	2.47
1995-1999	100	0.38343	0.32174	0.5	2174	700	1825	5042	2.32
1995-1999	101	0.41323	0.34247	0.5	1475	505	1222	3217	2.18
1995-1999	102	0.44369	0.36313	0.5	970	352	794	1995	2.06
1995-1999	103	0.47458	0.38356	0.5	618	237	499	1201	1.94
1995-1999	104	0.50566	0.40362	0.5	381	154	304	702	1.84
1995-1999	105	0.53670	0.42315	0.5	227	96	179	398	1.75
1995-1999	106	0.56746	0.44204	0.5	131	58	102	219	1.67
1995-1999	107	0.59771	0.46018	0.5	73	34	56	117	1.60
1995-1999	108	0.62723	0.47748	0.5	39	19	30	61	1.54
1995-1999	109	0.65583	0.49388	0.5	21	10	16	31	1.49
1995-1999	110+	0.68334	1.00000	1.46	10	10	15	15	1.46
2000-2004	0	0.00510	0.00508	0.07	100000	508	99526	8069542	80.70
2000-2004	1	0.00038	0.00038	0.5	99492	38	99473	7970016	80.11
2000-2004	2	0.00025	0.00025	0.5	99454	25	99441	7870543	79.14
2000-2004	3	0.00017	0.00017	0.5	99429	17	99421	7771102	78.16
2000-2004	4	0.00017	0.00017	0.5	99412	17	99404	7671681	77.17
2000-2004	5	0.00016	0.00016	0.5	99396	16	99388	7572277	76.18
2000-2004	6	0.00013	0.00013	0.5	99380	12	99374	7472890	75.20
2000-2004	7	0.00010	0.00010	0.5	99367	10	99362	7373516	74.20
2000-2004	8	0.00012	0.00012	0.5	99357	12	99351	7274154	73.21
2000-2004	9	0.00012	0.00012	0.5	99345	12	99339	7174802	72.22
2000-2004	10	0.00010	0.00010	0.5	99333	10	99328	7075463	71.23
2000-2004	11	0.00013	0.00013	0.5	99323	13	99317	6976135	70.24
2000-2004	12	0.00012	0.00012	0.5	99311	12	99305	6876817	69.25
2000-2004	13	0.00015	0.00015	0.5	99299	15	99292	6777512	68.25
2000-2004	14	0.00019	0.00019	0.5	99284	19	99274	6678221	67.26
2000-2004	15	0.00021	0.00021	0.5	99265	20	99255	6578947	66.28
2000-2004	16	0.00027	0.00027	0.5	99244	27	99231	6479692	65.29
2000-2004	17	0.00033	0.00033	0.5	99217	33	99201	6380461	64.31
2000-2004	18	0.00041	0.00041	0.5	99185	41	99165	6281260	63.33
2000-2004	19	0.00040	0.00040	0.5	99144	40	99124	6182095	62.35
2000-2004	20	0.00040	0.00040	0.5	99104	39	99085	6082971	61.38
2000-2004	21	0.00040	0.00040	0.5	99065	40	99045	5983886	60.40
2000-2004	22	0.00037	0.00037	0.5	99025	37	99007	5884841	59.43
2000-2004	23	0.00037	0.00037	0.5	98988	36	98970	5785834	58.45
2000-2004	24	0.00038	0.00038	0.5	98952	38	98933	5686864	57.47
2000-2004	25	0.00038	0.00038	0.5	98915	38	98896	5587931	56.49
2000-2004	26	0.00042	0.00042	0.5	98877	41	98856	5489035	55.51
2000-2004	27	0.00040	0.00040	0.5	98835	39	98816	5390179	54.54
2000-2004	28	0.00041	0.00041	0.5	98796	41	98776	5291363	53.56
2000-2004	29	0.00044	0.00044	0.5	98755	44	98734	5192588	52.58
2000-2004	30	0.00045	0.00045	0.5	98712	44	98690	5093854	51.60
2000-2004	31	0.00052	0.00052	0.5	98668	51	98642	4995165	50.63
2000-2004	32	0.00055	0.00055	0.5	98617	55	98589	4896522	49.65
2000-2004	33	0.00064	0.00064	0.5	98562	63	98531	4797933	48.68
2000-2004	34	0.00070	0.00070	0.5	98499	68	98465	4699402	47.71
2000-2004	35	0.00076	0.00076	0.5	98431	75	98393	4600937	46.74
2000-2004	36	0.00077	0.00077	0.5	98356	75	98318	4502544	45.78
2000-2004	37	0.00088	0.00088	0.5	98281	86	98237	4404226	44.81
2000-2004	38	0.00101	0.00101	0.5	98194	99	98145	4305988	43.85
2000-2004	39	0.00115	0.00114	0.5	98095	112	98039	4207844	42.90
2000-2004	40	0.00122	0.00122	0.5	97983	120	97923	4109805	41.94
2000-2004	41	0.00135	0.00135	0.5	97863	132	97797	4011882	41.00
2000-2004	42	0.00151	0.00150	0.5	97731	147	97657	3914086	40.05
2000-2004	43	0.00166	0.00166	0.5	97584	162	97503	3816429	39.11
2000-2004	44	0.00181	0.00181	0.5	97422	176	97334	3718926	38.17
2000-2004	45	0.00193	0.00193	0.5	97246	188	97152	3621592	37.24
2000-2004	46	0.00211	0.00211	0.5	97058	205	96955	3524440	36.31
2000-2004	47	0.00227	0.00227	0.5	96853	220	96743	3427485	35.39
2000-2004	48	0.00245	0.00245	0.5	96633	237	96515	3330742	34.47
2000-2004	49	0.00274	0.00273	0.5	96396	263	96265	3234227	33.55
2000-2004	50	0.00292	0.00292	0.5	96133	281	95993	3137963	32.64
2000-2004	51	0.00314	0.00314	0.5	95853	301	95702	3041970	31.74
2000-2004	52	0.00341	0.00341	0.5	95552	326	95389	2946267	30.83
2000-2004	53	0.00372	0.00371	0.5	95226	353	95050	2850878	29.94
2000-2004	54	0.00395	0.00394	0.5	94873	374	94686	2755829	29.05
2000-2004	55	0.00429	0.00428	0.5	94499	404	94297	2661143	28.16
2000-2004	56	0.00483	0.00482	0.5	94095	454	93868	2566846	27.28
2000-2004	57	0.00520	0.00519	0.5	93641	486	93399	2472977	26.41
2000-2004	58	0.00569	0.00567	0.5	93156	528	92892	2379579	25.54
2000-2004	59	0.00639	0.00637	0.5	92627	590	92332	2286687	24.69
2000-2004	60	0.00701	0.00699	0.5	92037	643	91716	2194355	23.84
2000-2004	61	0.00770	0.00767	0.5	91394	701	91044	2102639	23.01
2000-2004	62	0.00841	0.00838	0.5	90693	760	90313	2011595	22.18
2000-2004	63	0.00917	0.00913	0.5	89933	821	89523	1921282	21.36
2000-2004	64	0.01000	0.00995	0.5	89112	887	88669	1831759	20.56
2000-2004	65	0.01104	0.01098	0.5	88226	969	87741	1743090	19.76
2000-2004	66	0.01195	0.01188	0.5	87257	1037	86738	1655349	18.97
2000-2004	67	0.01318	0.01309	0.5	86220	1129	85655	1568610	18.19
2000-2004	68	0.01446	0.01436	0.5	85091	1222	84480	1482955	17.43
2000-2004	69	0.01573	0.01561	0.5	83869	1309	83215	1398475	16.67
2000-2004	70	0.01761	0.01745	0.5	82560	1441	81839	1315260	15.93
2000-2004	71	0.01887	0.01870	0.5	81119	1517	80361	1233421	15.21
2000-2004	72	0.02089	0.02067	0.5	79602	1646	78779	1153060	14.49
2000-2004	73	0.02254	0.02229	0.5	77957	1738	77088	1074281	13.78
2000-2004	74	0.02536	0.02504	0.5	76219	1909	75264	997193	13.08
2000-2004	75	0.02788	0.02750	0.5	74310	2043	73288	921929	12.41
2000-2004	76	0.03043	0.02997	0.5	72267	2166	71184	848640	11.74
2000-2004	77	0.03396	0.03339	0.5	70101	2341	68930	777457	11.09
2000-2004	78	0.03690	0.03623	0.5	67760	2455	66533	708526	10.46
2000-2004	79	0.04163	0.04078	0.5	65305	2663	63974	641994	9.83
2000-2004	80	0.04886	0.04769	0.5	62642	2988	61148	578020	9.23
2000-2004	81	0.05395	0.05253	0.5	59654	3134	58087	516872	8.66
2000-2004	82	0.06114	0.05932	0.5	56521	3353	54844	458785	8.12
2000-2004	83	0.06744	0.06524	0.5	53167	3469	51433	403941	7.60
2000-2004	84	0.07702	0.07416	0.5	49699	3686	47856	352508	7.09
2000-2004	85	0.08469	0.08125	0.5	46013	3738	44144	304652	6.62
2000-2004	86	0.09604	0.09164	0.5	42274	3874	40337	260508	6.16
2000-2004	87	0.10740	0.10193	0.5	38401	3914	36443	220171	5.73
2000-2004	88	0.12002	0.11323	0.5	34486	3905	32534	183727	5.33
2000-2004	89	0.13503	0.12649	0.5	30582	3868	28647	151193	4.94
2000-2004	90	0.15119	0.14056	0.5	26713	3755	24836	122546	4.59
2000-2004	91	0.16868	0.15556	0.5	22958	3571	21173	97710	4.26
2000-2004	92	0.18792	0.17178	0.5	19387	3330	17722	76537	3.95
2000-2004	93	0.21045	0.19041	0.5	16057	3057	14528	58816	3.66
2000-2004	94	0.23532	0.21055	0.5	12999	2737	11631	44288	3.41
2000-2004	95	0.25432	0.22563	0.5	10262	2316	9105	32657	3.18
2000-2004	96	0.27942	0.24517	0.5	7947	1948	6973	23552	2.96
2000-2004	97	0.30597	0.26537	0.5	5999	1592	5203	16579	2.76
2000-2004	98	0.33388	0.28612	0.5	4407	1261	3776	11377	2.58
2000-2004	99	0.36300	0.30724	0.5	3146	967	2663	7600	2.42
2000-2004	100	0.39317	0.32857	0.5	2179	716	1821	4938	2.27
2000-2004	101	0.42417	0.34995	0.5	1463	512	1207	3116	2.13
2000-2004	102	0.45578	0.37119	0.5	951	353	775	1909	2.01
2000-2004	103	0.48775	0.39212	0.5	598	235	481	1135	1.90
2000-2004	104	0.51982	0.41258	0.5	364	150	289	654	1.80
2000-2004	105	0.55172	0.43243	0.5	214	92	167	365	1.71
2000-2004	106	0.58321	0.45154	0.5	121	55	94	198	1.63
2000-2004	107	0.61403	0.46980	0.5	66	31	51	104	1.56
2000-2004	108	0.64397	0.48712	0.5	35	17	27	53	1.50
2000-2004	109	0.67282	0.50345	0.5	18	9	14	26	1.46
2000-2004	110+	0.70042	1.00000	1.43	9	9	13	13	1.43
2005-2009	0	0.00491	0.00489	0.07	100000	489	99544	8170199	81.70
2005-2009	1	0.00038	0.00038	0.5	99511	37	99492	8070655	81.10
2005-2009	2	0.00021	0.00021	0.5	99474	21	99463	7971162	80.13
2005-2009	3	0.00016	0.00016	0.5	99452	16	99445	7871699	79.15
2005-2009	4	0.00013	0.00013	0.5	99437	13	99430	7772255	78.16
2005-2009	5	0.00013	0.00013	0.5	99423	13	99417	7672825	77.17
2005-2009	6	0.00011	0.00011	0.5	99411	11	99405	7573408	76.18
2005-2009	7	0.00010	0.00010	0.5	99399	10	99394	7474003	75.19
2005-2009	8	0.00010	0.00010	0.5	99389	10	99384	7374608	74.20
2005-2009	9	0.00011	0.00011	0.5	99379	10	99374	7275224	73.21
2005-2009	10	0.00010	0.00010	0.5	99369	10	99364	7175850	72.21
2005-2009	11	0.00010	0.00010	0.5	99359	10	99354	7076486	71.22
2005-2009	12	0.00012	0.00012	0.5	99348	12	99343	6977133	70.23
2005-2009	13	0.00012	0.00012	0.5	99337	12	99331	6877790	69.24
2005-2009	14	0.00015	0.00015	0.5	99325	15	99317	6778459	68.25
2005-2009	15	0.00019	0.00019	0.5	99310	19	99300	6679142	67.26
2005-2009	16	0.00025	0.00025	0.5	99290	25	99278	6579842	66.27
2005-2009	17	0.00028	0.00028	0.5	99265	28	99252	6480564	65.29
2005-2009	18	0.00034	0.00034	0.5	99238	34	99221	6381313	64.30
2005-2009	19	0.00035	0.00035	0.5	99204	35	99186	6282092	63.33
2005-2009	20	0.00037	0.00037	0.5	99168	36	99150	6182906	62.35
2005-2009	21	0.00040	0.00040	0.5	99132	40	99112	6083756	61.37
2005-2009	22	0.00039	0.00039	0.5	99092	39	99073	5984644	60.39
2005-2009	23	0.00038	0.00038	0.5	99053	38	99035	5885571	59.42
2005-2009	24	0.00038	0.00038	0.5	99016	38	98997	5786537	58.44
2005-2009	25	0.00039	0.00039	0.5	98978	39	98959	5687540	57.46
2005-2009	26	0.00043	0.00043	0.5	98940	43	98918	5588581	56.48
2005-2009	27	0.00043	0.00043	0.5	98897	42	98876	5489662	55.51
2005-2009	28	0.00044	0.00044	0.5	98855	44	98833	5390787	54.53
2005-2009	29	0.00047	0.00047	0.5	98811	47	98788	5291954	53.56
2005-2009	30	0.00047	0.00047	0.5	98765	47	98741	5193166	52.58
2005-2009	31	0.00055	0.00055	0.5	98718	55	98691	5094424	51.61
2005-2009	32	0.00056	0.00056	0.5	98663	55	98636	4995734	50.63
2005-2009	33	0.00058	0.00058	0.5	98608	58	98580	4897098	49.66
2005-2009	34	0.00063	0.00063	0.5	98551	62	98520	4798519	48.69
2005-2009	35	0.00070	0.00070	0.5	98489	69	98455	4699999	47.72
2005-2009	36	0.00075	0.00075	0.5	98420	74	98383	4601544	46.75
2005-2009	37	0.00080	0.00080	0.5	98346	79	98307	4503161	45.79
2005-2009	38	0.00089	0.00089	0.5	98267	87	98224	4404854	44.83
2005-2009	39	0.00104	0.00104	0.5	98180	102	98129	4306630	43.86
2005-2009	40	0.00112	0.00112	0.5	98078	110	98024	4208501	42.91
2005-2009	41	0.00121	0.00121	0.5	97969	119	97909	4110477	41.96
2005-2009	42	0.00134	0.00133	0.5	97850	131	97785	4012568	41.01
2005-2009	43	0.00150	0.00150	0.5	97719	147	97646	3914783	40.06
2005-2009	44	0.00164	0.00164	0.5	97572	160	97492	3817138	39.12
2005-2009	45	0.00186	0.00186	0.5	97412	181	97321	3719645	38.18
2005-2009	46	0.00204	0.00204	0.5	97231	198	97131	3622324	37.25
2005-2009	47	0.00228	0.00227	0.5	97032	221	96922	3525193	36.33
2005-2009	48	0.00244	0.00244	0.5	96812	236	96694	3428271	35.41
2005-2009	49	0.00259	0.00259	0.5	96576	250	96451	3331577	34.50
2005-2009	50	0.00285	0.00285	0.5	96326	274	96189	3235126	33.59
2005-2009	51	0.00305	0.00304	0.5	96052	292	95905	3138937	32.68
2005-2009	52	0.00336	0.00335	0.5	95759	321	95599	3043032	31.78
2005-2009	53	0.00365	0.00365	0.5	95439	348	95265	2947433	30.88
2005-2009	54	0.00378	0.00377	0.5	95091	358	94911	2852168	29.99
2005-2009	55	0.00405	0.00404	0.5	94732	383	94541	2757257	29.11
2005-2009	56	0.00438	0.00437	0.5	94349	413	94143	2662716	28.22
2005-2009	57	0.00472	0.00471	0.5	93936	442	93715	2568573	27.34
2005-2009	58	0.00519	0.00517	0.5	93494	484	93252	2474858	26.47
2005-2009	59	0.00566	0.00564	0.5	93010	525	92748	2381606	25.61
2005-2009	60	0.00628	0.00626	0.5	92486	579	92196	2288858	24.75
2005-2009	61	0.00658	0.00656	0.5	91907	603	91605	2196661	23.90
2005-2009	62	0.00733	0.00730	0.5	91304	667	90970	2105056	23.06
2005-2009	63	0.00800	0.00797	0.5	90637	723	90276	2014086	22.22
2005-2009	64	0.00889	0.00885	0.5	89914	796	89517	1923810	21.40
2005-2009	65	0.00974	0.00970	0.5	89119	864	88687	1834294	20.58
2005-2009	66	0.01035	0.01030	0.5	88255	909	87800	1745607	19.78
2005-2009	67	0.01153	0.01146	0.5	87346	1001	86845	1657807	18.98
2005-2009	68	0.01240	0.01232	0.5	86344	1064	85812	1570962	18.19
2005-2009	69	0.01382	0.01372	0.5	85280	1170	84695	1485149	17.41
2005-2009	70	0.01506	0.01495	0.5	84110	1258	83481	1400454	16.65
2005-2009	71	0.01659	0.01645	0.5	82853	1363	82171	1316972	15.90
2005-2009	72	0.01834	0.01818	0.5	81490	1481	80749	1234801	15.15
2005-2009	73	0.02026	0.02005	0.5	80008	1604	79206	1154052	14.42
2005-2009	74	0.02262	0.02237	0.5	78404	1754	77527	1074846	13.71
2005-2009	75	0.02474	0.02444	0.5	76650	1873	75713	997319	13.01
2005-2009	76	0.02699	0.02663	0.5	74777	1992	73781	921606	12.32
2005-2009	77	0.02988	0.02944	0.5	72785	2143	71714	847825	11.65
2005-2009	78	0.03335	0.03280	0.5	70642	2317	69484	776111	10.99
2005-2009	79	0.03680	0.03614	0.5	68325	2469	67090	706627	10.34
2005-2009	80	0.04342	0.04250	0.5	65856	2799	64456	639537	9.71
2005-2009	81	0.04831	0.04717	0.5	63057	2974	61570	575081	9.12
2005-2009	82	0.05460	0.05315	0.5	60082	3193	58486	513511	8.55
2005-2009	83	0.06098	0.05918	0.5	56889	3367	55206	455026	8.00
2005-2009	84	0.06780	0.06558	0.5	53523	3510	51768	399820	7.47
2005-2009	85	0.07710	0.07424	0.5	50013	3713	48157	348052	6.96
2005-2009	86	0.08690	0.08329	0.5	46300	3856	44372	299895	6.48
2005-2009	87	0.09752	0.09299	0.5	42444	3947	40471	255523	6.02
2005-2009	88	0.11112	0.10527	0.5	38497	4053	36471	215052	5.59
2005-2009	89	0.12352	0.11633	0.5	34445	4007	32441	178581	5.18
2005-2009	90	0.14002	0.13086	0.5	30438	3983	28446	146140	4.80
2005-2009	91	0.15881	0.14713	0.5	26454	3892	24508	117694	4.45
2005-2009	92	0.17714	0.16273	0.5	22562	3671	20727	93186	4.13
2005-2009	93	0.19470	0.17743	0.5	18891	3352	17215	72459	3.84
2005-2009	94	0.21729	0.19600	0.5	15539	3046	14016	55244	3.56
2005-2009	95	0.24076	0.21489	0.5	12493	2685	11151	41228	3.30
2005-2009	96	0.26572	0.23456	0.5	9809	2301	8658	30077	3.07
2005-2009	97	0.29227	0.25501	0.5	7508	1915	6551	21419	2.85
2005-2009	98	0.32032	0.27610	0.5	5593	1544	4821	14868	2.66
2005-2009	99	0.34973	0.29768	0.5	4049	1205	3446	10047	2.48
2005-2009	100	0.38033	0.31956	0.5	2844	909	2389	6601	2.32
2005-2009	101	0.41190	0.34156	0.5	1935	661	1605	4211	2.18
2005-2009	102	0.44423	0.36349	0.5	1274	463	1043	2607	2.05
2005-2009	103	0.47702	0.38516	0.5	811	312	655	1564	1.93
2005-2009	104	0.51002	0.40639	0.5	499	203	397	910	1.82
2005-2009	105	0.54294	0.42701	0.5	296	126	233	512	1.73
2005-2009	106	0.57548	0.44689	0.5	170	76	132	280	1.65
2005-2009	107	0.60738	0.46589	0.5	94	44	72	148	1.58
2005-2009	108	0.63839	0.48392	0.5	50	24	38	76	1.51
2005-2009	109	0.66828	0.50091	0.5	26	13	19	38	1.47
2005-2009	110+	0.69688	1.00000	1.43	13	13	19	19	1.43
2010-2014	0	0.00431	0.00430	0.07	100000	430	99598	8268270	82.68
2010-2014	1	0.00029	0.00029	0.5	99570	29	99556	8168672	82.04
2010-2014	2	0.00019	0.00019	0.5	99541	19	99532	8069116	81.06
2010-2014	3	0.00014	0.00014	0.5	99522	14	99516	7969584	80.08
2010-2014	4	0.00011	0.00011	0.5	99509	11	99503	7870069	79.09
2010-2014	5	0.00011	0.00011	0.5	99497	10	99492	7770566	78.10
2010-2014	6	0.00010	0.00010	0.5	99487	10	99482	7671074	77.11
2010-2014	7	0.00008	0.00008	0.5	99477	8	99473	7571592	76.11
2010-2014	8	0.00007	0.00007	0.5	99469	7	99465	7472118	75.12
2010-2014	9	0.00008	0.00008	0.5	99462	8	99458	7372653	74.13
2010-2014	10	0.00008	0.00008	0.5	99454	8	99450	7273195	73.13
2010-2014	11	0.00009	0.00009	0.5	99447	9	99442	7173745	72.14
2010-2014	12	0.00009	0.00009	0.5	99438	9	99433	7074302	71.14
2010-2014	13	0.00011	0.00011	0.5	99429	11	99423	6974869	70.15
2010-2014	14	0.00013	0.00013	0.5	99418	13	99411	6875446	69.16
2010-2014	15	0.00015	0.00015	0.5	99404	15	99397	6776035	68.17
2010-2014	16	0.00017	0.00017	0.5	99390	17	99381	6676638	67.18
2010-2014	17	0.00020	0.00020	0.5	99373	20	99363	6577257	66.19
2010-2014	18	0.00026	0.00026	0.5	99353	26	99340	6477893	65.20
2010-2014	19	0.00031	0.00031	0.5	99328	31	99312	6378553	64.22
2010-2014	20	0.00031	0.00031	0.5	99297	31	99281	6279241	63.24
2010-2014	21	0.00035	0.00035	0.5	99266	35	99249	6179960	62.26
2010-2014	22	0.00034	0.00034	0.5	99231	34	99214	6080711	61.28
2010-2014	23	0.00035	0.00035	0.5	99197	35	99180	5981497	60.30
2010-2014	24	0.00036	0.00036	0.5	99162	36	99144	5882317	59.32
2010-2014	25	0.00038	0.00038	0.5	99126	38	99107	5783173	58.34
2010-2014	26	0.00041	0.00041	0.5	99088	40	99068	5684066	57.36
2010-2014	27	0.00040	0.00040	0.5	99048	40	99028	5584998	56.39
2010-2014	28	0.00043	0.00043	0.5	99008	42	98987	5485970	55.41
2010-2014	29	0.00044	0.00044	0.5	98966	43	98944	5386982	54.43
2010-2014	30	0.00049	0.00049	0.5	98923	48	98898	5288038	53.46
2010-2014	31	0.00051	0.00051	0.5	98874	50	98849	5189140	52.48
2010-2014	32	0.00052	0.00052	0.5	98824	51	98798	5090290	51.51
2010-2014	33	0.00056	0.00056	0.5	98773	55	98745	4991492	50.54
2010-2014	34	0.00060	0.00060	0.5	98717	59	98688	4892747	49.56
2010-2014	35	0.00066	0.00066	0.5	98659	65	98626	4794059	48.59
2010-2014	36	0.00071	0.00071	0.5	98594	70	98558	4695433	47.62
2010-2014	37	0.00074	0.00074	0.5	98523	73	98487	4596874	46.66
2010-2014	38	0.00083	0.00083	0.5	98450	82	98409	4498387	45.69
2010-2014	39	0.00090	0.00090	0.5	98369	89	98324	4399978	44.73
2010-2014	40	0.00098	0.00098	0.5	98280	97	98231	4301654	43.77
2010-2014	41	0.00107	0.00107	0.5	98183	105	98130	4203423	42.81
2010-2014	42	0.00120	0.00120	0.5	98078	118	98019	4105292	41.86
2010-2014	43	0.00132	0.00132	0.5	97960	129	97895	4007273	40.91
2010-2014	44	0.00148	0.00148	0.5	97831	145	97758	3909378	39.96
2010-2014	45	0.00155	0.00155	0.5	97686	151	97610	3811620	39.02
2010-2014	46	0.00181	0.00181	0.5	97535	177	97446	3714010	38.08
2010-2014	47	0.00195	0.00195	0.5	97358	190	97263	3616564	37.15
2010-2014	48	0.00214	0.00214	0.5	97168	208	97064	3519301	36.22
2010-2014	49	0.00242	0.00242	0.5	96960	235	96843	3422237	35.30
2010-2014	50	0.00265	0.00265	0.5	96725	256	96597	3325394	34.38
2010-2014	51	0.00294	0.00293	0.5	96469	283	96328	3228796	33.47
2010-2014	52	0.00309	0.00309	0.5	96186	297	96038	3132469	32.57
2010-2014	53	0.00339	0.00339	0.5	95889	325	95727	3036431	31.67
2010-2014	54	0.00360	0.00360	0.5	95564	344	95393	2940704	30.77
2010-2014	55	0.00401	0.00400	0.5	95221	381	95030	2845312	29.88
2010-2014	56	0.00422	0.00421	0.5	94840	399	94640	2750281	29.00
2010-2014	57	0.00457	0.00456	0.5	94440	431	94225	2655641	28.12
2010-2014	58	0.00477	0.00476	0.5	94010	447	93786	2561417	27.25
2010-2014	59	0.00526	0.00525	0.5	93562	491	93317	2467631	26.37
2010-2014	60	0.00569	0.00567	0.5	93071	528	92807	2374314	25.51
2010-2014	61	0.00619	0.00617	0.5	92544	571	92258	2281507	24.65
2010-2014	62	0.00644	0.00642	0.5	91972	591	91677	2189249	23.80
2010-2014	63	0.00748	0.00745	0.5	91381	681	91041	2097572	22.95
2010-2014	64	0.00785	0.00782	0.5	90700	710	90345	2006531	22.12
2010-2014	65	0.00854	0.00850	0.5	89991	765	89608	1916186	21.29
2010-2014	66	0.00908	0.00904	0.5	89225	806	88822	1826578	20.47
2010-2014	67	0.01008	0.01003	0.5	88419	887	87975	1737756	19.65
2010-2014	68	0.01110	0.01104	0.5	87532	967	87049	1649780	18.85
2010-2014	69	0.01210	0.01203	0.5	86565	1041	86045	1562732	18.05
2010-2014	70	0.01356	0.01346	0.5	85524	1152	84948	1476687	17.27
2010-2014	71	0.01481	0.01470	0.5	84373	1240	83752	1391739	16.50
2010-2014	72	0.01594	0.01582	0.5	83132	1315	82475	1307986	15.73
2010-2014	73	0.01776	0.01761	0.5	81817	1440	81097	1225511	14.98
2010-2014	74	0.01969	0.01950	0.5	80377	1567	79593	1144414	14.24
2010-2014	75	0.02212	0.02188	0.5	78810	1724	77947	1064821	13.51
2010-2014	76	0.02454	0.02424	0.5	77085	1869	76151	986874	12.80
2010-2014	77	0.02739	0.02702	0.5	75216	2033	74200	910723	12.11
2010-2014	78	0.03001	0.02957	0.5	73184	2164	72102	836523	11.43
2010-2014	79	0.03328	0.03274	0.5	71020	2325	69857	764421	10.76
2010-2014	80	0.04012	0.03933	0.5	68695	2702	67344	694564	10.11
2010-2014	81	0.04485	0.04386	0.5	65993	2895	64545	627220	9.50
2010-2014	82	0.04950	0.04830	0.5	63098	3048	61574	562675	8.92
2010-2014	83	0.05595	0.05443	0.5	60051	3269	58416	501100	8.34
2010-2014	84	0.06366	0.06169	0.5	56782	3503	55030	442684	7.80
2010-2014	85	0.07160	0.06912	0.5	53279	3683	51437	387654	7.28
2010-2014	86	0.07965	0.07660	0.5	49596	3799	47696	336216	6.78
2010-2014	87	0.09013	0.08624	0.5	45797	3950	43822	288520	6.30
2010-2014	88	0.10219	0.09722	0.5	41847	4069	39813	244698	5.85
2010-2014	89	0.11559	0.10928	0.5	37779	4128	35714	204885	5.42
2010-2014	90	0.13148	0.12337	0.5	33650	4152	31574	169171	5.03
2010-2014	91	0.14626	0.13630	0.5	29499	4021	27488	137596	4.66
2010-2014	92	0.16544	0.15280	0.5	25478	3893	23532	110108	4.32
2010-2014	93	0.18243	0.16718	0.5	21585	3609	19781	86576	4.01
2010-2014	94	0.20563	0.18646	0.5	17976	3352	16300	66796	3.72
2010-2014	95	0.22618	0.20320	0.5	14625	2972	13139	50495	3.45
2010-2014	96	0.25021	0.22239	0.5	11653	2591	10357	37357	3.21
2010-2014	97	0.27588	0.24244	0.5	9061	2197	7963	26999	2.98
2010-2014	98	0.30312	0.26322	0.5	6865	1807	5961	19036	2.77
2010-2014	99	0.33181	0.28460	0.5	5058	1439	4338	13075	2.59
2010-2014	100	0.36182	0.30639	0.5	3618	1109	3064	8737	2.41
2010-2014	101	0.39294	0.32841	0.5	2510	824	2098	5673	2.26
2010-2014	102	0.42495	0.35048	0.5	1685	591	1390	3576	2.12
2010-2014	103	0.45761	0.37240	0.5	1095	408	891	2186	2.00
2010-2014	104	0.49063	0.39398	0.5	687	271	552	1295	1.88
2010-2014	105	0.52374	0.41505	0.5	416	173	330	743	1.78
2010-2014	106	0.55664	0.43545	0.5	244	106	191	413	1.70
2010-2014	107	0.58905	0.45503	0.5	137	63	106	223	1.62
2010-2014	108	0.62071	0.47369	0.5	75	35	57	116	1.55
2010-2014	109	0.65137	0.49134	0.5	39	19	30	59	1.50
2010-2014	110+	0.68082	1.00000	1.47	20	20	29	29	1.47
2015-2019	0	0.00391	0.00390	0.06	100000	390	99635	8298059	82.98
2015-2019	1	0.00025	0.00025	0.5	99610	25	99598	8198423	82.30
2015-2019	2	0.00017	0.00017	0.5	99585	17	99577	8098826	81.33
2015-2019	3	0.00013	0.00013	0.5	99568	13	99562	7999249	80.34
2015-2019	4	0.00010	0.00010	0.5	99555	10	99550	7899687	79.35
2015-2019	5	0.00009	0.00009	0.5	99546	9	99541	7800136	78.36
2015-2019	6	0.00009	0.00009	0.5	99536	9	99532	7700596	77.36
2015-2019	7	0.00009	0.00009	0.5	99527	9	99523	7601064	76.37
2015-2019	8	0.00008	0.00008	0.5	99519	7	99515	7501541	75.38
2015-2019	9	0.00008	0.00008	0.5	99511	7	99507	7402026	74.38
2015-2019	10	0.00009	0.00009	0.5	99504	9	99499	7302519	73.39
2015-2019	11	0.00008	0.00008	0.5	99495	8	99491	7203019	72.40
2015-2019	12	0.00009	0.00009	0.5	99487	9	99482	7103529	71.40
2015-2019	13	0.00012	0.00012	0.5	99478	11	99472	7004047	70.41
2015-2019	14	0.00013	0.00013	0.5	99466	13	99460	6904575	69.42
2015-2019	15	0.00017	0.00017	0.5	99453	17	99445	6805115	68.43
2015-2019	16	0.00018	0.00018	0.5	99436	18	99427	6705670	67.44
2015-2019	17	0.00023	0.00023	0.5	99418	23	99407	6606243	66.45
2015-2019	18	0.00027	0.00027	0.5	99395	27	99382	6506836	65.46
2015-2019	19	0.00033	0.00033	0.5	99368	32	99352	6407454	64.48
2015-2019	20	0.00035	0.00035	0.5	99336	35	99318	6308102	63.50
2015-2019	21	0.00036	0.00036	0.5	99301	36	99283	6208784	62.52
2015-2019	22	0.00038	0.00038	0.5	99265	38	99246	6109501	61.55
2015-2019	23	0.00041	0.00041	0.5	99227	40	99207	6010255	60.57
2015-2019	24	0.00038	0.00038	0.5	99187	38	99168	5911048	59.60
2015-2019	25	0.00043	0.00043	0.5	99149	42	99128	5811880	58.62
2015-2019	26	0.00043	0.00043	0.5	99107	42	99085	5712752	57.64
2015-2019	27	0.00046	0.00046	0.5	99064	46	99042	5613667	56.67
2015-2019	28	0.00046	0.00046	0.5	99019	46	98996	5514626	55.69
2015-2019	29	0.00047	0.00047	0.5	98973	47	98950	5415630	54.72
2015-2019	30	0.00054	0.00054	0.5	98926	53	98900	5316680	53.74
2015-2019	31	0.00057	0.00057	0.5	98873	57	98845	5217780	52.77
2015-2019	32	0.00062	0.00062	0.5	98817	61	98786	5118935	51.80
2015-2019	33	0.00067	0.00067	0.5	98756	66	98723	5020149	50.83
2015-2019	34	0.00069	0.00069	0.5	98690	68	98656	4921426	49.87
2015-2019	35	0.00073	0.00073	0.5	98622	72	98586	4822770	48.90
2015-2019	36	0.00082	0.00082	0.5	98550	81	98510	4724184	47.94
2015-2019	37	0.00084	0.00084	0.5	98470	82	98429	4625674	46.98
2015-2019	38	0.00096	0.00096	0.5	98387	95	98340	4527245	46.01
2015-2019	39	0.00094	0.00094	0.5	98293	93	98247	4428905	45.06
2015-2019	40	0.00110	0.00109	0.5	98200	107	98147	4330658	44.10
2015-2019	41	0.00104	0.00104	0.5	98093	102	98042	4232512	43.15
2015-2019	42	0.00115	0.00115	0.5	97991	113	97934	4134470	42.19
2015-2019	43	0.00129	0.00128	0.5	97878	126	97815	4036535	41.24
2015-2019	44	0.00136	0.00136	0.5	97752	133	97686	3938720	40.29
2015-2019	45	0.00160	0.00160	0.5	97620	156	97542	3841034	39.35
2015-2019	46	0.00169	0.00169	0.5	97463	165	97381	3743493	38.41
2015-2019	47	0.00181	0.00181	0.5	97299	176	97211	3646112	37.47
2015-2019	48	0.00205	0.00205	0.5	97123	199	97023	3548901	36.54
2015-2019	49	0.00225	0.00225	0.5	96924	218	96815	3451878	35.61
2015-2019	50	0.00250	0.00250	0.5	96705	242	96585	3355064	34.69
2015-2019	51	0.00271	0.00271	0.5	96464	261	96333	3258479	33.78
2015-2019	52	0.00297	0.00296	0.5	96203	285	96060	3162146	32.87
2015-2019	53	0.00320	0.00320	0.5	95918	307	95764	3066086	31.97
2015-2019	54	0.00351	0.00351	0.5	95611	335	95443	2970321	31.07
2015-2019	55	0.00386	0.00385	0.5	95276	367	95092	2874878	30.17
2015-2019	56	0.00419	0.00418	0.5	94909	396	94710	2779786	29.29
2015-2019	57	0.00452	0.00451	0.5	94512	427	94299	2685075	28.41
2015-2019	58	0.00487	0.00486	0.5	94086	458	93857	2590776	27.54
2015-2019	59	0.00530	0.00529	0.5	93628	495	93381	2496919	26.67
2015-2019	60	0.00573	0.00571	0.5	93133	532	92867	2403539	25.81
2015-2019	61	0.00617	0.00615	0.5	92601	570	92316	2310672	24.95
2015-2019	62	0.00663	0.00660	0.5	92031	608	91727	2218356	24.10
2015-2019	63	0.00711	0.00709	0.5	91423	648	91099	2126628	23.26
2015-2019	64	0.00763	0.00760	0.5	90775	690	90431	2035529	22.42
2015-2019	65	0.00827	0.00824	0.5	90086	742	89715	1945098	21.59
2015-2019	66	0.00871	0.00867	0.5	89343	775	88956	1855384	20.77
2015-2019	67	0.00970	0.00966	0.5	88569	855	88141	1766428	19.94
2015-2019	68	0.01062	0.01056	0.5	87714	926	87250	1678286	19.13
2015-2019	69	0.01146	0.01140	0.5	86787	989	86293	1591036	18.33
2015-2019	70	0.01254	0.01247	0.5	85798	1070	85263	1504743	17.54
2015-2019	71	0.01386	0.01377	0.5	84729	1167	84145	1419480	16.75
2015-2019	72	0.01547	0.01535	0.5	83562	1283	82921	1335334	15.98
2015-2019	73	0.01670	0.01656	0.5	82279	1363	81598	1252413	15.22
2015-2019	74	0.01872	0.01855	0.5	80917	1501	80166	1170815	14.47
2015-2019	75	0.02090	0.02068	0.5	79416	1642	78595	1090649	13.73
2015-2019	76	0.02292	0.02266	0.5	77774	1762	76892	1012054	13.01
2015-2019	77	0.02559	0.02527	0.5	76011	1920	75051	935162	12.30
2015-2019	78	0.02839	0.02799	0.5	74091	2074	73054	860111	11.61
2015-2019	79	0.03190	0.03140	0.5	72017	2261	70886	787057	10.93
2015-2019	80	0.03776	0.03706	0.5	69756	2585	68463	716171	10.27
2015-2019	81	0.04229	0.04142	0.5	67170	2782	65779	647708	9.64
2015-2019	82	0.04825	0.04711	0.5	64388	3034	62871	581929	9.04
2015-2019	83	0.05430	0.05286	0.5	61355	3243	59733	519058	8.46
2015-2019	84	0.06103	0.05922	0.5	58111	3441	56391	459325	7.90
2015-2019	85	0.06841	0.06614	0.5	54670	3616	52862	402934	7.37
2015-2019	86	0.07755	0.07465	0.5	51054	3811	49148	350073	6.86
2015-2019	87	0.08744	0.08378	0.5	47242	3958	45264	300924	6.37
2015-2019	88	0.10015	0.09537	0.5	43285	4128	41221	255661	5.91
2015-2019	89	0.11124	0.10538	0.5	39157	4126	37093	214440	5.48
2015-2019	90	0.12827	0.12054	0.5	35030	4222	32919	177347	5.06
2015-2019	91	0.14522	0.13539	0.5	30808	4171	28722	144428	4.69
2015-2019	92	0.16333	0.15100	0.5	26637	4022	24626	115706	4.34
2015-2019	93	0.18185	0.16669	0.5	22615	3770	20730	91080	4.03
2015-2019	94	0.20144	0.18301	0.5	18845	3449	17120	70351	3.73
2015-2019	95	0.22464	0.20196	0.5	15396	3109	13841	53230	3.46
2015-2019	96	0.24910	0.22151	0.5	12287	2722	10926	39389	3.21
2015-2019	97	0.27527	0.24197	0.5	9565	2314	8408	28463	2.98
2015-2019	98	0.30308	0.26320	0.5	7251	1908	6296	20055	2.77
2015-2019	99	0.33241	0.28504	0.5	5342	1523	4581	13758	2.58
2015-2019	100	0.36311	0.30731	0.5	3820	1174	3233	9178	2.40
2015-2019	101	0.39496	0.32982	0.5	2646	873	2209	5945	2.25
2015-2019	102	0.42772	0.35237	0.5	1773	625	1461	3735	2.11
2015-2019	103	0.46114	0.37474	0.5	1148	430	933	2275	1.98
2015-2019	104	0.49491	0.39673	0.5	718	285	576	1342	1.87
2015-2019	105	0.52872	0.41817	0.5	433	181	343	766	1.77
2015-2019	106	0.56227	0.43889	0.5	252	111	197	423	1.68
2015-2019	107	0.59526	0.45873	0.5	141	65	109	227	1.60
2015-2019	108	0.62742	0.47759	0.5	77	37	58	118	1.54
2015-2019	109	0.65848	0.49538	0.5	40	20	30	59	1.49
2015-2019	110+	0.68824	1.00000	1.45	20	20	29	29	1.45
2020-2022	0	0.00375	0.00373	0.06	100000	373	99650	8190376	81.90
2020-2022	1	0.00028	0.00028	0.5	99627	28	99613	8090725	81.21
2020-2022	2	0.00018	0.00018	0.5	99599	18	99590	7991113	80.23
2020-2022	3	0.00012	0.00012	0.5	99581	12	99575	7891522	79.25
2020-2022	4	0.00010	0.00010	0.5	99569	10	99564	7791947	78.26
2020-2022	5	0.00008	0.00008	0.5	99559	8	99555	7692383	77.26
2020-2022	6	0.00008	0.00008	0.5	99551	8	99547	7592827	76.27
2020-2022	7	0.00007	0.00007	0.5	99543	7	99539	7493281	75.28
2020-2022	8	0.00009	0.00009	0.5	99536	9	99531	7393741	74.28
2020-2022	9	0.00009	0.00009	0.5	99527	9	99522	7294210	73.29
2020-2022	10	0.00008	0.00008	0.5	99518	8	99514	7194688	72.30
2020-2022	11	0.00008	0.00008	0.5	99510	8	99506	7095174	71.30
2020-2022	12	0.00011	0.00011	0.5	99502	11	99497	6995668	70.31
2020-2022	13	0.00013	0.00013	0.5	99492	13	99485	6896171	69.31
2020-2022	14	0.00018	0.00018	0.5	99479	18	99470	6796686	68.32
2020-2022	15	0.00019	0.00019	0.5	99461	19	99452	6697216	67.34
2020-2022	16	0.00025	0.00025	0.5	99442	25	99430	6597765	66.35
2020-2022	17	0.00029	0.00029	0.5	99417	29	99403	6498335	65.36
2020-2022	18	0.00035	0.00035	0.5	99389	35	99371	6398932	64.38
2020-2022	19	0.00042	0.00042	0.5	99354	42	99333	6299561	63.41
2020-2022	20	0.00045	0.00045	0.5	99312	45	99290	6200227	62.43
2020-2022	21	0.00048	0.00048	0.5	99268	47	99244	6100938	61.46
2020-2022	22	0.00052	0.00052	0.5	99220	52	99195	6001694	60.49
2020-2022	23	0.00052	0.00052	0.5	99169	52	99143	5902499	59.52
2020-2022	24	0.00050	0.00050	0.5	99117	50	99092	5803356	58.55
2020-2022	25	0.00059	0.00059	0.5	99067	58	99038	5704264	57.58
2020-2022	26	0.00059	0.00059	0.5	99009	58	98980	5605226	56.61
2020-2022	27	0.00065	0.00064	0.5	98951	64	98919	5506246	55.65
2020-2022	28	0.00066	0.00066	0.5	98887	65	98855	5407326	54.68
2020-2022	29	0.00069	0.00069	0.5	98822	68	98788	5308472	53.72
2020-2022	30	0.00078	0.00078	0.5	98754	77	98716	5209683	52.75
2020-2022	31	0.00078	0.00078	0.5	98677	77	98639	5110968	51.79
2020-2022	32	0.00080	0.00080	0.5	98601	79	98561	5012328	50.83
2020-2022	33	0.00095	0.00095	0.5	98522	94	98475	4913767	49.87
2020-2022	34	0.00096	0.00096	0.5	98428	94	98381	4815292	48.92
2020-2022	35	0.00096	0.00096	0.5	98334	94	98287	4716911	47.97
2020-2022	36	0.00107	0.00107	0.5	98239	105	98187	4618625	47.01
2020-2022	37	0.00115	0.00115	0.5	98134	113	98078	4520438	46.06
2020-2022	38	0.00113	0.00113	0.5	98021	110	97966	4422360	45.12
2020-2022	39	0.00130	0.00130	0.5	97911	127	97847	4324394	44.17
2020-2022	40	0.00141	0.00141	0.5	97783	137	97715	4226547	43.22
2020-2022	41	0.00143	0.00143	0.5	97646	140	97576	4128833	42.28
2020-2022	42	0.00155	0.00155	0.5	97506	151	97431	4031256	41.34
2020-2022	43	0.00173	0.00172	0.5	97355	168	97271	3933825	40.41
2020-2022	44	0.00176	0.00175	0.5	97188	171	97102	3836554	39.48
2020-2022	45	0.00195	0.00194	0.5	97017	189	96923	3739452	38.54
2020-2022	46	0.00209	0.00209	0.5	96828	202	96727	3642529	37.62
2020-2022	47	0.00218	0.00218	0.5	96626	211	96521	3545802	36.70
2020-2022	48	0.00245	0.00244	0.5	96415	236	96298	3449281	35.78
2020-2022	49	0.00259	0.00259	0.5	96180	249	96056	3352983	34.86
2020-2022	50	0.00289	0.00289	0.5	95931	277	95793	3256928	33.95
2020-2022	51	0.00309	0.00308	0.5	95654	295	95506	3161135	33.05
2020-2022	52	0.00329	0.00328	0.5	95359	313	95202	3065629	32.15
2020-2022	53	0.00368	0.00368	0.5	95046	349	94871	2970426	31.25
2020-2022	54	0.00395	0.00394	0.5	94696	373	94510	2875555	30.37
2020-2022	55	0.00419	0.00418	0.5	94323	394	94126	2781046	29.48
2020-2022	56	0.00455	0.00454	0.5	93929	426	93715	2686920	28.61
2020-2022	57	0.00515	0.00514	0.5	93502	480	93262	2593204	27.73
2020-2022	58	0.00542	0.00541	0.5	93022	503	92771	2499942	26.87
2020-2022	59	0.00587	0.00585	0.5	92519	541	92248	2407172	26.02
2020-2022	60	0.00670	0.00668	0.5	91978	614	91671	2314924	25.17
2020-2022	61	0.00716	0.00713	0.5	91364	652	91038	2223253	24.33
2020-2022	62	0.00760	0.00757	0.5	90712	687	90369	2132215	23.51
2020-2022	63	0.00849	0.00845	0.5	90025	761	89645	2041847	22.68
2020-2022	64	0.00901	0.00897	0.5	89264	801	88864	1952202	21.87
2020-2022	65	0.00955	0.00950	0.5	88463	841	88043	1863338	21.06
2020-2022	66	0.01012	0.01007	0.5	87623	882	87182	1775295	20.26
2020-2022	67	0.01099	0.01093	0.5	86741	948	86267	1688114	19.46
2020-2022	68	0.01173	0.01166	0.5	85793	1001	85292	1601847	18.67
2020-2022	69	0.01281	0.01273	0.5	84792	1080	84252	1516555	17.89
2020-2022	70	0.01371	0.01362	0.5	83712	1140	83142	1432303	17.11
2020-2022	71	0.01507	0.01496	0.5	82572	1235	81955	1349160	16.34
2020-2022	72	0.01674	0.01660	0.5	81337	1350	80662	1267205	15.58
2020-2022	73	0.01843	0.01826	0.5	79987	1461	79257	1186543	14.83
2020-2022	74	0.02056	0.02035	0.5	78526	1598	77728	1107286	14.10
2020-2022	75	0.02271	0.02245	0.5	76929	1727	76065	1029559	13.38
2020-2022	76	0.02464	0.02434	0.5	75201	1830	74286	953494	12.68
2020-2022	77	0.02873	0.02832	0.5	73371	2078	72332	879208	11.98
2020-2022	78	0.03173	0.03123	0.5	71293	2227	70180	806876	11.32
2020-2022	79	0.03487	0.03427	0.5	69066	2367	67883	736696	10.67
2020-2022	80	0.03947	0.03870	0.5	66699	2581	65408	668814	10.03
2020-2022	81	0.04427	0.04331	0.5	64118	2777	62729	603405	9.41
2020-2022	82	0.05055	0.04930	0.5	61341	3024	59829	540676	8.81
2020-2022	83	0.05681	0.05524	0.5	58317	3221	56706	480847	8.25
2020-2022	84	0.06375	0.06178	0.5	55095	3404	53393	424141	7.70
2020-2022	85	0.07286	0.07030	0.5	51691	3634	49875	370748	7.17
2020-2022	86	0.08110	0.07794	0.5	48058	3745	46185	320873	6.68
2020-2022	87	0.09215	0.08809	0.5	44312	3903	42361	274688	6.20
2020-2022	88	0.10340	0.09832	0.5	40409	3973	38422	232328	5.75
2020-2022	89	0.11896	0.11228	0.5	36436	4091	34390	193905	5.32
2020-2022	90	0.13334	0.12501	0.5	32345	4043	30323	159515	4.93
2020-2022	91	0.14952	0.13912	0.5	28301	3937	26333	129192	4.56
2020-2022	92	0.17004	0.15672	0.5	24364	3818	22455	102859	4.22
2020-2022	93	0.18814	0.17196	0.5	20546	3533	18779	80404	3.91
2020-2022	94	0.21143	0.19122	0.5	17013	3253	15386	61625	3.62
2020-2022	95	0.23361	0.20917	0.5	13760	2878	12321	46239	3.36
2020-2022	96	0.25871	0.22908	0.5	10881	2493	9635	33918	3.12
2020-2022	97	0.28551	0.24984	0.5	8389	2096	7341	24283	2.89
2020-2022	98	0.31391	0.27132	0.5	6293	1707	5439	16942	2.69
2020-2022	99	0.34377	0.29335	0.5	4585	1345	3913	11503	2.51
2020-2022	100	0.37492	0.31573	0.5	3240	1023	2729	7590	2.34
2020-2022	101	0.40715	0.33828	0.5	2217	750	1842	4861	2.19
2020-2022	102	0.44019	0.36078	0.5	1467	529	1203	3019	2.06
2020-2022	103	0.47377	0.38304	0.5	938	359	758	1817	1.94
2020-2022	104	0.50759	0.40484	0.5	579	234	461	1058	1.83
2020-2022	105	0.54134	0.42603	0.5	344	147	271	597	1.73
2020-2022	106	0.57472	0.44643	0.5	198	88	154	326	1.65
2020-2022	107	0.60743	0.46592	0.5	109	51	84	172	1.57
2020-2022	108	0.63920	0.48439	0.5	58	28	44	88	1.51
2020-2022	109	0.66980	0.50176	0.5	30	15	23	44	1.46
2020-2022	110+	0.69903	1.00000	1.43	15	15	21	21	1.43
