Div9: Div9, Lifetables (period 1x10), Males Last modified: February 4 2025, MPv5 (May07) 

Year     	Age	mx	qx	ax	lx	dx	Lx	Tx	ex
1960-1969	0	0.02494	0.02440	0.11	100000	2440	97833	6775725	67.76
1960-1969	1	0.00152	0.00151	0.5	97560	148	97486	6677892	68.45
1960-1969	2	0.00105	0.00105	0.5	97412	102	97361	6580406	67.55
1960-1969	3	0.00079	0.00079	0.5	97310	77	97272	6483045	66.62
1960-1969	4	0.00065	0.00065	0.5	97234	63	97202	6385773	65.67
1960-1969	5	0.00057	0.00057	0.5	97170	55	97143	6288571	64.72
1960-1969	6	0.00053	0.00053	0.5	97115	51	97090	6191428	63.75
1960-1969	7	0.00047	0.00047	0.5	97064	45	97041	6094338	62.79
1960-1969	8	0.00044	0.00044	0.5	97019	42	96998	5997297	61.82
1960-1969	9	0.00040	0.00040	0.5	96976	39	96957	5900299	60.84
1960-1969	10	0.00037	0.00037	0.5	96938	36	96920	5803342	59.87
1960-1969	11	0.00040	0.00040	0.5	96902	38	96882	5706422	58.89
1960-1969	12	0.00043	0.00043	0.5	96863	41	96842	5609540	57.91
1960-1969	13	0.00052	0.00052	0.5	96822	50	96797	5512698	56.94
1960-1969	14	0.00059	0.00059	0.5	96771	57	96743	5415901	55.97
1960-1969	15	0.00079	0.00079	0.5	96715	76	96677	5319158	55.00
1960-1969	16	0.00111	0.00111	0.5	96639	107	96585	5222481	54.04
1960-1969	17	0.00135	0.00134	0.5	96532	130	96467	5125896	53.10
1960-1969	18	0.00163	0.00163	0.5	96402	157	96323	5029430	52.17
1960-1969	19	0.00177	0.00177	0.5	96245	170	96160	4933106	51.26
1960-1969	20	0.00180	0.00180	0.5	96075	173	95988	4836947	50.35
1960-1969	21	0.00193	0.00193	0.5	95902	185	95809	4740959	49.44
1960-1969	22	0.00189	0.00189	0.5	95716	181	95626	4645150	48.53
1960-1969	23	0.00187	0.00187	0.5	95535	179	95446	4549524	47.62
1960-1969	24	0.00174	0.00173	0.5	95357	165	95274	4454078	46.71
1960-1969	25	0.00175	0.00175	0.5	95192	166	95108	4358803	45.79
1960-1969	26	0.00168	0.00168	0.5	95025	160	94945	4263695	44.87
1960-1969	27	0.00172	0.00171	0.5	94866	163	94784	4168749	43.94
1960-1969	28	0.00178	0.00178	0.5	94703	168	94619	4073965	43.02
1960-1969	29	0.00179	0.00179	0.5	94534	169	94450	3979346	42.09
1960-1969	30	0.00178	0.00178	0.5	94365	168	94281	3884897	41.17
1960-1969	31	0.00186	0.00186	0.5	94197	175	94110	3790615	40.24
1960-1969	32	0.00196	0.00195	0.5	94023	184	93931	3696505	39.32
1960-1969	33	0.00210	0.00210	0.5	93839	197	93740	3602575	38.39
1960-1969	34	0.00214	0.00214	0.5	93642	200	93542	3508834	37.47
1960-1969	35	0.00230	0.00230	0.5	93442	215	93334	3415292	36.55
1960-1969	36	0.00249	0.00248	0.5	93227	231	93111	3321958	35.63
1960-1969	37	0.00264	0.00263	0.5	92996	245	92873	3228847	34.72
1960-1969	38	0.00292	0.00292	0.5	92751	271	92615	3135973	33.81
1960-1969	39	0.00323	0.00322	0.5	92480	298	92331	3043358	32.91
1960-1969	40	0.00349	0.00348	0.5	92182	321	92022	2951027	32.01
1960-1969	41	0.00380	0.00379	0.5	91861	348	91687	2859005	31.12
1960-1969	42	0.00428	0.00427	0.5	91513	391	91318	2767318	30.24
1960-1969	43	0.00463	0.00462	0.5	91122	421	90912	2676001	29.37
1960-1969	44	0.00521	0.00520	0.5	90701	471	90465	2585089	28.50
1960-1969	45	0.00570	0.00568	0.5	90230	512	89974	2494624	27.65
1960-1969	46	0.00618	0.00616	0.5	89717	552	89441	2404650	26.80
1960-1969	47	0.00674	0.00672	0.5	89165	599	88865	2315209	25.97
1960-1969	48	0.00739	0.00737	0.5	88566	652	88239	2226344	25.14
1960-1969	49	0.00836	0.00833	0.5	87913	732	87547	2138104	24.32
1960-1969	50	0.00913	0.00909	0.5	87181	793	86785	2050557	23.52
1960-1969	51	0.01017	0.01012	0.5	86389	874	85952	1963772	22.73
1960-1969	52	0.01113	0.01107	0.5	85514	947	85041	1877821	21.96
1960-1969	53	0.01228	0.01221	0.5	84568	1032	84052	1792779	21.20
1960-1969	54	0.01340	0.01331	0.5	83536	1112	82980	1708728	20.46
1960-1969	55	0.01468	0.01457	0.5	82424	1201	81823	1625748	19.72
1960-1969	56	0.01597	0.01584	0.5	81223	1287	80579	1543925	19.01
1960-1969	57	0.01758	0.01743	0.5	79936	1393	79239	1463346	18.31
1960-1969	58	0.01932	0.01914	0.5	78542	1503	77791	1384107	17.62
1960-1969	59	0.02063	0.02042	0.5	77039	1573	76253	1306316	16.96
1960-1969	60	0.02228	0.02204	0.5	75466	1663	74635	1230063	16.30
1960-1969	61	0.02418	0.02389	0.5	73803	1763	72922	1155428	15.66
1960-1969	62	0.02702	0.02666	0.5	72040	1920	71080	1082507	15.03
1960-1969	63	0.02864	0.02824	0.5	70120	1980	69130	1011427	14.42
1960-1969	64	0.03120	0.03072	0.5	68140	2094	67093	942297	13.83
1960-1969	65	0.03448	0.03389	0.5	66046	2239	64927	875205	13.25
1960-1969	66	0.03634	0.03569	0.5	63807	2278	62669	810278	12.70
1960-1969	67	0.03968	0.03891	0.5	61530	2394	60333	747609	12.15
1960-1969	68	0.04232	0.04145	0.5	59136	2451	57910	687276	11.62
1960-1969	69	0.04521	0.04421	0.5	56685	2506	55432	629366	11.10
1960-1969	70	0.04940	0.04821	0.5	54179	2612	52873	573934	10.59
1960-1969	71	0.05214	0.05082	0.5	51567	2621	50257	521061	10.10
1960-1969	72	0.05787	0.05624	0.5	48946	2753	47570	470805	9.62
1960-1969	73	0.06181	0.05995	0.5	46194	2770	44809	423235	9.16
1960-1969	74	0.06697	0.06480	0.5	43424	2814	42017	378426	8.71
1960-1969	75	0.07216	0.06965	0.5	40610	2828	39196	336409	8.28
1960-1969	76	0.07692	0.07407	0.5	37782	2799	36382	297213	7.87
1960-1969	77	0.08281	0.07952	0.5	34983	2782	33592	260831	7.46
1960-1969	78	0.08816	0.08444	0.5	32201	2719	30842	227239	7.06
1960-1969	79	0.09681	0.09234	0.5	29482	2722	28121	196398	6.66
1960-1969	80	0.10612	0.10078	0.5	26760	2697	25411	168277	6.29
1960-1969	81	0.11189	0.10596	0.5	24063	2550	22788	142865	5.94
1960-1969	82	0.12440	0.11712	0.5	21513	2520	20254	120077	5.58
1960-1969	83	0.13698	0.12820	0.5	18994	2435	17776	99823	5.26
1960-1969	84	0.14925	0.13889	0.5	16559	2300	15409	82047	4.95
1960-1969	85	0.16129	0.14926	0.5	14259	2128	13195	66638	4.67
1960-1969	86	0.17468	0.16065	0.5	12131	1949	11156	53443	4.41
1960-1969	87	0.19152	0.17478	0.5	10182	1780	9292	42287	4.15
1960-1969	88	0.20225	0.18368	0.5	8402	1543	7631	32995	3.93
1960-1969	89	0.22125	0.19921	0.5	6859	1366	6176	25364	3.70
1960-1969	90	0.24237	0.21618	0.5	5493	1187	4899	19189	3.49
1960-1969	91	0.24726	0.22005	0.5	4305	947	3832	14290	3.32
1960-1969	92	0.27773	0.24387	0.5	3358	819	2948	10458	3.11
1960-1969	93	0.29419	0.25647	0.5	2539	651	2213	7510	2.96
1960-1969	94	0.31095	0.26911	0.5	1888	508	1634	5296	2.81
1960-1969	95	0.33422	0.28637	0.5	1380	395	1182	3663	2.65
1960-1969	96	0.35605	0.30224	0.5	985	298	836	2480	2.52
1960-1969	97	0.37849	0.31826	0.5	687	219	578	1645	2.39
1960-1969	98	0.40146	0.33435	0.5	468	157	390	1067	2.28
1960-1969	99	0.42487	0.35043	0.5	312	109	257	677	2.17
1960-1969	100	0.44863	0.36643	0.5	203	74	165	420	2.07
1960-1969	101	0.47262	0.38228	0.5	128	49	104	254	1.98
1960-1969	102	0.49674	0.39791	0.5	79	32	63	150	1.90
1960-1969	103	0.52087	0.41325	0.5	48	20	38	87	1.82
1960-1969	104	0.54491	0.42824	0.5	28	12	22	49	1.75
1960-1969	105	0.56874	0.44282	0.5	16	7	12	27	1.68
1960-1969	106	0.59225	0.45694	0.5	9	4	7	15	1.63
1960-1969	107	0.61536	0.47057	0.5	5	2	4	8	1.57
1960-1969	108	0.63795	0.48367	0.5	3	1	2	4	1.53
1960-1969	109	0.65995	0.49621	0.5	1	1	1	2	1.49
1960-1969	110+	0.68127	1.00000	1.47	1	1	1	1	1.47
1970-1979	0	0.01649	0.01625	0.09	100000	1625	98520	6974886	69.75
1970-1979	1	0.00118	0.00117	0.5	98375	116	98317	6876366	69.90
1970-1979	2	0.00088	0.00088	0.5	98260	87	98216	6778049	68.98
1970-1979	3	0.00071	0.00071	0.5	98173	69	98138	6679832	68.04
1970-1979	4	0.00057	0.00057	0.5	98104	56	98076	6581694	67.09
1970-1979	5	0.00049	0.00049	0.5	98048	48	98024	6483618	66.13
1970-1979	6	0.00046	0.00046	0.5	98000	45	97977	6385594	65.16
1970-1979	7	0.00039	0.00039	0.5	97955	38	97935	6287617	64.19
1970-1979	8	0.00036	0.00036	0.5	97916	36	97898	6189682	63.21
1970-1979	9	0.00034	0.00034	0.5	97881	34	97864	6091783	62.24
1970-1979	10	0.00034	0.00034	0.5	97847	33	97830	5993920	61.26
1970-1979	11	0.00034	0.00034	0.5	97814	33	97797	5896089	60.28
1970-1979	12	0.00037	0.00037	0.5	97781	36	97762	5798292	59.30
1970-1979	13	0.00044	0.00044	0.5	97744	43	97723	5700529	58.32
1970-1979	14	0.00058	0.00058	0.5	97701	57	97673	5602807	57.35
1970-1979	15	0.00080	0.00080	0.5	97645	78	97606	5505134	56.38
1970-1979	16	0.00116	0.00116	0.5	97566	113	97510	5407528	55.42
1970-1979	17	0.00151	0.00151	0.5	97453	147	97380	5310018	54.49
1970-1979	18	0.00187	0.00187	0.5	97306	182	97216	5212638	53.57
1970-1979	19	0.00213	0.00212	0.5	97125	206	97022	5115423	52.67
1970-1979	20	0.00209	0.00209	0.5	96919	202	96817	5018401	51.78
1970-1979	21	0.00217	0.00217	0.5	96716	209	96611	4921584	50.89
1970-1979	22	0.00216	0.00216	0.5	96507	209	96402	4824972	50.00
1970-1979	23	0.00207	0.00207	0.5	96298	199	96198	4728570	49.10
1970-1979	24	0.00200	0.00200	0.5	96099	192	96003	4632371	48.20
1970-1979	25	0.00200	0.00200	0.5	95907	192	95811	4536369	47.30
1970-1979	26	0.00193	0.00193	0.5	95715	184	95622	4440558	46.39
1970-1979	27	0.00191	0.00190	0.5	95530	182	95439	4344936	45.48
1970-1979	28	0.00194	0.00194	0.5	95348	185	95256	4249496	44.57
1970-1979	29	0.00192	0.00191	0.5	95163	182	95072	4154240	43.65
1970-1979	30	0.00186	0.00186	0.5	94981	176	94893	4059168	42.74
1970-1979	31	0.00184	0.00184	0.5	94805	174	94718	3964275	41.82
1970-1979	32	0.00195	0.00194	0.5	94631	184	94539	3869557	40.89
1970-1979	33	0.00189	0.00189	0.5	94447	178	94358	3775018	39.97
1970-1979	34	0.00202	0.00202	0.5	94269	190	94173	3680661	39.04
1970-1979	35	0.00210	0.00210	0.5	94078	197	93980	3586487	38.12
1970-1979	36	0.00230	0.00230	0.5	93881	216	93773	3492507	37.20
1970-1979	37	0.00244	0.00244	0.5	93665	229	93551	3398734	36.29
1970-1979	38	0.00258	0.00258	0.5	93437	241	93316	3305183	35.37
1970-1979	39	0.00285	0.00284	0.5	93196	265	93063	3211867	34.46
1970-1979	40	0.00309	0.00308	0.5	92931	286	92788	3118803	33.56
1970-1979	41	0.00325	0.00325	0.5	92644	301	92494	3026016	32.66
1970-1979	42	0.00374	0.00374	0.5	92344	345	92171	2933522	31.77
1970-1979	43	0.00406	0.00405	0.5	91999	373	91812	2841350	30.88
1970-1979	44	0.00430	0.00429	0.5	91626	393	91429	2749538	30.01
1970-1979	45	0.00487	0.00485	0.5	91233	443	91011	2658109	29.14
1970-1979	46	0.00534	0.00532	0.5	90790	483	90548	2567097	28.28
1970-1979	47	0.00584	0.00582	0.5	90307	526	90044	2476549	27.42
1970-1979	48	0.00652	0.00649	0.5	89781	583	89490	2386505	26.58
1970-1979	49	0.00703	0.00700	0.5	89198	624	88886	2297016	25.75
1970-1979	50	0.00778	0.00775	0.5	88574	686	88230	2208130	24.93
1970-1979	51	0.00851	0.00847	0.5	87887	745	87515	2119900	24.12
1970-1979	52	0.00905	0.00901	0.5	87143	785	86750	2032385	23.32
1970-1979	53	0.01006	0.01001	0.5	86357	864	85925	1945635	22.53
1970-1979	54	0.01105	0.01099	0.5	85493	940	85023	1859709	21.75
1970-1979	55	0.01211	0.01204	0.5	84553	1018	84045	1774686	20.99
1970-1979	56	0.01314	0.01306	0.5	83536	1091	82990	1690642	20.24
1970-1979	57	0.01457	0.01447	0.5	82445	1193	81848	1607651	19.50
1970-1979	58	0.01576	0.01563	0.5	81252	1270	80617	1525803	18.78
1970-1979	59	0.01710	0.01695	0.5	79982	1356	79304	1445186	18.07
1970-1979	60	0.01906	0.01888	0.5	78626	1484	77884	1365882	17.37
1970-1979	61	0.02061	0.02040	0.5	77142	1574	76355	1287998	16.70
1970-1979	62	0.02258	0.02232	0.5	75568	1687	74724	1211644	16.03
1970-1979	63	0.02481	0.02450	0.5	73881	1810	72976	1136919	15.39
1970-1979	64	0.02679	0.02644	0.5	72071	1906	71118	1063943	14.76
1970-1979	65	0.02891	0.02850	0.5	70165	1999	69165	992825	14.15
1970-1979	66	0.03068	0.03022	0.5	68166	2060	67136	923660	13.55
1970-1979	67	0.03389	0.03333	0.5	66106	2203	65004	856524	12.96
1970-1979	68	0.03617	0.03552	0.5	63903	2270	62768	791520	12.39
1970-1979	69	0.03962	0.03885	0.5	61632	2395	60435	728753	11.82
1970-1979	70	0.04286	0.04196	0.5	59238	2485	57995	668317	11.28
1970-1979	71	0.04650	0.04545	0.5	56753	2579	55463	610322	10.75
1970-1979	72	0.05081	0.04955	0.5	54173	2684	52831	554859	10.24
1970-1979	73	0.05472	0.05327	0.5	51489	2743	50118	502028	9.75
1970-1979	74	0.05914	0.05745	0.5	48746	2800	47346	451911	9.27
1970-1979	75	0.06551	0.06344	0.5	45946	2915	44489	404564	8.81
1970-1979	76	0.07040	0.06800	0.5	43031	2926	41568	360076	8.37
1970-1979	77	0.07642	0.07361	0.5	40105	2952	38629	318507	7.94
1970-1979	78	0.08213	0.07889	0.5	37153	2931	35688	279878	7.53
1970-1979	79	0.08966	0.08581	0.5	34222	2937	32754	244191	7.14
1970-1979	80	0.09550	0.09114	0.5	31285	2851	29860	211437	6.76
1970-1979	81	0.10297	0.09793	0.5	28434	2785	27042	181577	6.39
1970-1979	82	0.11231	0.10634	0.5	25649	2728	24286	154536	6.02
1970-1979	83	0.12311	0.11597	0.5	22922	2658	21593	130250	5.68
1970-1979	84	0.13321	0.12489	0.5	20263	2531	18998	108658	5.36
1970-1979	85	0.14446	0.13473	0.5	17733	2389	16538	89659	5.06
1970-1979	86	0.15857	0.14692	0.5	15344	2254	14217	73121	4.77
1970-1979	87	0.16974	0.15646	0.5	13089	2048	12065	58905	4.50
1970-1979	88	0.18267	0.16738	0.5	11041	1848	10117	46839	4.24
1970-1979	89	0.19974	0.18160	0.5	9193	1670	8358	36722	3.99
1970-1979	90	0.21402	0.19333	0.5	7524	1455	6796	28363	3.77
1970-1979	91	0.22991	0.20621	0.5	6069	1251	5443	21567	3.55
1970-1979	92	0.25385	0.22526	0.5	4818	1085	4275	16124	3.35
1970-1979	93	0.26802	0.23635	0.5	3732	882	3291	11849	3.17
1970-1979	94	0.29259	0.25525	0.5	2850	728	2486	8557	3.00
1970-1979	95	0.30558	0.26508	0.5	2123	563	1841	6071	2.86
1970-1979	96	0.32620	0.28046	0.5	1560	438	1341	4229	2.71
1970-1979	97	0.34752	0.29608	0.5	1123	332	956	2888	2.57
1970-1979	98	0.36947	0.31186	0.5	790	246	667	1932	2.44
1970-1979	99	0.39198	0.32774	0.5	544	178	455	1265	2.33
1970-1979	100	0.41495	0.34365	0.5	366	126	303	810	2.22
1970-1979	101	0.43830	0.35951	0.5	240	86	197	507	2.12
1970-1979	102	0.46192	0.37525	0.5	154	58	125	311	2.02
1970-1979	103	0.48572	0.39081	0.5	96	38	77	186	1.94
1970-1979	104	0.50958	0.40611	0.5	58	24	47	109	1.86
1970-1979	105	0.53340	0.42109	0.5	35	15	27	62	1.78
1970-1979	106	0.55706	0.43571	0.5	20	9	16	35	1.72
1970-1979	107	0.58047	0.44990	0.5	11	5	9	19	1.66
1970-1979	108	0.60353	0.46362	0.5	6	3	5	10	1.61
1970-1979	109	0.62613	0.47685	0.5	3	2	3	5	1.57
1970-1979	110+	0.64820	1.00000	1.54	2	2	3	3	1.54
1980-1989	0	0.01102	0.01090	0.07	100000	1090	98991	7202044	72.02
1980-1989	1	0.00091	0.00091	0.5	98910	90	98865	7103053	71.81
1980-1989	2	0.00063	0.00063	0.5	98820	62	98789	7004188	70.88
1980-1989	3	0.00049	0.00049	0.5	98758	48	98734	6905399	69.92
1980-1989	4	0.00037	0.00037	0.5	98710	37	98691	6806665	68.96
1980-1989	5	0.00032	0.00032	0.5	98673	32	98657	6707974	67.98
1980-1989	6	0.00031	0.00031	0.5	98641	31	98626	6609317	67.00
1980-1989	7	0.00030	0.00030	0.5	98610	29	98596	6510691	66.02
1980-1989	8	0.00029	0.00029	0.5	98581	29	98567	6412095	65.04
1980-1989	9	0.00028	0.00028	0.5	98553	27	98539	6313528	64.06
1980-1989	10	0.00025	0.00025	0.5	98525	24	98513	6214989	63.08
1980-1989	11	0.00027	0.00027	0.5	98501	27	98488	6116476	62.10
1980-1989	12	0.00031	0.00031	0.5	98474	31	98459	6017988	61.11
1980-1989	13	0.00036	0.00036	0.5	98444	36	98426	5919529	60.13
1980-1989	14	0.00048	0.00048	0.5	98408	48	98384	5821103	59.15
1980-1989	15	0.00065	0.00065	0.5	98360	64	98328	5722719	58.18
1980-1989	16	0.00099	0.00099	0.5	98296	97	98248	5624391	57.22
1980-1989	17	0.00124	0.00124	0.5	98199	122	98138	5526143	56.27
1980-1989	18	0.00166	0.00166	0.5	98077	163	97996	5428005	55.34
1980-1989	19	0.00168	0.00168	0.5	97915	164	97832	5330009	54.44
1980-1989	20	0.00166	0.00165	0.5	97750	162	97669	5232176	53.53
1980-1989	21	0.00178	0.00178	0.5	97589	174	97502	5134507	52.61
1980-1989	22	0.00176	0.00175	0.5	97415	171	97330	5037005	51.71
1980-1989	23	0.00174	0.00174	0.5	97244	169	97159	4939676	50.80
1980-1989	24	0.00170	0.00170	0.5	97075	165	96993	4842516	49.88
1980-1989	25	0.00173	0.00173	0.5	96910	167	96827	4745524	48.97
1980-1989	26	0.00175	0.00174	0.5	96743	169	96659	4648697	48.05
1980-1989	27	0.00175	0.00175	0.5	96574	169	96490	4552038	47.14
1980-1989	28	0.00181	0.00181	0.5	96405	174	96318	4455549	46.22
1980-1989	29	0.00173	0.00173	0.5	96231	167	96148	4359231	45.30
1980-1989	30	0.00188	0.00188	0.5	96064	180	95974	4263083	44.38
1980-1989	31	0.00193	0.00193	0.5	95884	185	95791	4167109	43.46
1980-1989	32	0.00208	0.00208	0.5	95699	199	95599	4071317	42.54
1980-1989	33	0.00211	0.00210	0.5	95500	201	95399	3975718	41.63
1980-1989	34	0.00207	0.00207	0.5	95299	197	95200	3880319	40.72
1980-1989	35	0.00219	0.00219	0.5	95102	208	94998	3785118	39.80
1980-1989	36	0.00238	0.00238	0.5	94894	226	94781	3690120	38.89
1980-1989	37	0.00248	0.00248	0.5	94668	235	94551	3595340	37.98
1980-1989	38	0.00269	0.00269	0.5	94433	254	94306	3500789	37.07
1980-1989	39	0.00249	0.00248	0.5	94179	234	94062	3406483	36.17
1980-1989	40	0.00276	0.00276	0.5	93945	259	93816	3312421	35.26
1980-1989	41	0.00305	0.00305	0.5	93686	286	93543	3218605	34.36
1980-1989	42	0.00325	0.00324	0.5	93401	303	93249	3125062	33.46
1980-1989	43	0.00337	0.00336	0.5	93098	313	92941	3031813	32.57
1980-1989	44	0.00357	0.00357	0.5	92785	331	92619	2938871	31.67
1980-1989	45	0.00393	0.00392	0.5	92454	363	92273	2846252	30.79
1980-1989	46	0.00439	0.00438	0.5	92091	403	91890	2753979	29.90
1980-1989	47	0.00466	0.00465	0.5	91688	426	91475	2662089	29.03
1980-1989	48	0.00537	0.00536	0.5	91262	489	91018	2570614	28.17
1980-1989	49	0.00535	0.00534	0.5	90773	484	90531	2479596	27.32
1980-1989	50	0.00611	0.00609	0.5	90289	550	90014	2389065	26.46
1980-1989	51	0.00693	0.00691	0.5	89740	620	89430	2299050	25.62
1980-1989	52	0.00756	0.00753	0.5	89119	671	88784	2209621	24.79
1980-1989	53	0.00828	0.00825	0.5	88448	729	88084	2120837	23.98
1980-1989	54	0.00889	0.00885	0.5	87719	776	87331	2032753	23.17
1980-1989	55	0.01002	0.00997	0.5	86943	867	86509	1945422	22.38
1980-1989	56	0.01108	0.01102	0.5	86076	949	85602	1858913	21.60
1980-1989	57	0.01170	0.01163	0.5	85127	990	84632	1773311	20.83
1980-1989	58	0.01327	0.01318	0.5	84137	1109	83583	1688679	20.07
1980-1989	59	0.01399	0.01390	0.5	83028	1154	82451	1605096	19.33
1980-1989	60	0.01545	0.01533	0.5	81874	1255	81247	1522645	18.60
1980-1989	61	0.01689	0.01674	0.5	80619	1350	79944	1441399	17.88
1980-1989	62	0.01895	0.01877	0.5	79269	1488	78525	1361455	17.18
1980-1989	63	0.02015	0.01995	0.5	77781	1551	77006	1282930	16.49
1980-1989	64	0.02146	0.02124	0.5	76230	1619	75420	1205924	15.82
1980-1989	65	0.02326	0.02299	0.5	74611	1716	73753	1130504	15.15
1980-1989	66	0.02537	0.02505	0.5	72895	1826	71982	1056751	14.50
1980-1989	67	0.02766	0.02728	0.5	71069	1939	70100	984768	13.86
1980-1989	68	0.03050	0.03004	0.5	69131	2077	68092	914668	13.23
1980-1989	69	0.03317	0.03263	0.5	67054	2188	65960	846576	12.63
1980-1989	70	0.03618	0.03554	0.5	64866	2305	63713	780616	12.03
1980-1989	71	0.03962	0.03885	0.5	62560	2430	61345	716903	11.46
1980-1989	72	0.04377	0.04283	0.5	60130	2575	58842	655558	10.90
1980-1989	73	0.04766	0.04655	0.5	57555	2679	56215	596716	10.37
1980-1989	74	0.05118	0.04990	0.5	54876	2738	53506	540501	9.85
1980-1989	75	0.05544	0.05395	0.5	52137	2813	50731	486994	9.34
1980-1989	76	0.06109	0.05928	0.5	49325	2924	47863	436263	8.84
1980-1989	77	0.06602	0.06391	0.5	46401	2965	44918	388401	8.37
1980-1989	78	0.07242	0.06989	0.5	43435	3036	41918	343483	7.91
1980-1989	79	0.07893	0.07593	0.5	40400	3068	38866	301565	7.46
1980-1989	80	0.08843	0.08468	0.5	37332	3161	35751	262699	7.04
1980-1989	81	0.09637	0.09194	0.5	34171	3142	32600	226948	6.64
1980-1989	82	0.10597	0.10064	0.5	31029	3123	29467	194348	6.26
1980-1989	83	0.11293	0.10690	0.5	27906	2983	26414	164881	5.91
1980-1989	84	0.12462	0.11731	0.5	24923	2924	23461	138467	5.56
1980-1989	85	0.13632	0.12762	0.5	21999	2808	20596	115005	5.23
1980-1989	86	0.14822	0.13799	0.5	19192	2648	17868	94410	4.92
1980-1989	87	0.16123	0.14920	0.5	16544	2468	15309	76542	4.63
1980-1989	88	0.17384	0.15993	0.5	14075	2251	12950	61233	4.35
1980-1989	89	0.18974	0.17330	0.5	11824	2049	10800	48283	4.08
1980-1989	90	0.20689	0.18750	0.5	9775	1833	8859	37483	3.83
1980-1989	91	0.22763	0.20437	0.5	7942	1623	7131	28625	3.60
1980-1989	92	0.24389	0.21738	0.5	6319	1374	5632	21494	3.40
1980-1989	93	0.26331	0.23268	0.5	4945	1151	4370	15862	3.21
1980-1989	94	0.28510	0.24953	0.5	3795	947	3321	11492	3.03
1980-1989	95	0.30232	0.26262	0.5	2848	748	2474	8170	2.87
1980-1989	96	0.32395	0.27879	0.5	2100	585	1807	5697	2.71
1980-1989	97	0.34635	0.29523	0.5	1514	447	1291	3889	2.57
1980-1989	98	0.36946	0.31185	0.5	1067	333	901	2598	2.43
1980-1989	99	0.39318	0.32859	0.5	735	241	614	1698	2.31
1980-1989	100	0.41742	0.34534	0.5	493	170	408	1084	2.20
1980-1989	101	0.44207	0.36204	0.5	323	117	264	676	2.09
1980-1989	102	0.46700	0.37860	0.5	206	78	167	411	2.00
1980-1989	103	0.49210	0.39493	0.5	128	51	103	244	1.91
1980-1989	104	0.51723	0.41095	0.5	77	32	62	142	1.83
1980-1989	105	0.54228	0.42661	0.5	46	19	36	80	1.75
1980-1989	106	0.56712	0.44184	0.5	26	12	20	44	1.69
1980-1989	107	0.59163	0.45657	0.5	15	7	11	24	1.63
1980-1989	108	0.61569	0.47077	0.5	8	4	6	13	1.58
1980-1989	109	0.63919	0.48439	0.5	4	2	3	6	1.54
1980-1989	110+	0.66205	1.00000	1.51	2	2	3	3	1.51
1990-1999	0	0.00754	0.00748	0.07	100000	748	99300	7394323	73.94
1990-1999	1	0.00062	0.00062	0.5	99252	62	99221	7295023	73.50
1990-1999	2	0.00042	0.00042	0.5	99190	41	99169	7195802	72.55
1990-1999	3	0.00031	0.00031	0.5	99149	31	99133	7096633	71.58
1990-1999	4	0.00025	0.00025	0.5	99118	24	99106	6997500	70.60
1990-1999	5	0.00022	0.00022	0.5	99094	22	99082	6898394	69.61
1990-1999	6	0.00019	0.00019	0.5	99071	19	99062	6799312	68.63
1990-1999	7	0.00018	0.00018	0.5	99052	18	99043	6700250	67.64
1990-1999	8	0.00019	0.00019	0.5	99035	18	99025	6601206	66.66
1990-1999	9	0.00017	0.00017	0.5	99016	17	99008	6502181	65.67
1990-1999	10	0.00019	0.00019	0.5	98999	19	98989	6403173	64.68
1990-1999	11	0.00020	0.00020	0.5	98980	20	98970	6304184	63.69
1990-1999	12	0.00023	0.00023	0.5	98960	23	98949	6205214	62.70
1990-1999	13	0.00032	0.00032	0.5	98937	31	98922	6106265	61.72
1990-1999	14	0.00043	0.00043	0.5	98906	42	98885	6007343	60.74
1990-1999	15	0.00059	0.00059	0.5	98864	59	98834	5908459	59.76
1990-1999	16	0.00091	0.00091	0.5	98805	90	98760	5809624	58.80
1990-1999	17	0.00114	0.00114	0.5	98715	113	98659	5710864	57.85
1990-1999	18	0.00147	0.00147	0.5	98602	145	98530	5612206	56.92
1990-1999	19	0.00150	0.00149	0.5	98458	147	98384	5513676	56.00
1990-1999	20	0.00151	0.00150	0.5	98311	148	98237	5415292	55.08
1990-1999	21	0.00155	0.00154	0.5	98163	152	98087	5317055	54.17
1990-1999	22	0.00155	0.00155	0.5	98011	152	97935	5218968	53.25
1990-1999	23	0.00148	0.00148	0.5	97859	145	97787	5121033	52.33
1990-1999	24	0.00142	0.00142	0.5	97714	139	97645	5023246	51.41
1990-1999	25	0.00143	0.00143	0.5	97575	139	97506	4925602	50.48
1990-1999	26	0.00145	0.00144	0.5	97436	141	97366	4828096	49.55
1990-1999	27	0.00148	0.00148	0.5	97295	144	97223	4730730	48.62
1990-1999	28	0.00158	0.00157	0.5	97152	153	97075	4633507	47.69
1990-1999	29	0.00156	0.00156	0.5	96999	151	96923	4536432	46.77
1990-1999	30	0.00166	0.00166	0.5	96848	161	96767	4439509	45.84
1990-1999	31	0.00184	0.00184	0.5	96687	178	96598	4342741	44.92
1990-1999	32	0.00198	0.00198	0.5	96509	191	96413	4246143	44.00
1990-1999	33	0.00208	0.00208	0.5	96318	200	96218	4149730	43.08
1990-1999	34	0.00218	0.00217	0.5	96118	209	96013	4053512	42.17
1990-1999	35	0.00222	0.00222	0.5	95909	213	95802	3957498	41.26
1990-1999	36	0.00242	0.00241	0.5	95696	231	95580	3861696	40.35
1990-1999	37	0.00254	0.00254	0.5	95465	242	95344	3766116	39.45
1990-1999	38	0.00276	0.00275	0.5	95222	262	95091	3670772	38.55
1990-1999	39	0.00274	0.00274	0.5	94960	260	94830	3575681	37.65
1990-1999	40	0.00290	0.00289	0.5	94700	274	94563	3480851	36.76
1990-1999	41	0.00324	0.00324	0.5	94426	306	94273	3386287	35.86
1990-1999	42	0.00334	0.00334	0.5	94121	314	93964	3292014	34.98
1990-1999	43	0.00354	0.00354	0.5	93807	332	93641	3198050	34.09
1990-1999	44	0.00374	0.00373	0.5	93475	349	93301	3104409	33.21
1990-1999	45	0.00391	0.00390	0.5	93126	363	92945	3011109	32.33
1990-1999	46	0.00422	0.00421	0.5	92763	391	92567	2918164	31.46
1990-1999	47	0.00441	0.00440	0.5	92372	407	92169	2825597	30.59
1990-1999	48	0.00483	0.00482	0.5	91965	443	91744	2733428	29.72
1990-1999	49	0.00480	0.00479	0.5	91522	438	91303	2641684	28.86
1990-1999	50	0.00521	0.00520	0.5	91084	473	90847	2550381	28.00
1990-1999	51	0.00577	0.00576	0.5	90611	522	90350	2459534	27.14
1990-1999	52	0.00633	0.00631	0.5	90089	568	89805	2369184	26.30
1990-1999	53	0.00681	0.00679	0.5	89521	608	89217	2279380	25.46
1990-1999	54	0.00716	0.00713	0.5	88913	634	88596	2190163	24.63
1990-1999	55	0.00807	0.00804	0.5	88279	710	87924	2101567	23.81
1990-1999	56	0.00876	0.00872	0.5	87569	764	87187	2013642	22.99
1990-1999	57	0.00962	0.00957	0.5	86805	831	86390	1926455	22.19
1990-1999	58	0.01073	0.01068	0.5	85974	918	85515	1840066	21.40
1990-1999	59	0.01125	0.01119	0.5	85056	952	84580	1754550	20.63
1990-1999	60	0.01263	0.01255	0.5	84104	1056	83577	1669970	19.86
1990-1999	61	0.01415	0.01405	0.5	83049	1167	82465	1586393	19.10
1990-1999	62	0.01563	0.01550	0.5	81882	1270	81247	1503928	18.37
1990-1999	63	0.01680	0.01666	0.5	80613	1343	79941	1422681	17.65
1990-1999	64	0.01834	0.01818	0.5	79270	1441	78549	1342740	16.94
1990-1999	65	0.01962	0.01942	0.5	77829	1512	77073	1264190	16.24
1990-1999	66	0.02125	0.02102	0.5	76317	1604	75515	1187117	15.56
1990-1999	67	0.02331	0.02304	0.5	74713	1722	73852	1111602	14.88
1990-1999	68	0.02567	0.02534	0.5	72991	1850	72066	1037751	14.22
1990-1999	69	0.02744	0.02706	0.5	71141	1925	70179	965685	13.57
1990-1999	70	0.03055	0.03009	0.5	69216	2082	68175	895506	12.94
1990-1999	71	0.03313	0.03259	0.5	67133	2188	66040	827331	12.32
1990-1999	72	0.03653	0.03587	0.5	64946	2330	63781	761292	11.72
1990-1999	73	0.03992	0.03914	0.5	62616	2451	61391	697511	11.14
1990-1999	74	0.04278	0.04188	0.5	60165	2520	58905	636120	10.57
1990-1999	75	0.04679	0.04572	0.5	57645	2636	56328	577215	10.01
1990-1999	76	0.05146	0.05017	0.5	55010	2760	53630	520888	9.47
1990-1999	77	0.05586	0.05434	0.5	52250	2840	50830	467258	8.94
1990-1999	78	0.06045	0.05868	0.5	49410	2899	47961	416428	8.43
1990-1999	79	0.06624	0.06412	0.5	46511	2982	45020	368467	7.92
1990-1999	80	0.07685	0.07400	0.5	43529	3221	41918	323447	7.43
1990-1999	81	0.08538	0.08188	0.5	40307	3300	38657	281529	6.98
1990-1999	82	0.09438	0.09013	0.5	37007	3335	35339	242872	6.56
1990-1999	83	0.10427	0.09910	0.5	33672	3337	32003	207533	6.16
1990-1999	84	0.11383	0.10770	0.5	30335	3267	28701	175529	5.79
1990-1999	85	0.12480	0.11747	0.5	27068	3180	25478	146828	5.42
1990-1999	86	0.13746	0.12862	0.5	23888	3072	22352	121350	5.08
1990-1999	87	0.15095	0.14035	0.5	20816	2922	19355	98999	4.76
1990-1999	88	0.16549	0.15285	0.5	17894	2735	16526	79644	4.45
1990-1999	89	0.18219	0.16698	0.5	15159	2531	13893	63117	4.16
1990-1999	90	0.20012	0.18192	0.5	12628	2297	11479	49224	3.90
1990-1999	91	0.21661	0.19544	0.5	10331	2019	9321	37745	3.65
1990-1999	92	0.23734	0.21216	0.5	8311	1763	7430	28424	3.42
1990-1999	93	0.26222	0.23183	0.5	6548	1518	5789	20994	3.21
1990-1999	94	0.27951	0.24524	0.5	5030	1234	4413	15205	3.02
1990-1999	95	0.30208	0.26244	0.5	3797	996	3298	10792	2.84
1990-1999	96	0.32577	0.28014	0.5	2800	784	2408	7493	2.68
1990-1999	97	0.35038	0.29815	0.5	2016	601	1715	5085	2.52
1990-1999	98	0.37582	0.31637	0.5	1415	448	1191	3370	2.38
1990-1999	99	0.40196	0.33470	0.5	967	324	805	2179	2.25
1990-1999	100	0.42867	0.35301	0.5	643	227	530	1374	2.14
1990-1999	101	0.45581	0.37121	0.5	416	155	339	844	2.03
1990-1999	102	0.48321	0.38918	0.5	262	102	211	505	1.93
1990-1999	103	0.51071	0.40682	0.5	160	65	127	294	1.84
1990-1999	104	0.53814	0.42404	0.5	95	40	75	167	1.76
1990-1999	105	0.56535	0.44076	0.5	55	24	43	92	1.69
1990-1999	106	0.59217	0.45689	0.5	31	14	24	49	1.62
1990-1999	107	0.61845	0.47238	0.5	17	8	13	26	1.56
1990-1999	108	0.64405	0.48717	0.5	9	4	7	13	1.51
1990-1999	109	0.66886	0.50123	0.5	4	2	3	7	1.47
1990-1999	110+	0.69276	1.00000	1.44	2	2	3	3	1.44
2000-2009	0	0.00604	0.00601	0.06	100000	601	99436	7654040	76.54
2000-2009	1	0.00045	0.00045	0.5	99399	45	99377	7554603	76.00
2000-2009	2	0.00030	0.00030	0.5	99355	30	99340	7455226	75.04
2000-2009	3	0.00023	0.00023	0.5	99325	23	99314	7355886	74.06
2000-2009	4	0.00018	0.00018	0.5	99303	18	99293	7256572	73.08
2000-2009	5	0.00016	0.00016	0.5	99284	16	99276	7157279	72.09
2000-2009	6	0.00015	0.00015	0.5	99268	15	99261	7058003	71.10
2000-2009	7	0.00013	0.00013	0.5	99254	13	99247	6958742	70.11
2000-2009	8	0.00014	0.00014	0.5	99241	14	99234	6859495	69.12
2000-2009	9	0.00013	0.00013	0.5	99227	13	99221	6760261	68.13
2000-2009	10	0.00014	0.00014	0.5	99215	14	99207	6661040	67.14
2000-2009	11	0.00014	0.00014	0.5	99200	14	99193	6561832	66.15
2000-2009	12	0.00016	0.00016	0.5	99186	16	99178	6462639	65.16
2000-2009	13	0.00019	0.00019	0.5	99170	19	99161	6363461	64.17
2000-2009	14	0.00027	0.00027	0.5	99151	27	99138	6264300	63.18
2000-2009	15	0.00038	0.00038	0.5	99124	38	99105	6165162	62.20
2000-2009	16	0.00054	0.00054	0.5	99087	54	99060	6066057	61.22
2000-2009	17	0.00076	0.00076	0.5	99033	75	98996	5966997	60.25
2000-2009	18	0.00106	0.00106	0.5	98958	105	98906	5868001	59.30
2000-2009	19	0.00117	0.00117	0.5	98853	116	98795	5769096	58.36
2000-2009	20	0.00120	0.00120	0.5	98737	119	98678	5670300	57.43
2000-2009	21	0.00124	0.00124	0.5	98619	123	98557	5571622	56.50
2000-2009	22	0.00123	0.00123	0.5	98496	121	98436	5473065	55.57
2000-2009	23	0.00117	0.00117	0.5	98375	115	98318	5374629	54.63
2000-2009	24	0.00115	0.00115	0.5	98260	113	98204	5276312	53.70
2000-2009	25	0.00111	0.00111	0.5	98147	109	98093	5178108	52.76
2000-2009	26	0.00116	0.00115	0.5	98039	113	97982	5080015	51.82
2000-2009	27	0.00111	0.00111	0.5	97926	109	97871	4982033	50.88
2000-2009	28	0.00108	0.00108	0.5	97816	106	97764	4884162	49.93
2000-2009	29	0.00109	0.00109	0.5	97711	106	97658	4786398	48.99
2000-2009	30	0.00109	0.00109	0.5	97605	106	97552	4688740	48.04
2000-2009	31	0.00118	0.00118	0.5	97499	115	97441	4591189	47.09
2000-2009	32	0.00122	0.00122	0.5	97384	118	97325	4493748	46.14
2000-2009	33	0.00127	0.00127	0.5	97265	124	97204	4396423	45.20
2000-2009	34	0.00136	0.00135	0.5	97142	132	97076	4299219	44.26
2000-2009	35	0.00141	0.00140	0.5	97010	136	96942	4202144	43.32
2000-2009	36	0.00151	0.00151	0.5	96874	146	96801	4105202	42.38
2000-2009	37	0.00160	0.00160	0.5	96728	155	96651	4008401	41.44
2000-2009	38	0.00180	0.00179	0.5	96573	173	96487	3911750	40.51
2000-2009	39	0.00189	0.00188	0.5	96400	182	96309	3815264	39.58
2000-2009	40	0.00206	0.00205	0.5	96218	198	96120	3718955	38.65
2000-2009	41	0.00227	0.00227	0.5	96021	218	95912	3622835	37.73
2000-2009	42	0.00246	0.00246	0.5	95803	236	95685	3526923	36.81
2000-2009	43	0.00266	0.00266	0.5	95567	254	95440	3431238	35.90
2000-2009	44	0.00289	0.00289	0.5	95313	275	95176	3335798	35.00
2000-2009	45	0.00318	0.00317	0.5	95038	301	94888	3240622	34.10
2000-2009	46	0.00353	0.00352	0.5	94737	334	94570	3145734	33.20
2000-2009	47	0.00381	0.00381	0.5	94403	359	94223	3051164	32.32
2000-2009	48	0.00423	0.00422	0.5	94044	397	93845	2956941	31.44
2000-2009	49	0.00450	0.00449	0.5	93647	420	93437	2863096	30.57
2000-2009	50	0.00488	0.00487	0.5	93227	454	93000	2769659	29.71
2000-2009	51	0.00526	0.00524	0.5	92773	486	92530	2676659	28.85
2000-2009	52	0.00571	0.00570	0.5	92287	526	92024	2584129	28.00
2000-2009	53	0.00621	0.00619	0.5	91761	568	91477	2492105	27.16
2000-2009	54	0.00655	0.00653	0.5	91193	596	90896	2400628	26.32
2000-2009	55	0.00717	0.00715	0.5	90598	647	90274	2309732	25.49
2000-2009	56	0.00759	0.00756	0.5	89950	680	89610	2219458	24.67
2000-2009	57	0.00806	0.00802	0.5	89271	716	88912	2129847	23.86
2000-2009	58	0.00871	0.00867	0.5	88554	768	88170	2040935	23.05
2000-2009	59	0.00957	0.00953	0.5	87786	836	87368	1952765	22.24
2000-2009	60	0.01047	0.01041	0.5	86950	905	86497	1865397	21.45
2000-2009	61	0.01104	0.01098	0.5	86044	945	85572	1778900	20.67
2000-2009	62	0.01216	0.01209	0.5	85100	1029	84585	1693328	19.90
2000-2009	63	0.01313	0.01304	0.5	84071	1097	83523	1608743	19.14
2000-2009	64	0.01441	0.01431	0.5	82974	1187	82381	1525220	18.38
2000-2009	65	0.01554	0.01542	0.5	81787	1261	81156	1442839	17.64
2000-2009	66	0.01682	0.01668	0.5	80526	1343	79854	1361683	16.91
2000-2009	67	0.01828	0.01811	0.5	79183	1434	78466	1281829	16.19
2000-2009	68	0.02005	0.01985	0.5	77749	1543	76977	1203363	15.48
2000-2009	69	0.02169	0.02146	0.5	76205	1635	75388	1126386	14.78
2000-2009	70	0.02393	0.02365	0.5	74570	1764	73688	1050998	14.09
2000-2009	71	0.02598	0.02565	0.5	72807	1867	71873	977310	13.42
2000-2009	72	0.02857	0.02817	0.5	70939	1998	69940	905437	12.76
2000-2009	73	0.03157	0.03108	0.5	68941	2143	67870	835497	12.12
2000-2009	74	0.03452	0.03393	0.5	66798	2266	65665	767627	11.49
2000-2009	75	0.03851	0.03778	0.5	64532	2438	63313	701962	10.88
2000-2009	76	0.04166	0.04081	0.5	62094	2534	60827	638649	10.29
2000-2009	77	0.04580	0.04477	0.5	59560	2667	58227	577822	9.70
2000-2009	78	0.05030	0.04907	0.5	56893	2792	55497	519595	9.13
2000-2009	79	0.05540	0.05391	0.5	54102	2917	52643	464098	8.58
2000-2009	80	0.06470	0.06267	0.5	51185	3208	49581	411454	8.04
2000-2009	81	0.07171	0.06923	0.5	47977	3321	46316	361873	7.54
2000-2009	82	0.07933	0.07630	0.5	44656	3407	42952	315557	7.07
2000-2009	83	0.08789	0.08419	0.5	41248	3473	39512	272605	6.61
2000-2009	84	0.09872	0.09408	0.5	37776	3554	35999	233093	6.17
2000-2009	85	0.10789	0.10237	0.5	34222	3503	32470	197094	5.76
2000-2009	86	0.12175	0.11477	0.5	30719	3525	28956	164624	5.36
2000-2009	87	0.13534	0.12676	0.5	27193	3447	25470	135668	4.99
2000-2009	88	0.15030	0.13979	0.5	23746	3320	22086	110198	4.64
2000-2009	89	0.16792	0.15491	0.5	20427	3164	18844	88112	4.31
2000-2009	90	0.18606	0.17023	0.5	17262	2938	15793	69268	4.01
2000-2009	91	0.20648	0.18716	0.5	14324	2681	12983	53475	3.73
2000-2009	92	0.22514	0.20236	0.5	11643	2356	10465	40492	3.48
2000-2009	93	0.25276	0.22440	0.5	9287	2084	8245	30027	3.23
2000-2009	94	0.27760	0.24377	0.5	7203	1756	6325	21782	3.02
2000-2009	95	0.29780	0.25921	0.5	5447	1412	4741	15457	2.84
2000-2009	96	0.32410	0.27890	0.5	4035	1125	3472	10716	2.66
2000-2009	97	0.35156	0.29900	0.5	2910	870	2475	7244	2.49
2000-2009	98	0.38003	0.31935	0.5	2040	651	1714	4769	2.34
2000-2009	99	0.40936	0.33981	0.5	1388	472	1152	3055	2.20
2000-2009	100	0.43934	0.36021	0.5	917	330	751	1902	2.08
2000-2009	101	0.46978	0.38042	0.5	586	223	475	1151	1.96
2000-2009	102	0.50044	0.40028	0.5	363	145	291	676	1.86
2000-2009	103	0.53109	0.41966	0.5	218	91	172	385	1.77
2000-2009	104	0.56152	0.43843	0.5	126	55	99	213	1.69
2000-2009	105	0.59149	0.45648	0.5	71	32	55	114	1.61
2000-2009	106	0.62079	0.47374	0.5	39	18	29	60	1.55
2000-2009	107	0.64924	0.49013	0.5	20	10	15	30	1.49
2000-2009	108	0.67666	0.50560	0.5	10	5	8	15	1.44
2000-2009	109	0.70293	0.52012	0.5	5	3	4	7	1.40
2000-2009	110+	0.72791	1.00000	1.37	2	2	3	3	1.37
2010-2019	0	0.00486	0.00484	0.06	100000	484	99544	7826493	78.26
2010-2019	1	0.00034	0.00034	0.5	99516	34	99499	7726950	77.65
2010-2019	2	0.00022	0.00022	0.5	99482	21	99471	7627451	76.67
2010-2019	3	0.00017	0.00017	0.5	99460	17	99452	7527980	75.69
2010-2019	4	0.00013	0.00013	0.5	99443	13	99437	7428528	74.70
2010-2019	5	0.00011	0.00011	0.5	99430	10	99425	7329091	73.71
2010-2019	6	0.00011	0.00011	0.5	99420	11	99414	7229666	72.72
2010-2019	7	0.00010	0.00010	0.5	99409	10	99404	7130252	71.73
2010-2019	8	0.00010	0.00010	0.5	99399	10	99395	7030848	70.73
2010-2019	9	0.00009	0.00009	0.5	99390	9	99385	6931453	69.74
2010-2019	10	0.00010	0.00010	0.5	99381	10	99376	6832068	68.75
2010-2019	11	0.00011	0.00011	0.5	99371	11	99365	6732692	67.75
2010-2019	12	0.00013	0.00013	0.5	99360	13	99353	6633327	66.76
2010-2019	13	0.00014	0.00014	0.5	99346	14	99339	6533974	65.77
2010-2019	14	0.00020	0.00020	0.5	99332	20	99322	6434635	64.78
2010-2019	15	0.00028	0.00028	0.5	99312	28	99298	6335312	63.79
2010-2019	16	0.00039	0.00039	0.5	99284	38	99265	6236014	62.81
2010-2019	17	0.00050	0.00050	0.5	99246	50	99221	6136749	61.83
2010-2019	18	0.00078	0.00078	0.5	99196	77	99157	6037528	60.86
2010-2019	19	0.00090	0.00090	0.5	99118	90	99074	5938371	59.91
2010-2019	20	0.00098	0.00098	0.5	99029	97	98980	5839298	58.97
2010-2019	21	0.00108	0.00108	0.5	98932	107	98878	5740317	58.02
2010-2019	22	0.00109	0.00109	0.5	98825	107	98771	5641439	57.09
2010-2019	23	0.00106	0.00106	0.5	98717	105	98665	5542669	56.15
2010-2019	24	0.00109	0.00109	0.5	98613	108	98559	5444004	55.21
2010-2019	25	0.00110	0.00110	0.5	98505	109	98451	5345445	54.27
2010-2019	26	0.00109	0.00109	0.5	98396	107	98343	5246994	53.33
2010-2019	27	0.00114	0.00114	0.5	98289	112	98234	5148651	52.38
2010-2019	28	0.00114	0.00114	0.5	98178	112	98122	5050418	51.44
2010-2019	29	0.00118	0.00118	0.5	98066	115	98008	4952296	50.50
2010-2019	30	0.00120	0.00120	0.5	97950	117	97892	4854288	49.56
2010-2019	31	0.00120	0.00120	0.5	97833	118	97774	4756396	48.62
2010-2019	32	0.00126	0.00126	0.5	97715	123	97654	4658622	47.68
2010-2019	33	0.00127	0.00127	0.5	97593	124	97530	4560969	46.73
2010-2019	34	0.00133	0.00133	0.5	97468	130	97403	4463438	45.79
2010-2019	35	0.00141	0.00141	0.5	97339	137	97270	4366035	44.85
2010-2019	36	0.00145	0.00145	0.5	97201	141	97131	4268765	43.92
2010-2019	37	0.00153	0.00153	0.5	97060	149	96986	4171634	42.98
2010-2019	38	0.00158	0.00157	0.5	96912	153	96835	4074648	42.05
2010-2019	39	0.00164	0.00164	0.5	96759	159	96680	3977813	41.11
2010-2019	40	0.00174	0.00174	0.5	96600	168	96516	3881133	40.18
2010-2019	41	0.00186	0.00185	0.5	96432	179	96342	3784617	39.25
2010-2019	42	0.00203	0.00202	0.5	96253	195	96156	3688275	38.32
2010-2019	43	0.00214	0.00214	0.5	96058	206	95955	3592119	37.40
2010-2019	44	0.00234	0.00233	0.5	95852	224	95741	3496164	36.47
2010-2019	45	0.00256	0.00256	0.5	95629	245	95506	3400424	35.56
2010-2019	46	0.00280	0.00279	0.5	95384	266	95251	3304917	34.65
2010-2019	47	0.00311	0.00310	0.5	95118	295	94970	3209667	33.74
2010-2019	48	0.00344	0.00343	0.5	94822	325	94660	3114697	32.85
2010-2019	49	0.00384	0.00383	0.5	94497	362	94316	3020037	31.96
2010-2019	50	0.00411	0.00411	0.5	94135	387	93942	2925721	31.08
2010-2019	51	0.00456	0.00455	0.5	93749	426	93535	2831779	30.21
2010-2019	52	0.00499	0.00498	0.5	93322	464	93090	2738244	29.34
2010-2019	53	0.00536	0.00535	0.5	92858	497	92610	2645154	28.49
2010-2019	54	0.00598	0.00596	0.5	92361	550	92086	2552545	27.64
2010-2019	55	0.00658	0.00656	0.5	91811	602	91510	2460459	26.80
2010-2019	56	0.00707	0.00704	0.5	91209	642	90887	2368949	25.97
2010-2019	57	0.00772	0.00769	0.5	90566	697	90218	2278061	25.15
2010-2019	58	0.00830	0.00827	0.5	89870	743	89498	2187844	24.34
2010-2019	59	0.00908	0.00904	0.5	89126	806	88723	2098346	23.54
2010-2019	60	0.00966	0.00961	0.5	88320	849	87896	2009622	22.75
2010-2019	61	0.01056	0.01051	0.5	87472	919	87012	1921726	21.97
2010-2019	62	0.01119	0.01113	0.5	86552	963	86071	1834714	21.20
2010-2019	63	0.01217	0.01209	0.5	85589	1035	85072	1748643	20.43
2010-2019	64	0.01287	0.01279	0.5	84554	1081	84013	1663571	19.67
2010-2019	65	0.01361	0.01352	0.5	83473	1129	82908	1579558	18.92
2010-2019	66	0.01473	0.01462	0.5	82344	1204	81742	1496649	18.18
2010-2019	67	0.01561	0.01548	0.5	81140	1256	80512	1414907	17.44
2010-2019	68	0.01697	0.01683	0.5	79884	1345	79212	1334395	16.70
2010-2019	69	0.01813	0.01797	0.5	78539	1411	77834	1255183	15.98
2010-2019	70	0.01990	0.01970	0.5	77128	1520	76368	1177350	15.26
2010-2019	71	0.02158	0.02135	0.5	75608	1614	74801	1100982	14.56
2010-2019	72	0.02345	0.02318	0.5	73994	1715	73136	1026180	13.87
2010-2019	73	0.02547	0.02515	0.5	72279	1817	71370	953044	13.19
2010-2019	74	0.02802	0.02763	0.5	70461	1947	69488	881674	12.51
2010-2019	75	0.03112	0.03064	0.5	68514	2100	67465	812186	11.85
2010-2019	76	0.03389	0.03333	0.5	66415	2214	65308	744721	11.21
2010-2019	77	0.03752	0.03683	0.5	64201	2364	63019	679413	10.58
2010-2019	78	0.04095	0.04013	0.5	61837	2481	60596	616395	9.97
2010-2019	79	0.04575	0.04472	0.5	59355	2655	58028	555799	9.36
2010-2019	80	0.05323	0.05185	0.5	56701	2940	55231	497771	8.78
2010-2019	81	0.05952	0.05780	0.5	53761	3107	52207	442540	8.23
2010-2019	82	0.06616	0.06404	0.5	50654	3244	49032	390333	7.71
2010-2019	83	0.07375	0.07113	0.5	47410	3372	45724	341301	7.20
2010-2019	84	0.08349	0.08014	0.5	44038	3529	42273	295577	6.71
2010-2019	85	0.09380	0.08960	0.5	40508	3630	38693	253304	6.25
2010-2019	86	0.10344	0.09835	0.5	36879	3627	35065	214611	5.82
2010-2019	87	0.11661	0.11019	0.5	33252	3664	31420	179546	5.40
2010-2019	88	0.13164	0.12351	0.5	29588	3654	27761	148126	5.01
2010-2019	89	0.14766	0.13751	0.5	25933	3566	24150	120366	4.64
2010-2019	90	0.16519	0.15259	0.5	22367	3413	20661	96215	4.30
2010-2019	91	0.18441	0.16884	0.5	18954	3200	17354	75554	3.99
2010-2019	92	0.20579	0.18659	0.5	15754	2939	14284	58200	3.69
2010-2019	93	0.23149	0.20748	0.5	12814	2659	11485	43916	3.43
2010-2019	94	0.25570	0.22672	0.5	10156	2302	9005	32431	3.19
2010-2019	95	0.27642	0.24286	0.5	7853	1907	6900	23426	2.98
2010-2019	96	0.30315	0.26325	0.5	5946	1565	5163	16527	2.78
2010-2019	97	0.33128	0.28421	0.5	4381	1245	3758	11363	2.59
2010-2019	98	0.36068	0.30557	0.5	3136	958	2657	7605	2.43
2010-2019	99	0.39115	0.32716	0.5	2178	712	1821	4949	2.27
2010-2019	100	0.42250	0.34881	0.5	1465	511	1210	3127	2.13
2010-2019	101	0.45448	0.37033	0.5	954	353	777	1918	2.01
2010-2019	102	0.48685	0.39154	0.5	601	235	483	1140	1.90
2010-2019	103	0.51932	0.41227	0.5	366	151	290	657	1.80
2010-2019	104	0.55164	0.43238	0.5	215	93	168	367	1.71
2010-2019	105	0.58352	0.45172	0.5	122	55	94	198	1.63
2010-2019	106	0.61472	0.47020	0.5	67	31	51	104	1.56
2010-2019	107	0.64500	0.48771	0.5	35	17	27	53	1.49
2010-2019	108	0.67417	0.50421	0.5	18	9	14	26	1.44
2010-2019	109	0.70204	0.51964	0.5	9	5	7	13	1.40
2010-2019	110+	0.72849	1.00000	1.37	4	4	6	6	1.37
2020-2022	0	0.00442	0.00440	0.06	100000	440	99585	7627637	76.28
2020-2022	1	0.00032	0.00032	0.5	99560	32	99544	7528052	75.61
2020-2022	2	0.00020	0.00020	0.5	99528	20	99518	7428508	74.64
2020-2022	3	0.00018	0.00018	0.5	99508	18	99500	7328989	73.65
2020-2022	4	0.00011	0.00011	0.5	99491	11	99485	7229489	72.66
2020-2022	5	0.00011	0.00011	0.5	99480	11	99474	7130004	71.67
2020-2022	6	0.00010	0.00010	0.5	99469	10	99464	7030530	70.68
2020-2022	7	0.00010	0.00010	0.5	99459	10	99454	6931066	69.69
2020-2022	8	0.00010	0.00010	0.5	99449	10	99444	6831613	68.69
2020-2022	9	0.00009	0.00009	0.5	99439	9	99435	6732168	67.70
2020-2022	10	0.00010	0.00010	0.5	99430	10	99425	6632734	66.71
2020-2022	11	0.00011	0.00011	0.5	99420	11	99414	6533309	65.71
2020-2022	12	0.00013	0.00013	0.5	99409	13	99402	6433894	64.72
2020-2022	13	0.00016	0.00016	0.5	99396	16	99388	6334492	63.73
2020-2022	14	0.00023	0.00023	0.5	99379	23	99368	6235104	62.74
2020-2022	15	0.00034	0.00034	0.5	99356	34	99339	6135736	61.75
2020-2022	16	0.00044	0.00044	0.5	99322	44	99300	6036397	60.78
2020-2022	17	0.00065	0.00065	0.5	99278	64	99246	5937097	59.80
2020-2022	18	0.00094	0.00094	0.5	99214	94	99167	5837851	58.84
2020-2022	19	0.00114	0.00114	0.5	99120	113	99064	5738683	57.90
2020-2022	20	0.00123	0.00123	0.5	99008	122	98947	5639619	56.96
2020-2022	21	0.00133	0.00133	0.5	98886	131	98820	5540673	56.03
2020-2022	22	0.00142	0.00142	0.5	98755	140	98685	5441852	55.10
2020-2022	23	0.00150	0.00150	0.5	98614	148	98540	5343168	54.18
2020-2022	24	0.00158	0.00157	0.5	98466	155	98389	5244627	53.26
2020-2022	25	0.00162	0.00162	0.5	98311	159	98232	5146239	52.35
2020-2022	26	0.00167	0.00167	0.5	98152	163	98070	5048007	51.43
2020-2022	27	0.00172	0.00172	0.5	97988	169	97904	4949937	50.52
2020-2022	28	0.00181	0.00181	0.5	97820	177	97731	4852033	49.60
2020-2022	29	0.00198	0.00198	0.5	97643	193	97546	4754301	48.69
2020-2022	30	0.00205	0.00205	0.5	97450	200	97350	4656755	47.79
2020-2022	31	0.00202	0.00202	0.5	97250	196	97152	4559405	46.88
2020-2022	32	0.00213	0.00213	0.5	97054	207	96951	4462253	45.98
2020-2022	33	0.00222	0.00222	0.5	96847	215	96740	4365303	45.07
2020-2022	34	0.00216	0.00216	0.5	96633	208	96528	4268563	44.17
2020-2022	35	0.00225	0.00225	0.5	96424	217	96316	4172034	43.27
2020-2022	36	0.00238	0.00238	0.5	96208	229	96093	4075718	42.36
2020-2022	37	0.00250	0.00250	0.5	95978	240	95859	3979625	41.46
2020-2022	38	0.00251	0.00251	0.5	95739	240	95619	3883767	40.57
2020-2022	39	0.00275	0.00275	0.5	95499	262	95367	3788148	39.67
2020-2022	40	0.00288	0.00287	0.5	95236	273	95099	3692781	38.78
2020-2022	41	0.00295	0.00295	0.5	94963	280	94823	3597682	37.89
2020-2022	42	0.00306	0.00306	0.5	94683	289	94538	3502859	37.00
2020-2022	43	0.00321	0.00320	0.5	94393	302	94242	3408321	36.11
2020-2022	44	0.00349	0.00348	0.5	94091	328	93927	3314079	35.22
2020-2022	45	0.00354	0.00353	0.5	93764	331	93598	3220152	34.34
2020-2022	46	0.00379	0.00378	0.5	93432	353	93256	3126554	33.46
2020-2022	47	0.00409	0.00408	0.5	93079	380	92889	3033298	32.59
2020-2022	48	0.00431	0.00431	0.5	92699	399	92500	2940409	31.72
2020-2022	49	0.00471	0.00469	0.5	92300	433	92083	2847910	30.85
2020-2022	50	0.00511	0.00510	0.5	91867	468	91632	2755826	30.00
2020-2022	51	0.00556	0.00554	0.5	91398	506	91145	2664194	29.15
2020-2022	52	0.00602	0.00600	0.5	90892	545	90619	2573049	28.31
2020-2022	53	0.00647	0.00645	0.5	90346	583	90055	2482429	27.48
2020-2022	54	0.00722	0.00720	0.5	89763	646	89440	2392375	26.65
2020-2022	55	0.00761	0.00759	0.5	89117	676	88779	2302934	25.84
2020-2022	56	0.00850	0.00847	0.5	88441	749	88067	2214155	25.04
2020-2022	57	0.00912	0.00908	0.5	87693	796	87295	2126088	24.24
2020-2022	58	0.00978	0.00973	0.5	86897	845	86474	2038793	23.46
2020-2022	59	0.01060	0.01054	0.5	86051	907	85598	1952320	22.69
2020-2022	60	0.01159	0.01153	0.5	85144	982	84653	1866722	21.92
2020-2022	61	0.01266	0.01258	0.5	84162	1059	83633	1782069	21.17
2020-2022	62	0.01320	0.01312	0.5	83104	1090	82559	1698436	20.44
2020-2022	63	0.01427	0.01417	0.5	82014	1162	81433	1615877	19.70
2020-2022	64	0.01549	0.01537	0.5	80852	1243	80230	1534444	18.98
2020-2022	65	0.01639	0.01626	0.5	79609	1294	78961	1454214	18.27
2020-2022	66	0.01733	0.01718	0.5	78314	1346	77641	1375253	17.56
2020-2022	67	0.01877	0.01860	0.5	76968	1431	76253	1297611	16.86
2020-2022	68	0.01965	0.01946	0.5	75537	1470	74802	1221359	16.17
2020-2022	69	0.02114	0.02092	0.5	74067	1550	73292	1146557	15.48
2020-2022	70	0.02285	0.02260	0.5	72518	1639	71698	1073264	14.80
2020-2022	71	0.02382	0.02354	0.5	70879	1669	70045	1001566	14.13
2020-2022	72	0.02594	0.02560	0.5	69210	1772	68324	931521	13.46
2020-2022	73	0.02829	0.02790	0.5	67438	1881	66498	863197	12.80
2020-2022	74	0.03053	0.03008	0.5	65557	1972	64571	796699	12.15
2020-2022	75	0.03410	0.03353	0.5	63585	2132	62519	732128	11.51
2020-2022	76	0.03671	0.03605	0.5	61453	2215	60345	669609	10.90
2020-2022	77	0.04173	0.04088	0.5	59238	2422	58027	609264	10.29
2020-2022	78	0.04589	0.04486	0.5	56816	2549	55542	551237	9.70
2020-2022	79	0.05090	0.04963	0.5	54267	2694	52920	495695	9.13
2020-2022	80	0.05582	0.05431	0.5	51574	2801	50173	442775	8.59
2020-2022	81	0.06130	0.05948	0.5	48773	2901	47322	392602	8.05
2020-2022	82	0.06917	0.06686	0.5	45872	3067	44338	345280	7.53
2020-2022	83	0.07747	0.07458	0.5	42805	3192	41209	300941	7.03
2020-2022	84	0.08612	0.08256	0.5	39612	3270	37977	259733	6.56
2020-2022	85	0.09688	0.09240	0.5	36342	3358	34663	221755	6.10
2020-2022	86	0.10855	0.10296	0.5	32984	3396	31286	187092	5.67
2020-2022	87	0.12173	0.11475	0.5	29588	3395	27890	155806	5.27
2020-2022	88	0.13651	0.12779	0.5	26193	3347	24519	127916	4.88
2020-2022	89	0.15057	0.14003	0.5	22846	3199	21246	103397	4.53
2020-2022	90	0.17206	0.15843	0.5	19647	3113	18090	82151	4.18
2020-2022	91	0.19324	0.17622	0.5	16534	2914	15077	64060	3.87
2020-2022	92	0.21361	0.19300	0.5	13620	2629	12306	48983	3.60
2020-2022	93	0.23906	0.21353	0.5	10992	2347	9818	36677	3.34
2020-2022	94	0.26220	0.23181	0.5	8645	2004	7643	26859	3.11
2020-2022	95	0.28732	0.25123	0.5	6641	1668	5806	19216	2.89
2020-2022	96	0.31484	0.27202	0.5	4972	1353	4296	13410	2.70
2020-2022	97	0.34373	0.29332	0.5	3620	1062	3089	9114	2.52
2020-2022	98	0.37383	0.31496	0.5	2558	806	2155	6025	2.36
2020-2022	99	0.40493	0.33675	0.5	1752	590	1457	3870	2.21
2020-2022	100	0.43681	0.35851	0.5	1162	417	954	2412	2.08
2020-2022	101	0.46923	0.38006	0.5	746	283	604	1459	1.96
2020-2022	102	0.50191	0.40122	0.5	462	185	369	855	1.85
2020-2022	103	0.53457	0.42182	0.5	277	117	218	485	1.75
2020-2022	104	0.56693	0.44172	0.5	160	71	125	267	1.67
2020-2022	105	0.59874	0.46079	0.5	89	41	69	142	1.59
2020-2022	106	0.62974	0.47893	0.5	48	23	37	73	1.52
2020-2022	107	0.65970	0.49607	0.5	25	12	19	37	1.46
2020-2022	108	0.68844	0.51215	0.5	13	6	9	18	1.41
2020-2022	109	0.71579	0.52713	0.5	6	3	5	8	1.37
2020-2022	110+	0.74165	1.00000	1.35	3	3	4	4	1.35
