Div9: Div9, Lifetables (period 5x5), Females Last modified: February 4 2025, MPv5 (May07) 

Year     	Age	mx	qx	ax	lx	dx	Lx	Tx	ex
1960-1964	0	0.01980	0.01945	0.11	100000	1945	98266	7476820	74.77
1960-1964	1-4	0.00084	0.00334	1.62	98055	327	391440	7378555	75.25
1960-1964	5-9	0.00035	0.00174	2.22	97728	170	488165	6987115	71.50
1960-1964	10-14	0.00028	0.00140	2.59	97557	136	487458	6498950	66.62
1960-1964	15-19	0.00052	0.00259	2.77	97421	252	486542	6011492	61.71
1960-1964	20-24	0.00071	0.00356	2.57	97169	346	485001	5524950	56.86
1960-1964	25-29	0.00081	0.00404	2.55	96822	391	483153	5039949	52.05
1960-1964	30-34	0.00114	0.00569	2.61	96431	549	480845	4556796	47.25
1960-1964	35-39	0.00169	0.00843	2.68	95883	808	477537	4075952	42.51
1960-1964	40-44	0.00260	0.01292	2.7	95074	1229	472542	3598415	37.85
1960-1964	45-49	0.00408	0.02020	2.66	93846	1896	464802	3125872	33.31
1960-1964	50-54	0.00606	0.02987	2.64	91950	2746	453278	2661070	28.94
1960-1964	55-59	0.00847	0.04154	2.63	89204	3705	437251	2207792	24.75
1960-1964	60-64	0.01259	0.06114	2.66	85499	5227	415250	1770542	20.71
1960-1964	65-69	0.01953	0.09335	2.63	80271	7493	383581	1355292	16.88
1960-1964	70-74	0.03170	0.14750	2.64	72778	10735	338608	971711	13.35
1960-1964	75-79	0.05308	0.23526	2.59	62043	14596	275005	633103	10.20
1960-1964	80-84	0.08889	0.36493	2.55	47447	17315	194794	358098	7.55
1960-1964	85-89	0.14767	0.53316	2.39	30132	16065	108789	163304	5.42
1960-1964	90-94	0.23018	0.69878	2.19	14067	9830	42704	54515	3.88
1960-1964	95-99	0.34183	0.83772	1.96	4237	3550	10384	11811	2.79
1960-1964	100-104	0.47341	0.92204	1.69	688	634	1339	1427	2.07
1960-1964	105-109	0.60962	0.96359	1.45	54	52	85	87	1.63
1960-1964	110+	0.71543	1.00000	1.4	2	2	3	3	1.40
1965-1969	0	0.01732	0.01705	0.1	100000	1705	98468	7520396	75.20
1965-1969	1-4	0.00076	0.00305	1.63	98295	300	392468	7421928	75.51
1965-1969	5-9	0.00035	0.00173	2.27	97995	169	489511	7029460	71.73
1965-1969	10-14	0.00029	0.00146	2.66	97825	143	488793	6539948	66.85
1965-1969	15-19	0.00059	0.00296	2.78	97683	289	487772	6051156	61.95
1965-1969	20-24	0.00072	0.00358	2.52	97394	349	486103	5563384	57.12
1965-1969	25-29	0.00085	0.00427	2.58	97045	414	484224	5077280	52.32
1965-1969	30-34	0.00116	0.00581	2.68	96631	561	481855	4593056	47.53
1965-1969	35-39	0.00169	0.00843	2.69	96070	810	478479	4111201	42.79
1965-1969	40-44	0.00262	0.01302	2.67	95260	1241	473410	3632721	38.13
1965-1969	45-49	0.00403	0.01996	2.65	94019	1876	465684	3159311	33.60
1965-1969	50-54	0.00601	0.02961	2.64	92143	2729	454286	2693627	29.23
1965-1969	55-59	0.00866	0.04244	2.62	89414	3795	438045	2239341	25.04
1965-1969	60-64	0.01238	0.06014	2.61	85619	5149	415812	1801296	21.04
1965-1969	65-69	0.01882	0.09009	2.63	80470	7250	385199	1385484	17.22
1965-1969	70-74	0.03053	0.14240	2.64	73220	10427	341507	1000285	13.66
1965-1969	75-79	0.05087	0.22657	2.59	62794	14227	279664	658778	10.49
1965-1969	80-84	0.08414	0.34894	2.56	48566	16947	201400	379114	7.81
1965-1969	85-89	0.14111	0.51691	2.41	31620	16345	115831	177714	5.62
1965-1969	90-94	0.21791	0.67867	2.22	15275	10367	47574	61883	4.05
1965-1969	95-99	0.32484	0.82150	1.99	4908	4032	12413	14309	2.92
1965-1969	100-104	0.45257	0.91224	1.73	876	799	1766	1896	2.16
1965-1969	105-109	0.58752	0.95871	1.49	77	74	125	130	1.69
1965-1969	110+	0.69410	1.00000	1.44	3	3	5	5	1.44
1970-1974	0	0.01404	0.01386	0.09	100000	1386	98742	7609166	76.09
1970-1974	1-4	0.00068	0.00273	1.68	98614	269	393832	7510424	76.16
1970-1974	5-9	0.00030	0.00150	2.28	98345	148	491323	7116592	72.36
1970-1974	10-14	0.00027	0.00135	2.75	98197	132	490690	6625269	67.47
1970-1974	15-19	0.00062	0.00308	2.79	98065	302	489657	6134579	62.56
1970-1974	20-24	0.00077	0.00386	2.5	97763	378	487869	5644922	57.74
1970-1974	25-29	0.00083	0.00412	2.58	97385	401	485957	5157052	52.96
1970-1974	30-34	0.00105	0.00524	2.6	96984	509	483702	4671095	48.16
1970-1974	35-39	0.00159	0.00794	2.64	96476	766	480571	4187393	43.40
1970-1974	40-44	0.00241	0.01196	2.64	95709	1145	475850	3706822	38.73
1970-1974	45-49	0.00388	0.01924	2.64	94565	1820	468536	3230972	34.17
1970-1974	50-54	0.00570	0.02814	2.65	92745	2610	457589	2762436	29.79
1970-1974	55-59	0.00844	0.04137	2.65	90135	3729	441930	2304847	25.57
1970-1974	60-64	0.01226	0.05956	2.63	86406	5147	419854	1862917	21.56
1970-1974	65-69	0.01777	0.08521	2.61	81260	6924	389723	1443063	17.76
1970-1974	70-74	0.02833	0.13274	2.63	74336	9868	348320	1053340	14.17
1970-1974	75-79	0.04711	0.21163	2.6	64468	13644	289632	705020	10.94
1970-1974	80-84	0.07745	0.32562	2.56	50825	16550	213687	415388	8.17
1970-1974	85-89	0.13147	0.49140	2.43	34275	16843	128116	201701	5.88
1970-1974	90-94	0.20674	0.66013	2.26	17432	11508	55663	73585	4.22
1970-1974	95-99	0.31104	0.80758	2.02	5925	4785	15383	17922	3.03
1970-1974	100-104	0.43857	0.90528	1.76	1140	1032	2353	2540	2.23
1970-1974	105-109	0.57533	0.95589	1.51	108	103	179	186	1.73
1970-1974	110+	0.68428	1.00000	1.46	5	5	7	7	1.46
1975-1979	0	0.01134	0.01122	0.08	100000	1122	98973	7772497	77.72
1975-1979	1-4	0.00060	0.00238	1.56	98878	235	394938	7673524	77.61
1975-1979	5-9	0.00026	0.00132	2.34	98642	131	492865	7278586	73.79
1975-1979	10-14	0.00022	0.00112	2.64	98512	110	492300	6785721	68.88
1975-1979	15-19	0.00056	0.00278	2.71	98402	274	491383	6293421	63.96
1975-1979	20-24	0.00073	0.00363	2.55	98128	356	489768	5802038	59.13
1975-1979	25-29	0.00075	0.00372	2.55	97772	364	487970	5312269	54.33
1975-1979	30-34	0.00090	0.00449	2.6	97409	438	485993	4824299	49.53
1975-1979	35-39	0.00125	0.00623	2.64	96971	605	483430	4338306	44.74
1975-1979	40-44	0.00208	0.01033	2.68	96366	995	479520	3854877	40.00
1975-1979	45-49	0.00327	0.01622	2.67	95371	1547	473254	3375356	35.39
1975-1979	50-54	0.00503	0.02484	2.65	93825	2330	463637	2902103	30.93
1975-1979	55-59	0.00756	0.03714	2.65	91494	3398	449500	2438465	26.65
1975-1979	60-64	0.01128	0.05496	2.64	88096	4842	429058	1988965	22.58
1975-1979	65-69	0.01630	0.07845	2.63	83254	6531	400796	1559908	18.74
1975-1979	70-74	0.02505	0.11822	2.63	76723	9070	362092	1159111	15.11
1975-1979	75-79	0.04062	0.18526	2.63	67653	12533	308517	797020	11.78
1975-1979	80-84	0.06772	0.29100	2.58	55120	16040	236856	488503	8.86
1975-1979	85-89	0.11345	0.44102	2.48	39080	17235	151910	251647	6.44
1975-1979	90-94	0.18714	0.62059	2.29	21845	13557	72440	99737	4.57
1975-1979	95-99	0.28129	0.77339	2.09	8288	6410	22788	27297	3.29
1975-1979	100-104	0.40415	0.88526	1.83	1878	1663	4114	4509	2.40
1975-1979	105-109	0.54054	0.94645	1.57	216	204	377	395	1.83
1975-1979	110+	0.65183	1.00000	1.53	12	12	18	18	1.53
1980-1984	0	0.00933	0.00925	0.08	100000	925	99148	7846748	78.47
1980-1984	1-4	0.00049	0.00196	1.53	99075	194	395820	7747601	78.20
1980-1984	5-9	0.00023	0.00117	2.4	98881	116	494102	7351781	74.35
1980-1984	10-14	0.00021	0.00106	2.77	98765	105	493590	6857678	69.43
1980-1984	15-19	0.00050	0.00252	2.75	98660	249	492741	6364088	64.51
1980-1984	20-24	0.00059	0.00293	2.51	98411	288	491339	5871347	59.66
1980-1984	25-29	0.00063	0.00317	2.54	98123	311	489851	5380008	54.83
1980-1984	30-34	0.00076	0.00381	2.57	97812	373	488157	4890157	50.00
1980-1984	35-39	0.00110	0.00551	2.68	97439	537	485951	4402000	45.18
1980-1984	40-44	0.00178	0.00886	2.68	96903	858	482524	3916049	40.41
1980-1984	45-49	0.00286	0.01423	2.69	96045	1366	477070	3433525	35.75
1980-1984	50-54	0.00453	0.02243	2.66	94678	2124	468426	2956455	31.23
1980-1984	55-59	0.00708	0.03483	2.68	92555	3223	455280	2488029	26.88
1980-1984	60-64	0.01088	0.05304	2.63	89331	4738	435443	2032748	22.76
1980-1984	65-69	0.01627	0.07832	2.62	84594	6625	407203	1597306	18.88
1980-1984	70-74	0.02517	0.11877	2.63	77968	9261	367876	1190103	15.26
1980-1984	75-79	0.03916	0.17901	2.6	68708	12299	314065	822227	11.97
1980-1984	80-84	0.06631	0.28560	2.57	56408	16110	242960	508162	9.01
1980-1984	85-89	0.11059	0.43246	2.48	40298	17428	157587	265203	6.58
1980-1984	90-94	0.17896	0.60504	2.32	22871	13838	77323	107616	4.71
1980-1984	95-99	0.27530	0.76576	2.1	9033	6917	25126	30292	3.35
1980-1984	100-104	0.39669	0.88036	1.84	2116	1863	4696	5166	2.44
1980-1984	105-109	0.53245	0.94395	1.58	253	239	449	471	1.86
1980-1984	110+	0.64378	1.00000	1.55	14	14	22	22	1.55
1985-1989	0	0.00835	0.00828	0.08	100000	828	99235	7881135	78.81
1985-1989	1-4	0.00044	0.00176	1.53	99172	175	396256	7781900	78.47
1985-1989	5-9	0.00019	0.00095	2.34	98997	94	494736	7385643	74.60
1985-1989	10-14	0.00019	0.00094	2.79	98903	93	494311	6890907	69.67
1985-1989	15-19	0.00047	0.00237	2.68	98810	234	493506	6396596	64.74
1985-1989	20-24	0.00052	0.00257	2.53	98576	254	492253	5903090	59.88
1985-1989	25-29	0.00061	0.00305	2.53	98322	300	490872	5410837	55.03
1985-1989	30-34	0.00074	0.00372	2.64	98023	364	489255	4919965	50.19
1985-1989	35-39	0.00105	0.00525	2.63	97658	513	487073	4430710	45.37
1985-1989	40-44	0.00161	0.00802	2.7	97145	779	483933	3943637	40.60
1985-1989	45-49	0.00264	0.01312	2.7	96367	1264	478920	3459704	35.90
1985-1989	50-54	0.00427	0.02112	2.66	95102	2009	470812	2980784	31.34
1985-1989	55-59	0.00681	0.03350	2.66	93094	3119	458170	2509972	26.96
1985-1989	60-64	0.01061	0.05174	2.64	89975	4655	438870	2051802	22.80
1985-1989	65-69	0.01576	0.07598	2.63	85319	6482	411261	1612933	18.90
1985-1989	70-74	0.02495	0.11777	2.63	78837	9284	372164	1201672	15.24
1985-1989	75-79	0.03915	0.17894	2.6	69552	12445	317880	829508	11.93
1985-1989	80-84	0.06593	0.28423	2.58	57107	16232	246182	511627	8.96
1985-1989	85-89	0.11207	0.43733	2.49	40875	17876	159511	265446	6.49
1985-1989	90-94	0.18384	0.61643	2.33	22999	14177	77118	105934	4.61
1985-1989	95-99	0.28370	0.77679	2.09	8822	6853	24155	28816	3.27
1985-1989	100-104	0.41025	0.88945	1.82	1969	1751	4269	4661	2.37
1985-1989	105-109	0.55022	0.94948	1.55	218	207	376	392	1.80
1985-1989	110+	0.66377	1.00000	1.51	11	11	17	17	1.51
1990-1994	0	0.00674	0.00670	0.07	100000	670	99378	7962959	79.63
1990-1994	1-4	0.00036	0.00145	1.6	99330	144	396974	7863581	79.17
1990-1994	5-9	0.00016	0.00081	2.36	99186	80	495717	7466606	75.28
1990-1994	10-14	0.00018	0.00092	2.84	99105	91	495330	6970890	70.34
1990-1994	15-19	0.00042	0.00210	2.71	99014	208	494592	6475560	65.40
1990-1994	20-24	0.00048	0.00240	2.49	98806	237	493433	5980968	60.53
1990-1994	25-29	0.00054	0.00268	2.6	98568	264	492209	5487535	55.67
1990-1994	30-34	0.00072	0.00359	2.66	98305	353	490697	4995326	50.81
1990-1994	35-39	0.00103	0.00513	2.64	97951	503	488569	4504629	45.99
1990-1994	40-44	0.00154	0.00769	2.69	97449	750	485510	4016060	41.21
1990-1994	45-49	0.00243	0.01209	2.66	96699	1169	480760	3530551	36.51
1990-1994	50-54	0.00394	0.01951	2.68	95530	1864	473323	3049790	31.93
1990-1994	55-59	0.00629	0.03101	2.68	93666	2905	461603	2576467	27.51
1990-1994	60-64	0.00982	0.04799	2.62	90761	4356	443457	2114864	23.30
1990-1994	65-69	0.01506	0.07274	2.65	86405	6285	417286	1671407	19.34
1990-1994	70-74	0.02339	0.11081	2.63	80120	8878	379530	1254122	15.65
1990-1994	75-79	0.03697	0.16983	2.61	71242	12099	327293	874592	12.28
1990-1994	80-84	0.06245	0.27133	2.58	59143	16047	256952	547299	9.25
1990-1994	85-89	0.10505	0.41595	2.5	43096	17926	170636	290347	6.74
1990-1994	90-94	0.17591	0.60055	2.36	25170	15116	85932	119711	4.76
1990-1994	95-99	0.27413	0.76488	2.11	10054	7690	28054	33778	3.36
1990-1994	100-104	0.40005	0.88311	1.84	2364	2088	5218	5725	2.42
1990-1994	105-109	0.54095	0.94687	1.57	276	262	484	506	1.83
1990-1994	110+	0.65602	1.00000	1.52	15	15	22	22	1.52
1995-1999	0	0.00568	0.00565	0.07	100000	565	99474	8009673	80.10
1995-1999	1-4	0.00029	0.00114	1.58	99435	113	397467	7910199	79.55
1995-1999	5-9	0.00014	0.00071	2.41	99322	70	496428	7512732	75.64
1995-1999	10-14	0.00015	0.00077	2.76	99252	77	496086	7016304	70.69
1995-1999	15-19	0.00036	0.00179	2.71	99175	178	495467	6520218	65.74
1995-1999	20-24	0.00043	0.00213	2.45	98997	211	494448	6024752	60.86
1995-1999	25-29	0.00046	0.00231	2.55	98786	228	493372	5530304	55.98
1995-1999	30-34	0.00065	0.00324	2.7	98558	320	492058	5036932	51.11
1995-1999	35-39	0.00098	0.00490	2.7	98239	482	490088	4544874	46.26
1995-1999	40-44	0.00154	0.00767	2.66	97757	750	487031	4054785	41.48
1995-1999	45-49	0.00230	0.01143	2.67	97007	1109	482458	3567754	36.78
1995-1999	50-54	0.00360	0.01784	2.7	95899	1711	475555	3085296	32.17
1995-1999	55-59	0.00581	0.02868	2.68	94188	2701	464676	2609741	27.71
1995-1999	60-64	0.00934	0.04572	2.67	91487	4183	447682	2145064	23.45
1995-1999	65-69	0.01422	0.06879	2.64	87304	6005	422361	1697383	19.44
1995-1999	70-74	0.02276	0.10797	2.63	81299	8778	385675	1275022	15.68
1995-1999	75-79	0.03583	0.16507	2.62	72521	11971	334103	889347	12.26
1995-1999	80-84	0.06255	0.27187	2.6	60551	16462	263195	555244	9.17
1995-1999	85-89	0.10689	0.42191	2.5	44089	18602	174030	292049	6.62
1995-1999	90-94	0.18119	0.61090	2.33	25487	15570	85933	118019	4.63
1995-1999	95-99	0.28629	0.78074	2.09	9917	7743	27044	32086	3.24
1995-1999	100-104	0.41937	0.89558	1.8	2174	1947	4644	5042	2.32
1995-1999	105-109	0.56579	0.95405	1.53	227	217	383	398	1.75
1995-1999	110+	0.68334	1.00000	1.46	10	10	15	15	1.46
2000-2004	0	0.00510	0.00508	0.07	100000	508	99526	8069542	80.70
2000-2004	1-4	0.00024	0.00097	1.62	99492	96	397739	7970016	80.11
2000-2004	5-9	0.00013	0.00063	2.37	99396	62	496814	7572277	76.18
2000-2004	10-14	0.00014	0.00069	2.8	99333	68	496517	7075463	71.23
2000-2004	15-19	0.00032	0.00162	2.83	99265	161	495976	6578947	66.28
2000-2004	20-24	0.00038	0.00191	2.46	99104	190	495040	6082971	61.38
2000-2004	25-29	0.00041	0.00205	2.55	98915	203	494076	5587931	56.49
2000-2004	30-34	0.00057	0.00285	2.72	98712	281	492917	5093854	51.60
2000-2004	35-39	0.00091	0.00455	2.72	98431	448	491133	4600937	46.74
2000-2004	40-44	0.00151	0.00752	2.69	97983	737	488213	4109805	41.94
2000-2004	45-49	0.00230	0.01144	2.66	97246	1112	483630	3621592	37.24
2000-2004	50-54	0.00343	0.01700	2.65	96133	1634	476820	3137963	32.64
2000-2004	55-59	0.00527	0.02605	2.68	94499	2462	466788	2661143	28.16
2000-2004	60-64	0.00845	0.04141	2.66	92037	3812	451265	2194355	23.84
2000-2004	65-69	0.01324	0.06422	2.65	88226	5666	427830	1743090	19.76
2000-2004	70-74	0.02097	0.09993	2.64	82560	8250	393332	1315260	15.93
2000-2004	75-79	0.03393	0.15702	2.63	74310	11668	343908	921929	12.41
2000-2004	80-84	0.06083	0.26546	2.6	62642	16629	273368	578020	9.23
2000-2004	85-89	0.10598	0.41944	2.52	46013	19300	182106	304652	6.62
2000-2004	90-94	0.18301	0.61583	2.34	26713	16451	89889	122546	4.59
2000-2004	95-99	0.29161	0.78764	2.08	10262	8083	27719	32657	3.18
2000-2004	100-104	0.42990	0.90200	1.78	2179	1966	4573	4938	2.27
2000-2004	105-109	0.58074	0.95797	1.5	214	205	352	365	1.71
2000-2004	110+	0.70042	1.00000	1.43	9	9	13	13	1.43
2005-2009	0	0.00491	0.00489	0.07	100000	489	99544	8170199	81.70
2005-2009	1-4	0.00022	0.00088	1.56	99511	88	397830	8070655	81.10
2005-2009	5-9	0.00011	0.00055	2.4	99423	55	496975	7672825	77.17
2005-2009	10-14	0.00012	0.00060	2.7	99369	59	496708	7175850	72.21
2005-2009	15-19	0.00028	0.00142	2.79	99310	141	496236	6679142	67.26
2005-2009	20-24	0.00038	0.00192	2.5	99168	190	495367	6182906	62.35
2005-2009	25-29	0.00043	0.00216	2.58	98978	214	494374	5687540	57.46
2005-2009	30-34	0.00056	0.00279	2.62	98765	276	493167	5193166	52.58
2005-2009	35-39	0.00084	0.00417	2.69	98489	411	491498	4699999	47.72
2005-2009	40-44	0.00136	0.00679	2.69	98078	666	488855	4208501	42.91
2005-2009	45-49	0.00224	0.01115	2.66	97412	1086	484520	3719645	38.18
2005-2009	50-54	0.00334	0.01655	2.64	96326	1594	477869	3235126	33.59
2005-2009	55-59	0.00480	0.02371	2.66	94732	2247	468399	2757257	29.11
2005-2009	60-64	0.00741	0.03640	2.66	92486	3367	454564	2288858	24.75
2005-2009	65-69	0.01154	0.05620	2.65	89119	5008	433840	1834294	20.58
2005-2009	70-74	0.01851	0.08869	2.67	84110	7460	403135	1400454	16.65
2005-2009	75-79	0.03017	0.14083	2.64	76650	10794	357782	997319	13.01
2005-2009	80-84	0.05435	0.24057	2.61	65856	15843	291485	639537	9.71
2005-2009	85-89	0.09695	0.39140	2.54	50013	19575	201911	348052	6.96
2005-2009	90-94	0.17104	0.58954	2.37	30438	17944	104912	146140	4.80
2005-2009	95-99	0.27867	0.77238	2.11	12493	9650	34627	41228	3.30
2005-2009	100-104	0.41845	0.89592	1.81	2844	2548	6088	6601	2.32
2005-2009	105-109	0.57327	0.95640	1.52	296	283	494	512	1.73
2005-2009	110+	0.69688	1.00000	1.43	13	13	19	19	1.43
2010-2014	0	0.00431	0.00430	0.07	100000	430	99598	8268270	82.68
2010-2014	1-4	0.00018	0.00073	1.6	99570	73	398106	8168672	82.04
2010-2014	5-9	0.00009	0.00043	2.32	99497	43	497371	7770566	78.10
2010-2014	10-14	0.00010	0.00050	2.78	99454	50	497160	7273195	73.13
2010-2014	15-19	0.00022	0.00108	2.89	99404	108	496794	6776035	68.17
2010-2014	20-24	0.00034	0.00172	2.56	99297	170	496068	6279241	63.24
2010-2014	25-29	0.00041	0.00206	2.56	99126	204	495135	5783173	58.34
2010-2014	30-34	0.00053	0.00267	2.6	98923	264	493979	5288038	53.46
2010-2014	35-39	0.00077	0.00384	2.66	98659	379	492405	4794059	48.59
2010-2014	40-44	0.00121	0.00604	2.7	98280	594	490034	4301654	43.77
2010-2014	45-49	0.00197	0.00983	2.71	97686	960	486226	3811620	39.02
2010-2014	50-54	0.00313	0.01556	2.64	96725	1505	480082	3325394	34.38
2010-2014	55-59	0.00456	0.02257	2.62	95221	2149	470998	2845312	29.88
2010-2014	60-64	0.00672	0.03310	2.65	93071	3081	458128	2374314	25.51
2010-2014	65-69	0.01016	0.04963	2.66	89991	4466	439499	1916186	21.29
2010-2014	70-74	0.01630	0.07851	2.65	85524	6714	411866	1476687	17.27
2010-2014	75-79	0.02732	0.12835	2.65	78810	10115	370257	1064821	13.51
2010-2014	80-84	0.05023	0.22441	2.63	68695	15416	306910	694564	10.11
2010-2014	85-89	0.08984	0.36841	2.56	53279	19628	218483	387654	7.28
2010-2014	90-94	0.16032	0.56540	2.39	33650	19026	118676	169171	5.03
2010-2014	95-99	0.26357	0.75259	2.15	14625	11006	41758	50495	3.45
2010-2014	100-104	0.40053	0.88493	1.85	3618	3202	7994	8737	2.41
2010-2014	105-109	0.55533	0.95182	1.55	416	396	714	743	1.78
2010-2014	110+	0.68082	1.00000	1.47	20	20	29	29	1.47
2015-2019	0	0.00391	0.00390	0.06	100000	390	99635	8298059	82.98
2015-2019	1-4	0.00016	0.00065	1.61	99610	65	398287	8198423	82.30
2015-2019	5-9	0.00008	0.00042	2.38	99546	42	497618	7800136	78.36
2015-2019	10-14	0.00010	0.00051	2.74	99504	51	497404	7302519	73.39
2015-2019	15-19	0.00024	0.00118	2.84	99453	117	497013	6805115	68.43
2015-2019	20-24	0.00038	0.00188	2.56	99336	187	496222	6308102	63.50
2015-2019	25-29	0.00045	0.00224	2.56	99149	222	495200	5811880	58.62
2015-2019	30-34	0.00062	0.00308	2.63	98926	305	493910	5316680	53.74
2015-2019	35-39	0.00086	0.00427	2.63	98622	421	492112	4822770	48.90
2015-2019	40-44	0.00119	0.00591	2.63	98200	581	489624	4330658	44.10
2015-2019	45-49	0.00188	0.00936	2.67	97620	914	485971	3841034	39.35
2015-2019	50-54	0.00298	0.01479	2.66	96705	1430	480186	3355064	34.69
2015-2019	55-59	0.00455	0.02249	2.65	95276	2143	471339	2874878	30.17
2015-2019	60-64	0.00665	0.03272	2.63	93133	3047	458440	2403539	25.81
2015-2019	65-69	0.00974	0.04759	2.65	90086	4287	440355	1945098	21.59
2015-2019	70-74	0.01541	0.07439	2.67	85798	6382	414094	1504743	17.54
2015-2019	75-79	0.02580	0.12164	2.66	79416	9660	374478	1090649	13.73
2015-2019	80-84	0.04816	0.21627	2.64	69756	15086	313237	716171	10.27
2015-2019	85-89	0.08706	0.35924	2.57	54670	19640	225587	402934	7.37
2015-2019	90-94	0.15819	0.56049	2.4	35030	19634	124117	177347	5.06
2015-2019	95-99	0.26279	0.75191	2.16	15396	11577	44053	53230	3.46
2015-2019	100-104	0.40259	0.88660	1.84	3820	3386	8412	9178	2.40
2015-2019	105-109	0.56063	0.95342	1.54	433	413	737	766	1.77
2015-2019	110+	0.68824	1.00000	1.45	20	20	29	29	1.45
2020-2022	0	0.00375	0.00373	0.06	100000	373	99650	8190376	81.90
2020-2022	1-4	0.00017	0.00067	1.56	99627	67	398342	8090725	81.21
2020-2022	5-9	0.00008	0.00042	2.54	99559	42	497695	7692383	77.26
2020-2022	10-14	0.00011	0.00057	2.95	99518	57	497472	7194688	72.30
2020-2022	15-19	0.00030	0.00150	2.88	99461	149	496989	6697216	67.34
2020-2022	20-24	0.00049	0.00247	2.56	99312	245	495964	6200227	62.43
2020-2022	25-29	0.00063	0.00316	2.59	99067	313	494580	5704264	57.58
2020-2022	30-34	0.00085	0.00426	2.62	98754	420	492772	5209683	52.75
2020-2022	35-39	0.00112	0.00560	2.63	98334	550	490364	4716911	47.97
2020-2022	40-44	0.00157	0.00784	2.62	97783	766	487095	4226547	43.22
2020-2022	45-49	0.00225	0.01119	2.64	97017	1086	482524	3739452	38.54
2020-2022	50-54	0.00338	0.01676	2.65	95931	1608	475882	3256928	33.95
2020-2022	55-59	0.00503	0.02487	2.66	94323	2345	466122	2781046	29.48
2020-2022	60-64	0.00778	0.03821	2.64	91978	3514	451585	2314924	25.17
2020-2022	65-69	0.01102	0.05371	2.63	88463	4751	431036	1863338	21.06
2020-2022	70-74	0.01684	0.08104	2.67	83712	6784	402744	1432303	17.11
2020-2022	75-79	0.02836	0.13297	2.66	76929	10229	360745	1029559	13.38
2020-2022	80-84	0.05035	0.22501	2.64	66699	15008	298066	668814	10.03
2020-2022	85-89	0.09159	0.37427	2.56	51691	19347	211233	370748	7.17
2020-2022	90-94	0.16407	0.57460	2.39	32345	18585	113276	159515	4.93
2020-2022	95-99	0.27218	0.76450	2.13	13760	10519	38649	46239	3.36
2020-2022	100-104	0.41411	0.89372	1.82	3240	2896	6993	7590	2.34
2020-2022	105-109	0.57246	0.95641	1.52	344	329	575	597	1.73
2020-2022	110+	0.69903	1.00000	1.43	15	15	21	21	1.43
