Div4: Div4, Lifetables (period 1x10), Females Last modified: February 4 2025, MPv5 (May07) 

Year     	Age	mx	qx	ax	lx	dx	Lx	Tx	ex
1941-1949	0	0.02892	0.02821	0.13	100000	2821	97557	7091822	70.92
1941-1949	1	0.00279	0.00278	0.5	97179	270	97043	6994266	71.97
1941-1949	2	0.00150	0.00150	0.5	96908	146	96835	6897222	71.17
1941-1949	3	0.00118	0.00118	0.5	96763	114	96706	6800387	70.28
1941-1949	4	0.00096	0.00096	0.5	96649	93	96602	6703681	69.36
1941-1949	5	0.00081	0.00081	0.5	96556	78	96516	6607079	68.43
1941-1949	6	0.00071	0.00071	0.5	96477	69	96443	6510563	67.48
1941-1949	7	0.00064	0.00064	0.5	96408	62	96378	6414120	66.53
1941-1949	8	0.00059	0.00059	0.5	96347	57	96318	6317742	65.57
1941-1949	9	0.00055	0.00055	0.5	96290	53	96264	6221424	64.61
1941-1949	10	0.00054	0.00054	0.5	96237	52	96211	6125160	63.65
1941-1949	11	0.00055	0.00055	0.5	96185	53	96159	6028949	62.68
1941-1949	12	0.00058	0.00058	0.5	96133	55	96105	5932790	61.71
1941-1949	13	0.00063	0.00063	0.5	96077	60	96047	5836685	60.75
1941-1949	14	0.00069	0.00069	0.5	96017	67	95984	5740638	59.79
1941-1949	15	0.00078	0.00078	0.5	95951	75	95914	5644654	58.83
1941-1949	16	0.00085	0.00085	0.5	95876	82	95835	5548740	57.87
1941-1949	17	0.00092	0.00092	0.5	95795	88	95751	5452905	56.92
1941-1949	18	0.00098	0.00098	0.5	95707	93	95660	5357154	55.97
1941-1949	19	0.00103	0.00102	0.5	95613	98	95564	5261494	55.03
1941-1949	20	0.00107	0.00107	0.5	95515	102	95465	5165929	54.08
1941-1949	21	0.00111	0.00111	0.5	95414	106	95361	5070465	53.14
1941-1949	22	0.00114	0.00114	0.5	95308	109	95254	4975104	52.20
1941-1949	23	0.00118	0.00118	0.5	95199	112	95143	4879850	51.26
1941-1949	24	0.00121	0.00120	0.5	95087	115	95030	4784707	50.32
1941-1949	25	0.00123	0.00123	0.5	94972	117	94914	4689678	49.38
1941-1949	26	0.00127	0.00127	0.5	94856	120	94796	4594764	48.44
1941-1949	27	0.00132	0.00131	0.5	94736	125	94673	4499968	47.50
1941-1949	28	0.00138	0.00138	0.5	94611	131	94546	4405295	46.56
1941-1949	29	0.00146	0.00146	0.5	94480	138	94411	4310749	45.63
1941-1949	30	0.00155	0.00155	0.5	94342	146	94269	4216338	44.69
1941-1949	31	0.00164	0.00164	0.5	94196	155	94119	4122069	43.76
1941-1949	32	0.00174	0.00174	0.5	94041	164	93960	4027950	42.83
1941-1949	33	0.00185	0.00185	0.5	93878	173	93791	3933991	41.91
1941-1949	34	0.00197	0.00196	0.5	93704	184	93612	3840199	40.98
1941-1949	35	0.00210	0.00210	0.5	93520	196	93422	3746587	40.06
1941-1949	36	0.00223	0.00223	0.5	93324	208	93220	3653165	39.14
1941-1949	37	0.00238	0.00238	0.5	93116	221	93006	3559944	38.23
1941-1949	38	0.00254	0.00254	0.5	92895	236	92777	3466939	37.32
1941-1949	39	0.00272	0.00271	0.5	92659	251	92533	3374162	36.41
1941-1949	40	0.00290	0.00290	0.5	92408	268	92274	3281628	35.51
1941-1949	41	0.00309	0.00309	0.5	92140	284	91998	3189355	34.61
1941-1949	42	0.00334	0.00333	0.5	91856	306	91703	3097357	33.72
1941-1949	43	0.00362	0.00362	0.5	91550	331	91384	3005654	32.83
1941-1949	44	0.00391	0.00391	0.5	91218	356	91040	2914270	31.95
1941-1949	45	0.00424	0.00424	0.5	90862	385	90670	2823230	31.07
1941-1949	46	0.00458	0.00457	0.5	90477	413	90271	2732560	30.20
1941-1949	47	0.00491	0.00490	0.5	90064	441	89843	2642290	29.34
1941-1949	48	0.00525	0.00524	0.5	89623	469	89388	2552446	28.48
1941-1949	49	0.00562	0.00560	0.5	89153	500	88904	2463058	27.63
1941-1949	50	0.00603	0.00601	0.5	88654	533	88387	2374155	26.78
1941-1949	51	0.00643	0.00641	0.5	88121	565	87838	2285768	25.94
1941-1949	52	0.00689	0.00687	0.5	87556	601	87255	2197929	25.10
1941-1949	53	0.00746	0.00743	0.5	86954	646	86631	2110674	24.27
1941-1949	54	0.00808	0.00805	0.5	86308	695	85961	2024043	23.45
1941-1949	55	0.00879	0.00875	0.5	85613	749	85239	1938082	22.64
1941-1949	56	0.00953	0.00948	0.5	84864	805	84462	1852844	21.83
1941-1949	57	0.01031	0.01026	0.5	84059	862	83628	1768382	21.04
1941-1949	58	0.01118	0.01112	0.5	83197	925	82735	1684754	20.25
1941-1949	59	0.01207	0.01200	0.5	82272	987	81778	1602020	19.47
1941-1949	60	0.01304	0.01296	0.5	81285	1053	80758	1520241	18.70
1941-1949	61	0.01411	0.01401	0.5	80232	1124	79670	1439483	17.94
1941-1949	62	0.01542	0.01530	0.5	79107	1210	78502	1359813	17.19
1941-1949	63	0.01700	0.01686	0.5	77897	1313	77241	1281311	16.45
1941-1949	64	0.01874	0.01857	0.5	76584	1422	75873	1204070	15.72
1941-1949	65	0.02085	0.02064	0.5	75162	1551	74386	1128198	15.01
1941-1949	66	0.02310	0.02284	0.5	73611	1681	72770	1053811	14.32
1941-1949	67	0.02553	0.02521	0.5	71929	1813	71023	981041	13.64
1941-1949	68	0.02841	0.02801	0.5	70116	1964	69134	910019	12.98
1941-1949	69	0.03148	0.03100	0.5	68152	2112	67096	840885	12.34
1941-1949	70	0.03485	0.03426	0.5	66040	2262	64908	773789	11.72
1941-1949	71	0.03827	0.03756	0.5	63777	2395	62580	708881	11.11
1941-1949	72	0.04222	0.04135	0.5	61382	2538	60113	646301	10.53
1941-1949	73	0.04691	0.04584	0.5	58844	2697	57496	586188	9.96
1941-1949	74	0.05192	0.05060	0.5	56147	2841	54726	528693	9.42
1941-1949	75	0.05778	0.05616	0.5	53306	2994	51809	473966	8.89
1941-1949	76	0.06398	0.06200	0.5	50312	3119	48753	422157	8.39
1941-1949	77	0.07038	0.06799	0.5	47193	3208	45589	373405	7.91
1941-1949	78	0.07784	0.07493	0.5	43985	3296	42337	327816	7.45
1941-1949	79	0.08585	0.08231	0.5	40689	3349	39014	285479	7.02
1941-1949	80	0.09373	0.08953	0.5	37340	3343	35668	246465	6.60
1941-1949	81	0.10342	0.09833	0.5	33996	3343	32325	210797	6.20
1941-1949	82	0.11388	0.10774	0.5	30654	3303	29002	178472	5.82
1941-1949	83	0.12517	0.11780	0.5	27351	3222	25740	149470	5.46
1941-1949	84	0.13720	0.12839	0.5	24129	3098	22580	123730	5.13
1941-1949	85	0.15006	0.13959	0.5	21031	2936	19563	101150	4.81
1941-1949	86	0.16450	0.15200	0.5	18095	2751	16720	81586	4.51
1941-1949	87	0.18092	0.16591	0.5	15345	2546	14072	64866	4.23
1941-1949	88	0.19916	0.18112	0.5	12799	2318	11640	50794	3.97
1941-1949	89	0.21800	0.19657	0.5	10481	2060	9451	39154	3.74
1941-1949	90	0.23502	0.21030	0.5	8421	1771	7535	29703	3.53
1941-1949	91	0.25120	0.22317	0.5	6650	1484	5908	22168	3.33
1941-1949	92	0.26751	0.23595	0.5	5166	1219	4556	16260	3.15
1941-1949	93	0.28410	0.24876	0.5	3947	982	3456	11704	2.97
1941-1949	94	0.30305	0.26318	0.5	2965	780	2575	8248	2.78
1941-1949	95	0.33944	0.29019	0.5	2185	634	1868	5673	2.60
1941-1949	96	0.36372	0.30775	0.5	1551	477	1312	3806	2.45
1941-1949	97	0.38872	0.32546	0.5	1073	349	899	2493	2.32
1941-1949	98	0.41432	0.34322	0.5	724	249	600	1595	2.20
1941-1949	99	0.44039	0.36092	0.5	476	172	390	995	2.09
1941-1949	100	0.46679	0.37846	0.5	304	115	246	605	1.99
1941-1949	101	0.49338	0.39575	0.5	189	75	152	359	1.90
1941-1949	102	0.52001	0.41270	0.5	114	47	91	207	1.81
1941-1949	103	0.54652	0.42923	0.5	67	29	53	116	1.74
1941-1949	104	0.57278	0.44526	0.5	38	17	30	64	1.67
1941-1949	105	0.59862	0.46072	0.5	21	10	16	34	1.60
1941-1949	106	0.62394	0.47557	0.5	11	5	9	18	1.55
1941-1949	107	0.64859	0.48976	0.5	6	3	5	9	1.50
1941-1949	108	0.67247	0.50326	0.5	3	2	2	4	1.45
1941-1949	109	0.69550	0.51604	0.5	2	1	1	2	1.42
1941-1949	110+	0.71758	1.00000	1.39	1	1	1	1	1.39
1950-1959	0	0.02151	0.02111	0.11	100000	2111	98128	7407170	74.07
1950-1959	1	0.00167	0.00167	0.5	97889	164	97807	7309042	74.67
1950-1959	2	0.00103	0.00102	0.5	97726	100	97676	7211234	73.79
1950-1959	3	0.00077	0.00077	0.5	97626	75	97588	7113559	72.87
1950-1959	4	0.00062	0.00062	0.5	97550	61	97520	7015971	71.92
1950-1959	5	0.00053	0.00053	0.5	97490	52	97464	6918451	70.97
1950-1959	6	0.00048	0.00048	0.5	97438	46	97414	6820987	70.00
1950-1959	7	0.00041	0.00041	0.5	97391	40	97371	6723573	69.04
1950-1959	8	0.00037	0.00037	0.5	97351	36	97333	6626202	68.06
1950-1959	9	0.00035	0.00035	0.5	97315	34	97298	6528868	67.09
1950-1959	10	0.00034	0.00034	0.5	97282	33	97265	6431570	66.11
1950-1959	11	0.00035	0.00035	0.5	97249	34	97232	6334305	65.13
1950-1959	12	0.00037	0.00037	0.5	97214	36	97197	6237073	64.16
1950-1959	13	0.00039	0.00039	0.5	97179	38	97160	6139876	63.18
1950-1959	14	0.00045	0.00045	0.5	97141	44	97119	6042717	62.21
1950-1959	15	0.00054	0.00054	0.5	97097	52	97071	5945598	61.23
1950-1959	16	0.00058	0.00058	0.5	97045	57	97016	5848528	60.27
1950-1959	17	0.00064	0.00064	0.5	96988	62	96957	5751511	59.30
1950-1959	18	0.00067	0.00067	0.5	96926	65	96893	5654555	58.34
1950-1959	19	0.00069	0.00069	0.5	96860	66	96827	5557662	57.38
1950-1959	20	0.00071	0.00071	0.5	96794	68	96760	5460834	56.42
1950-1959	21	0.00070	0.00070	0.5	96725	68	96692	5364075	55.46
1950-1959	22	0.00072	0.00072	0.5	96658	70	96623	5267383	54.50
1950-1959	23	0.00072	0.00072	0.5	96588	70	96553	5170760	53.53
1950-1959	24	0.00075	0.00074	0.5	96518	72	96482	5074207	52.57
1950-1959	25	0.00077	0.00077	0.5	96446	75	96409	4977724	51.61
1950-1959	26	0.00081	0.00081	0.5	96372	78	96333	4881315	50.65
1950-1959	27	0.00084	0.00084	0.5	96294	81	96254	4784982	49.69
1950-1959	28	0.00086	0.00085	0.5	96213	82	96172	4688728	48.73
1950-1959	29	0.00090	0.00090	0.5	96131	86	96088	4592557	47.77
1950-1959	30	0.00094	0.00094	0.5	96044	90	95999	4496469	46.82
1950-1959	31	0.00102	0.00102	0.5	95954	97	95906	4400470	45.86
1950-1959	32	0.00107	0.00107	0.5	95857	103	95806	4304564	44.91
1950-1959	33	0.00117	0.00117	0.5	95755	112	95699	4208758	43.95
1950-1959	34	0.00126	0.00126	0.5	95643	120	95583	4113059	43.00
1950-1959	35	0.00133	0.00133	0.5	95523	127	95459	4017477	42.06
1950-1959	36	0.00146	0.00146	0.5	95396	139	95326	3922018	41.11
1950-1959	37	0.00156	0.00156	0.5	95257	149	95182	3826692	40.17
1950-1959	38	0.00171	0.00171	0.5	95108	162	95027	3731509	39.23
1950-1959	39	0.00185	0.00185	0.5	94946	175	94858	3636482	38.30
1950-1959	40	0.00200	0.00200	0.5	94770	190	94676	3541624	37.37
1950-1959	41	0.00216	0.00216	0.5	94581	204	94479	3446948	36.44
1950-1959	42	0.00237	0.00237	0.5	94376	224	94265	3352470	35.52
1950-1959	43	0.00261	0.00261	0.5	94153	245	94030	3258205	34.61
1950-1959	44	0.00282	0.00282	0.5	93907	265	93775	3164175	33.69
1950-1959	45	0.00308	0.00307	0.5	93643	288	93499	3070400	32.79
1950-1959	46	0.00341	0.00340	0.5	93355	317	93196	2976901	31.89
1950-1959	47	0.00373	0.00373	0.5	93038	347	92864	2883705	30.99
1950-1959	48	0.00411	0.00410	0.5	92691	380	92501	2790840	30.11
1950-1959	49	0.00443	0.00442	0.5	92311	408	92107	2698339	29.23
1950-1959	50	0.00479	0.00478	0.5	91903	440	91683	2606232	28.36
1950-1959	51	0.00520	0.00519	0.5	91464	475	91226	2514548	27.49
1950-1959	52	0.00566	0.00564	0.5	90989	514	90732	2423322	26.63
1950-1959	53	0.00608	0.00607	0.5	90475	549	90201	2332590	25.78
1950-1959	54	0.00660	0.00658	0.5	89927	592	89631	2242389	24.94
1950-1959	55	0.00699	0.00696	0.5	89335	622	89024	2152758	24.10
1950-1959	56	0.00758	0.00755	0.5	88713	670	88378	2063734	23.26
1950-1959	57	0.00811	0.00808	0.5	88043	711	87688	1975356	22.44
1950-1959	58	0.00897	0.00893	0.5	87332	780	86942	1887668	21.61
1950-1959	59	0.00963	0.00958	0.5	86552	829	86137	1800726	20.81
1950-1959	60	0.01061	0.01055	0.5	85723	905	85270	1714588	20.00
1950-1959	61	0.01155	0.01148	0.5	84818	974	84331	1629318	19.21
1950-1959	62	0.01288	0.01280	0.5	83844	1073	83307	1544987	18.43
1950-1959	63	0.01413	0.01403	0.5	82771	1162	82190	1461679	17.66
1950-1959	64	0.01542	0.01531	0.5	81609	1249	80985	1379489	16.90
1950-1959	65	0.01709	0.01695	0.5	80360	1362	79679	1298505	16.16
1950-1959	66	0.01884	0.01866	0.5	78998	1474	78261	1218826	15.43
1950-1959	67	0.02099	0.02077	0.5	77524	1611	76718	1140565	14.71
1950-1959	68	0.02325	0.02299	0.5	75913	1745	75041	1063847	14.01
1950-1959	69	0.02589	0.02556	0.5	74168	1896	73220	988806	13.33
1950-1959	70	0.02837	0.02798	0.5	72272	2022	71261	915586	12.67
1950-1959	71	0.03158	0.03109	0.5	70250	2184	69158	844325	12.02
1950-1959	72	0.03534	0.03472	0.5	68066	2363	66884	775167	11.39
1950-1959	73	0.03920	0.03844	0.5	65702	2526	64440	708283	10.78
1950-1959	74	0.04367	0.04273	0.5	63177	2700	61827	643843	10.19
1950-1959	75	0.04859	0.04743	0.5	60477	2869	59043	582017	9.62
1950-1959	76	0.05376	0.05236	0.5	57608	3016	56100	522974	9.08
1950-1959	77	0.05981	0.05807	0.5	54592	3170	53007	466874	8.55
1950-1959	78	0.06655	0.06441	0.5	51422	3312	49766	413867	8.05
1950-1959	79	0.07428	0.07162	0.5	48110	3445	46387	364101	7.57
1950-1959	80	0.08085	0.07771	0.5	44664	3471	42929	317714	7.11
1950-1959	81	0.08975	0.08590	0.5	41194	3539	39424	274784	6.67
1950-1959	82	0.10032	0.09553	0.5	37655	3597	35857	235360	6.25
1950-1959	83	0.11143	0.10555	0.5	34058	3595	32261	199504	5.86
1950-1959	84	0.12309	0.11595	0.5	30463	3532	28697	167243	5.49
1950-1959	85	0.13517	0.12661	0.5	26931	3410	25226	138546	5.14
1950-1959	86	0.14869	0.13840	0.5	23521	3255	21893	113320	4.82
1950-1959	87	0.16497	0.15240	0.5	20266	3088	18721	91427	4.51
1950-1959	88	0.17993	0.16508	0.5	17177	2836	15759	72705	4.23
1950-1959	89	0.19753	0.17977	0.5	14342	2578	13053	56946	3.97
1950-1959	90	0.21355	0.19295	0.5	11763	2270	10629	43893	3.73
1950-1959	91	0.22965	0.20600	0.5	9494	1956	8516	33265	3.50
1950-1959	92	0.25008	0.22229	0.5	7538	1676	6700	24749	3.28
1950-1959	93	0.26930	0.23734	0.5	5862	1391	5167	18049	3.08
1950-1959	94	0.29687	0.25850	0.5	4471	1156	3893	12882	2.88
1950-1959	95	0.32019	0.27600	0.5	3315	915	2858	8989	2.71
1950-1959	96	0.34478	0.29409	0.5	2400	706	2047	6131	2.55
1950-1959	97	0.37024	0.31241	0.5	1694	529	1430	4084	2.41
1950-1959	98	0.39643	0.33085	0.5	1165	385	972	2654	2.28
1950-1959	99	0.42324	0.34931	0.5	780	272	643	1682	2.16
1950-1959	100	0.45050	0.36768	0.5	507	187	414	1038	2.05
1950-1959	101	0.47806	0.38584	0.5	321	124	259	624	1.95
1950-1959	102	0.50576	0.40368	0.5	197	80	157	365	1.85
1950-1959	103	0.53342	0.42111	0.5	117	49	93	208	1.77
1950-1959	104	0.56088	0.43804	0.5	68	30	53	115	1.70
1950-1959	105	0.58797	0.45439	0.5	38	17	30	62	1.63
1950-1959	106	0.61454	0.47009	0.5	21	10	16	33	1.57
1950-1959	107	0.64044	0.48510	0.5	11	5	8	17	1.51
1950-1959	108	0.66555	0.49937	0.5	6	3	4	8	1.46
1950-1959	109	0.68975	0.51288	0.5	3	1	2	4	1.43
1950-1959	110+	0.71296	1.00000	1.4	1	1	2	2	1.40
1960-1969	0	0.01868	0.01837	0.11	100000	1837	98356	7538187	75.38
1960-1969	1	0.00129	0.00129	0.5	98163	126	98100	7439830	75.79
1960-1969	2	0.00077	0.00077	0.5	98037	76	97999	7341731	74.89
1960-1969	3	0.00058	0.00058	0.5	97961	57	97933	7243732	73.94
1960-1969	4	0.00049	0.00049	0.5	97904	48	97880	7145799	72.99
1960-1969	5	0.00046	0.00046	0.5	97856	45	97833	7047919	72.02
1960-1969	6	0.00036	0.00036	0.5	97811	35	97794	6950086	71.06
1960-1969	7	0.00034	0.00034	0.5	97776	34	97759	6852292	70.08
1960-1969	8	0.00032	0.00032	0.5	97743	31	97727	6754532	69.11
1960-1969	9	0.00029	0.00029	0.5	97711	29	97697	6656805	68.13
1960-1969	10	0.00025	0.00025	0.5	97683	25	97671	6559108	67.15
1960-1969	11	0.00028	0.00028	0.5	97658	28	97644	6461438	66.16
1960-1969	12	0.00028	0.00028	0.5	97631	28	97617	6363793	65.18
1960-1969	13	0.00030	0.00030	0.5	97603	29	97588	6266176	64.20
1960-1969	14	0.00036	0.00036	0.5	97574	35	97556	6168588	63.22
1960-1969	15	0.00043	0.00043	0.5	97538	42	97517	6071032	62.24
1960-1969	16	0.00053	0.00053	0.5	97497	52	97471	5973515	61.27
1960-1969	17	0.00064	0.00064	0.5	97445	63	97413	5876044	60.30
1960-1969	18	0.00068	0.00068	0.5	97382	66	97349	5778631	59.34
1960-1969	19	0.00072	0.00072	0.5	97316	70	97281	5681282	58.38
1960-1969	20	0.00068	0.00068	0.5	97245	66	97212	5584001	57.42
1960-1969	21	0.00072	0.00072	0.5	97180	70	97145	5486789	56.46
1960-1969	22	0.00067	0.00067	0.5	97110	65	97077	5389644	55.50
1960-1969	23	0.00062	0.00062	0.5	97045	61	97015	5292567	54.54
1960-1969	24	0.00069	0.00069	0.5	96984	67	96951	5195552	53.57
1960-1969	25	0.00074	0.00074	0.5	96917	71	96881	5098601	52.61
1960-1969	26	0.00068	0.00068	0.5	96846	66	96813	5001720	51.65
1960-1969	27	0.00070	0.00070	0.5	96780	67	96746	4904907	50.68
1960-1969	28	0.00079	0.00079	0.5	96713	76	96675	4808161	49.72
1960-1969	29	0.00083	0.00083	0.5	96636	80	96596	4711486	48.75
1960-1969	30	0.00088	0.00088	0.5	96556	85	96514	4614890	47.79
1960-1969	31	0.00089	0.00089	0.5	96472	86	96429	4518376	46.84
1960-1969	32	0.00100	0.00100	0.5	96386	97	96337	4421947	45.88
1960-1969	33	0.00104	0.00104	0.5	96289	100	96239	4325610	44.92
1960-1969	34	0.00121	0.00121	0.5	96189	116	96131	4229371	43.97
1960-1969	35	0.00131	0.00131	0.5	96073	126	96010	4133240	43.02
1960-1969	36	0.00135	0.00135	0.5	95947	129	95882	4037230	42.08
1960-1969	37	0.00149	0.00149	0.5	95818	143	95746	3941348	41.13
1960-1969	38	0.00161	0.00161	0.5	95674	154	95597	3845602	40.19
1960-1969	39	0.00178	0.00178	0.5	95521	170	95436	3750005	39.26
1960-1969	40	0.00189	0.00188	0.5	95351	180	95261	3654569	38.33
1960-1969	41	0.00206	0.00206	0.5	95171	196	95073	3559309	37.40
1960-1969	42	0.00229	0.00228	0.5	94975	217	94866	3464236	36.48
1960-1969	43	0.00249	0.00248	0.5	94758	235	94640	3369370	35.56
1960-1969	44	0.00273	0.00272	0.5	94522	258	94393	3274730	34.65
1960-1969	45	0.00296	0.00296	0.5	94265	279	94125	3180336	33.74
1960-1969	46	0.00310	0.00309	0.5	93986	291	93840	3086211	32.84
1960-1969	47	0.00349	0.00348	0.5	93695	326	93532	2992371	31.94
1960-1969	48	0.00358	0.00357	0.5	93369	333	93202	2898839	31.05
1960-1969	49	0.00405	0.00404	0.5	93035	376	92848	2805637	30.16
1960-1969	50	0.00447	0.00446	0.5	92660	413	92453	2712789	29.28
1960-1969	51	0.00482	0.00481	0.5	92246	444	92024	2620336	28.41
1960-1969	52	0.00534	0.00532	0.5	91803	489	91558	2528312	27.54
1960-1969	53	0.00552	0.00550	0.5	91314	502	91063	2436754	26.69
1960-1969	54	0.00591	0.00590	0.5	90811	536	90544	2345691	25.83
1960-1969	55	0.00640	0.00638	0.5	90276	576	89988	2255147	24.98
1960-1969	56	0.00690	0.00687	0.5	89700	617	89392	2165159	24.14
1960-1969	57	0.00768	0.00765	0.5	89083	682	88742	2075768	23.30
1960-1969	58	0.00830	0.00826	0.5	88402	730	88036	1987025	22.48
1960-1969	59	0.00895	0.00891	0.5	87671	781	87280	1898989	21.66
1960-1969	60	0.00963	0.00959	0.5	86890	833	86473	1811708	20.85
1960-1969	61	0.01049	0.01044	0.5	86057	898	85608	1725235	20.05
1960-1969	62	0.01200	0.01193	0.5	85159	1016	84651	1639627	19.25
1960-1969	63	0.01258	0.01250	0.5	84143	1052	83617	1554977	18.48
1960-1969	64	0.01396	0.01387	0.5	83091	1152	82515	1471360	17.71
1960-1969	65	0.01532	0.01520	0.5	81939	1246	81316	1388845	16.95
1960-1969	66	0.01638	0.01625	0.5	80693	1311	80038	1307529	16.20
1960-1969	67	0.01871	0.01853	0.5	79382	1471	78646	1227492	15.46
1960-1969	68	0.02033	0.02012	0.5	77911	1568	77127	1148845	14.75
1960-1969	69	0.02189	0.02165	0.5	76343	1653	75517	1071718	14.04
1960-1969	70	0.02474	0.02444	0.5	74690	1826	73778	996201	13.34
1960-1969	71	0.02721	0.02684	0.5	72865	1956	71887	922424	12.66
1960-1969	72	0.03125	0.03077	0.5	70909	2182	69818	850537	11.99
1960-1969	73	0.03414	0.03357	0.5	68727	2307	67574	780719	11.36
1960-1969	74	0.03844	0.03771	0.5	66420	2505	65168	713145	10.74
1960-1969	75	0.04320	0.04228	0.5	63915	2703	62564	647978	10.14
1960-1969	76	0.04715	0.04606	0.5	61213	2819	59803	585414	9.56
1960-1969	77	0.05157	0.05028	0.5	58393	2936	56925	525611	9.00
1960-1969	78	0.05880	0.05712	0.5	55457	3168	53873	468686	8.45
1960-1969	79	0.06579	0.06370	0.5	52290	3331	50624	414812	7.93
1960-1969	80	0.07278	0.07022	0.5	48959	3438	47240	364188	7.44
1960-1969	81	0.08036	0.07726	0.5	45521	3517	43762	316948	6.96
1960-1969	82	0.09161	0.08759	0.5	42004	3679	40164	273186	6.50
1960-1969	83	0.10255	0.09755	0.5	38325	3738	36456	233021	6.08
1960-1969	84	0.11447	0.10827	0.5	34586	3745	32714	196566	5.68
1960-1969	85	0.12647	0.11895	0.5	30842	3669	29007	163852	5.31
1960-1969	86	0.13973	0.13060	0.5	27173	3549	25399	134844	4.96
1960-1969	87	0.15716	0.14571	0.5	23624	3442	21903	109445	4.63
1960-1969	88	0.16919	0.15600	0.5	20182	3148	18608	87542	4.34
1960-1969	89	0.18646	0.17056	0.5	17034	2905	15581	68935	4.05
1960-1969	90	0.21053	0.19048	0.5	14128	2691	12783	53354	3.78
1960-1969	91	0.22151	0.19943	0.5	11437	2281	10297	40571	3.55
1960-1969	92	0.24656	0.21950	0.5	9156	2010	8151	30274	3.31
1960-1969	93	0.26740	0.23586	0.5	7147	1686	6304	22122	3.10
1960-1969	94	0.29178	0.25463	0.5	5461	1391	4766	15819	2.90
1960-1969	95	0.31705	0.27367	0.5	4070	1114	3513	11053	2.72
1960-1969	96	0.34302	0.29280	0.5	2956	866	2524	7540	2.55
1960-1969	97	0.36996	0.31221	0.5	2091	653	1764	5016	2.40
1960-1969	98	0.39774	0.33176	0.5	1438	477	1199	3252	2.26
1960-1969	99	0.42619	0.35133	0.5	961	338	792	2052	2.14
1960-1969	100	0.45514	0.37077	0.5	623	231	508	1260	2.02
1960-1969	101	0.48440	0.38995	0.5	392	153	316	752	1.92
1960-1969	102	0.51377	0.40876	0.5	239	98	190	436	1.82
1960-1969	103	0.54303	0.42708	0.5	141	60	111	246	1.74
1960-1969	104	0.57201	0.44480	0.5	81	36	63	135	1.66
1960-1969	105	0.60050	0.46183	0.5	45	21	35	72	1.59
1960-1969	106	0.62832	0.47812	0.5	24	12	18	37	1.53
1960-1969	107	0.65532	0.49359	0.5	13	6	10	19	1.48
1960-1969	108	0.68136	0.50822	0.5	6	3	5	9	1.43
1960-1969	109	0.70630	0.52197	0.5	3	2	2	4	1.39
1960-1969	110+	0.73007	1.00000	1.37	2	2	2	2	1.37
1970-1979	0	0.01357	0.01340	0.09	100000	1340	98782	7737948	77.38
1970-1979	1	0.00093	0.00093	0.5	98660	92	98614	7639166	77.43
1970-1979	2	0.00063	0.00063	0.5	98568	62	98537	7540552	76.50
1970-1979	3	0.00049	0.00049	0.5	98506	49	98482	7442015	75.55
1970-1979	4	0.00041	0.00041	0.5	98458	40	98438	7343533	74.59
1970-1979	5	0.00035	0.00035	0.5	98418	34	98400	7245095	73.62
1970-1979	6	0.00031	0.00031	0.5	98383	31	98368	7146695	72.64
1970-1979	7	0.00030	0.00030	0.5	98352	29	98338	7048327	71.66
1970-1979	8	0.00024	0.00024	0.5	98323	24	98311	6949989	70.69
1970-1979	9	0.00025	0.00025	0.5	98299	24	98287	6851678	69.70
1970-1979	10	0.00023	0.00023	0.5	98274	23	98263	6753391	68.72
1970-1979	11	0.00023	0.00023	0.5	98252	23	98240	6655128	67.74
1970-1979	12	0.00025	0.00025	0.5	98229	24	98217	6556888	66.75
1970-1979	13	0.00032	0.00032	0.5	98205	31	98189	6458672	65.77
1970-1979	14	0.00034	0.00034	0.5	98173	34	98157	6360483	64.79
1970-1979	15	0.00046	0.00046	0.5	98140	45	98117	6262326	63.81
1970-1979	16	0.00055	0.00055	0.5	98095	54	98068	6164209	62.84
1970-1979	17	0.00059	0.00059	0.5	98041	58	98012	6066141	61.87
1970-1979	18	0.00069	0.00069	0.5	97983	67	97949	5968129	60.91
1970-1979	19	0.00063	0.00063	0.5	97915	62	97885	5870180	59.95
1970-1979	20	0.00061	0.00061	0.5	97854	60	97824	5772295	58.99
1970-1979	21	0.00061	0.00061	0.5	97794	60	97764	5674471	58.02
1970-1979	22	0.00060	0.00060	0.5	97734	59	97705	5576707	57.06
1970-1979	23	0.00058	0.00058	0.5	97676	57	97647	5479002	56.09
1970-1979	24	0.00060	0.00060	0.5	97619	58	97589	5381354	55.13
1970-1979	25	0.00060	0.00060	0.5	97560	59	97531	5283765	54.16
1970-1979	26	0.00061	0.00061	0.5	97502	59	97472	5186234	53.19
1970-1979	27	0.00065	0.00065	0.5	97442	63	97411	5088762	52.22
1970-1979	28	0.00068	0.00068	0.5	97379	66	97346	4991351	51.26
1970-1979	29	0.00067	0.00067	0.5	97313	66	97281	4894005	50.29
1970-1979	30	0.00074	0.00074	0.5	97248	72	97212	4796725	49.32
1970-1979	31	0.00077	0.00077	0.5	97176	75	97139	4699513	48.36
1970-1979	32	0.00087	0.00087	0.5	97101	85	97059	4602374	47.40
1970-1979	33	0.00096	0.00096	0.5	97016	93	96970	4505316	46.44
1970-1979	34	0.00100	0.00100	0.5	96923	97	96875	4408346	45.48
1970-1979	35	0.00107	0.00107	0.5	96826	104	96774	4311472	44.53
1970-1979	36	0.00116	0.00116	0.5	96722	112	96666	4214697	43.58
1970-1979	37	0.00123	0.00123	0.5	96610	118	96551	4118031	42.63
1970-1979	38	0.00142	0.00142	0.5	96492	137	96424	4021480	41.68
1970-1979	39	0.00147	0.00147	0.5	96355	142	96285	3925056	40.74
1970-1979	40	0.00163	0.00163	0.5	96214	157	96135	3828772	39.79
1970-1979	41	0.00186	0.00186	0.5	96057	178	95968	3732636	38.86
1970-1979	42	0.00207	0.00207	0.5	95879	198	95780	3636668	37.93
1970-1979	43	0.00229	0.00229	0.5	95681	219	95571	3540889	37.01
1970-1979	44	0.00243	0.00242	0.5	95462	231	95346	3445318	36.09
1970-1979	45	0.00257	0.00257	0.5	95230	245	95108	3349972	35.18
1970-1979	46	0.00289	0.00288	0.5	94986	274	94849	3254864	34.27
1970-1979	47	0.00315	0.00315	0.5	94712	298	94563	3160015	33.36
1970-1979	48	0.00329	0.00328	0.5	94414	310	94259	3065452	32.47
1970-1979	49	0.00378	0.00377	0.5	94104	355	93927	2971193	31.57
1970-1979	50	0.00391	0.00390	0.5	93749	366	93566	2877266	30.69
1970-1979	51	0.00425	0.00425	0.5	93383	396	93185	2783700	29.81
1970-1979	52	0.00450	0.00449	0.5	92987	418	92778	2690515	28.93
1970-1979	53	0.00502	0.00500	0.5	92569	463	92337	2597738	28.06
1970-1979	54	0.00549	0.00547	0.5	92105	504	91853	2505401	27.20
1970-1979	55	0.00583	0.00581	0.5	91601	533	91335	2413547	26.35
1970-1979	56	0.00652	0.00649	0.5	91069	591	90773	2322212	25.50
1970-1979	57	0.00705	0.00703	0.5	90477	636	90159	2231439	24.66
1970-1979	58	0.00768	0.00765	0.5	89841	688	89498	2141280	23.83
1970-1979	59	0.00811	0.00808	0.5	89154	720	88794	2051782	23.01
1970-1979	60	0.00900	0.00896	0.5	88434	792	88038	1962989	22.20
1970-1979	61	0.00953	0.00949	0.5	87642	831	87226	1874951	21.39
1970-1979	62	0.01067	0.01061	0.5	86810	921	86350	1787725	20.59
1970-1979	63	0.01160	0.01153	0.5	85889	990	85394	1701375	19.81
1970-1979	64	0.01253	0.01245	0.5	84899	1057	84371	1615980	19.03
1970-1979	65	0.01368	0.01358	0.5	83842	1139	83273	1531610	18.27
1970-1979	66	0.01446	0.01436	0.5	82703	1187	82110	1448337	17.51
1970-1979	67	0.01658	0.01645	0.5	81516	1341	80846	1366227	16.76
1970-1979	68	0.01766	0.01751	0.5	80175	1404	79474	1285381	16.03
1970-1979	69	0.01912	0.01894	0.5	78772	1492	78026	1205908	15.31
1970-1979	70	0.02117	0.02095	0.5	77280	1619	76470	1127882	14.59
1970-1979	71	0.02341	0.02314	0.5	75661	1751	74785	1051412	13.90
1970-1979	72	0.02606	0.02573	0.5	73910	1901	72959	976627	13.21
1970-1979	73	0.02831	0.02792	0.5	72008	2010	71003	903668	12.55
1970-1979	74	0.03146	0.03097	0.5	69998	2168	68914	832665	11.90
1970-1979	75	0.03533	0.03471	0.5	67830	2355	66653	763751	11.26
1970-1979	76	0.03935	0.03859	0.5	65475	2526	64212	697098	10.65
1970-1979	77	0.04374	0.04280	0.5	62949	2694	61602	632886	10.05
1970-1979	78	0.04839	0.04725	0.5	60254	2847	58831	571284	9.48
1970-1979	79	0.05429	0.05286	0.5	57407	3034	55890	512453	8.93
1970-1979	80	0.06079	0.05900	0.5	54373	3208	52769	456563	8.40
1970-1979	81	0.06614	0.06402	0.5	51165	3276	49527	403794	7.89
1970-1979	82	0.07450	0.07183	0.5	47889	3440	46169	354267	7.40
1970-1979	83	0.08327	0.07994	0.5	44450	3553	42673	308098	6.93
1970-1979	84	0.09256	0.08847	0.5	40896	3618	39087	265425	6.49
1970-1979	85	0.10314	0.09808	0.5	37278	3656	35450	226338	6.07
1970-1979	86	0.11539	0.10910	0.5	33622	3668	31788	190888	5.68
1970-1979	87	0.12660	0.11907	0.5	29954	3567	28170	159100	5.31
1970-1979	88	0.14140	0.13207	0.5	26387	3485	24645	130929	4.96
1970-1979	89	0.15455	0.14346	0.5	22902	3286	21260	106285	4.64
1970-1979	90	0.17184	0.15824	0.5	19617	3104	18065	85025	4.33
1970-1979	91	0.18615	0.17030	0.5	16512	2812	15106	66960	4.06
1970-1979	92	0.20330	0.18454	0.5	13700	2528	12436	51854	3.78
1970-1979	93	0.22944	0.20582	0.5	11172	2300	10022	39418	3.53
1970-1979	94	0.24698	0.21984	0.5	8873	1951	7897	29395	3.31
1970-1979	95	0.26761	0.23603	0.5	6922	1634	6105	21498	3.11
1970-1979	96	0.29091	0.25397	0.5	5288	1343	4617	15393	2.91
1970-1979	97	0.31537	0.27241	0.5	3945	1075	3408	10776	2.73
1970-1979	98	0.34090	0.29125	0.5	2871	836	2452	7368	2.57
1970-1979	99	0.36738	0.31037	0.5	2034	631	1719	4915	2.42
1970-1979	100	0.39469	0.32964	0.5	1403	462	1172	3197	2.28
1970-1979	101	0.42267	0.34893	0.5	941	328	776	2025	2.15
1970-1979	102	0.45116	0.36812	0.5	612	225	500	1248	2.04
1970-1979	103	0.47997	0.38708	0.5	387	150	312	749	1.93
1970-1979	104	0.50892	0.40569	0.5	237	96	189	437	1.84
1970-1979	105	0.53780	0.42383	0.5	141	60	111	248	1.76
1970-1979	106	0.56644	0.44142	0.5	81	36	63	136	1.68
1970-1979	107	0.59463	0.45836	0.5	45	21	35	73	1.61
1970-1979	108	0.62222	0.47457	0.5	25	12	19	38	1.56
1970-1979	109	0.64904	0.49002	0.5	13	6	10	20	1.51
1970-1979	110+	0.67495	1.00000	1.48	7	7	10	10	1.48
1980-1989	0	0.00862	0.00855	0.08	100000	855	99211	7944383	79.44
1980-1989	1	0.00074	0.00074	0.5	99145	74	99108	7845171	79.13
1980-1989	2	0.00047	0.00047	0.5	99071	47	99048	7746063	78.19
1980-1989	3	0.00034	0.00034	0.5	99025	34	99008	7647015	77.22
1980-1989	4	0.00027	0.00027	0.5	98991	27	98977	7548008	76.25
1980-1989	5	0.00023	0.00023	0.5	98964	23	98953	7449030	75.27
1980-1989	6	0.00022	0.00022	0.5	98941	22	98930	7350078	74.29
1980-1989	7	0.00016	0.00016	0.5	98919	16	98911	7251147	73.30
1980-1989	8	0.00017	0.00017	0.5	98903	17	98895	7152236	72.32
1980-1989	9	0.00019	0.00019	0.5	98886	19	98877	7053341	71.33
1980-1989	10	0.00016	0.00016	0.5	98867	15	98859	6954465	70.34
1980-1989	11	0.00014	0.00014	0.5	98852	14	98845	6855605	69.35
1980-1989	12	0.00017	0.00017	0.5	98838	16	98829	6756761	68.36
1980-1989	13	0.00020	0.00020	0.5	98821	19	98811	6657931	67.37
1980-1989	14	0.00026	0.00026	0.5	98802	26	98789	6559120	66.39
1980-1989	15	0.00034	0.00034	0.5	98776	33	98759	6460331	65.40
1980-1989	16	0.00050	0.00050	0.5	98743	49	98718	6361572	64.43
1980-1989	17	0.00051	0.00051	0.5	98694	50	98669	6262853	63.46
1980-1989	18	0.00060	0.00060	0.5	98643	59	98614	6164185	62.49
1980-1989	19	0.00052	0.00052	0.5	98584	51	98559	6065571	61.53
1980-1989	20	0.00048	0.00048	0.5	98534	47	98510	5967012	60.56
1980-1989	21	0.00050	0.00050	0.5	98486	49	98462	5868502	59.59
1980-1989	22	0.00045	0.00045	0.5	98437	45	98415	5770040	58.62
1980-1989	23	0.00045	0.00045	0.5	98392	45	98370	5671625	57.64
1980-1989	24	0.00049	0.00049	0.5	98348	49	98324	5573255	56.67
1980-1989	25	0.00048	0.00048	0.5	98299	47	98276	5474931	55.70
1980-1989	26	0.00050	0.00050	0.5	98253	49	98228	5376655	54.72
1980-1989	27	0.00050	0.00050	0.5	98203	49	98179	5278428	53.75
1980-1989	28	0.00057	0.00057	0.5	98154	56	98126	5180249	52.78
1980-1989	29	0.00057	0.00057	0.5	98098	56	98070	5082123	51.81
1980-1989	30	0.00053	0.00053	0.5	98042	52	98016	4984053	50.84
1980-1989	31	0.00060	0.00060	0.5	97990	59	97960	4886038	49.86
1980-1989	32	0.00066	0.00065	0.5	97931	64	97899	4788077	48.89
1980-1989	33	0.00068	0.00068	0.5	97867	66	97833	4690179	47.92
1980-1989	34	0.00070	0.00070	0.5	97800	68	97766	4592345	46.96
1980-1989	35	0.00082	0.00082	0.5	97732	80	97692	4494579	45.99
1980-1989	36	0.00083	0.00082	0.5	97652	81	97612	4396887	45.03
1980-1989	37	0.00090	0.00090	0.5	97571	88	97528	4299275	44.06
1980-1989	38	0.00109	0.00109	0.5	97484	106	97430	4201748	43.10
1980-1989	39	0.00110	0.00110	0.5	97377	107	97324	4104317	42.15
1980-1989	40	0.00124	0.00124	0.5	97271	121	97210	4006993	41.19
1980-1989	41	0.00136	0.00136	0.5	97150	132	97083	3909783	40.24
1980-1989	42	0.00157	0.00157	0.5	97017	152	96941	3812700	39.30
1980-1989	43	0.00167	0.00167	0.5	96865	161	96784	3715759	38.36
1980-1989	44	0.00177	0.00177	0.5	96703	171	96618	3618975	37.42
1980-1989	45	0.00194	0.00194	0.5	96532	187	96438	3522357	36.49
1980-1989	46	0.00224	0.00224	0.5	96345	216	96237	3425919	35.56
1980-1989	47	0.00245	0.00245	0.5	96129	235	96011	3329682	34.64
1980-1989	48	0.00284	0.00283	0.5	95893	272	95758	3233671	33.72
1980-1989	49	0.00296	0.00296	0.5	95622	283	95480	3137914	32.82
1980-1989	50	0.00332	0.00331	0.5	95339	316	95181	3042433	31.91
1980-1989	51	0.00371	0.00370	0.5	95023	352	94847	2947252	31.02
1980-1989	52	0.00412	0.00411	0.5	94671	389	94477	2852405	30.13
1980-1989	53	0.00445	0.00444	0.5	94282	419	94073	2757928	29.25
1980-1989	54	0.00474	0.00473	0.5	93864	444	93642	2663855	28.38
1980-1989	55	0.00533	0.00532	0.5	93420	497	93171	2570214	27.51
1980-1989	56	0.00580	0.00579	0.5	92923	538	92654	2477042	26.66
1980-1989	57	0.00616	0.00615	0.5	92385	568	92101	2384389	25.81
1980-1989	58	0.00712	0.00709	0.5	91817	651	91491	2292288	24.97
1980-1989	59	0.00749	0.00746	0.5	91166	680	90826	2200796	24.14
1980-1989	60	0.00792	0.00789	0.5	90485	714	90129	2109971	23.32
1980-1989	61	0.00896	0.00892	0.5	89772	801	89372	2019842	22.50
1980-1989	62	0.01000	0.00995	0.5	88971	886	88528	1930470	21.70
1980-1989	63	0.01060	0.01054	0.5	88086	929	87621	1841942	20.91
1980-1989	64	0.01163	0.01156	0.5	87157	1008	86653	1754320	20.13
1980-1989	65	0.01243	0.01235	0.5	86150	1064	85618	1667667	19.36
1980-1989	66	0.01355	0.01346	0.5	85086	1146	84513	1582049	18.59
1980-1989	67	0.01461	0.01451	0.5	83940	1218	83331	1497537	17.84
1980-1989	68	0.01622	0.01609	0.5	82722	1331	82057	1414206	17.10
1980-1989	69	0.01759	0.01744	0.5	81392	1419	80682	1332149	16.37
1980-1989	70	0.01925	0.01906	0.5	79972	1525	79210	1251467	15.65
1980-1989	71	0.02060	0.02039	0.5	78448	1600	77648	1172257	14.94
1980-1989	72	0.02345	0.02318	0.5	76848	1781	75958	1094609	14.24
1980-1989	73	0.02579	0.02547	0.5	75067	1912	74111	1018651	13.57
1980-1989	74	0.02727	0.02690	0.5	73155	1968	72172	944540	12.91
1980-1989	75	0.03033	0.02988	0.5	71188	2127	70124	872368	12.25
1980-1989	76	0.03317	0.03263	0.5	69061	2254	67934	802244	11.62
1980-1989	77	0.03610	0.03546	0.5	66807	2369	65623	734310	10.99
1980-1989	78	0.03976	0.03898	0.5	64438	2512	63182	668687	10.38
1980-1989	79	0.04543	0.04442	0.5	61927	2751	60551	605505	9.78
1980-1989	80	0.05064	0.04938	0.5	59176	2922	57714	544954	9.21
1980-1989	81	0.05689	0.05532	0.5	56253	3112	54697	487239	8.66
1980-1989	82	0.06252	0.06063	0.5	53141	3222	51530	432542	8.14
1980-1989	83	0.06985	0.06749	0.5	49920	3369	48235	381012	7.63
1980-1989	84	0.07700	0.07414	0.5	46550	3451	44825	332777	7.15
1980-1989	85	0.08678	0.08317	0.5	43099	3585	41307	287952	6.68
1980-1989	86	0.09828	0.09367	0.5	39514	3701	37664	246645	6.24
1980-1989	87	0.10770	0.10220	0.5	35813	3660	33983	208982	5.84
1980-1989	88	0.11975	0.11299	0.5	32153	3633	30336	174999	5.44
1980-1989	89	0.13341	0.12506	0.5	28520	3567	26737	144662	5.07
1980-1989	90	0.14860	0.13833	0.5	24953	3452	23227	117926	4.73
1980-1989	91	0.16519	0.15258	0.5	21501	3281	19861	94699	4.40
1980-1989	92	0.18146	0.16637	0.5	18221	3031	16705	74837	4.11
1980-1989	93	0.20371	0.18488	0.5	15189	2808	13785	58132	3.83
1980-1989	94	0.22170	0.19958	0.5	12381	2471	11146	44347	3.58
1980-1989	95	0.24079	0.21492	0.5	9910	2130	8845	33201	3.35
1980-1989	96	0.26334	0.23270	0.5	7780	1810	6875	24356	3.13
1980-1989	97	0.28720	0.25114	0.5	5970	1499	5220	17481	2.93
1980-1989	98	0.31230	0.27012	0.5	4471	1208	3867	12261	2.74
1980-1989	99	0.33856	0.28955	0.5	3263	945	2791	8394	2.57
1980-1989	100	0.36585	0.30928	0.5	2318	717	1960	5603	2.42
1980-1989	101	0.39403	0.32918	0.5	1601	527	1338	3644	2.28
1980-1989	102	0.42294	0.34911	0.5	1074	375	887	2306	2.15
1980-1989	103	0.45238	0.36893	0.5	699	258	570	1419	2.03
1980-1989	104	0.48215	0.38850	0.5	441	171	356	849	1.92
1980-1989	105	0.51206	0.40768	0.5	270	110	215	494	1.83
1980-1989	106	0.54188	0.42636	0.5	160	68	126	279	1.74
1980-1989	107	0.57140	0.44443	0.5	92	41	71	153	1.67
1980-1989	108	0.60042	0.46179	0.5	51	24	39	82	1.61
1980-1989	109	0.62876	0.47837	0.5	27	13	21	43	1.56
1980-1989	110+	0.65623	1.00000	1.52	14	14	22	22	1.52
1990-1999	0	0.00682	0.00677	0.07	100000	677	99371	8011224	80.11
1990-1999	1	0.00053	0.00053	0.5	99323	53	99296	7911853	79.66
1990-1999	2	0.00034	0.00034	0.5	99270	34	99252	7812557	78.70
1990-1999	3	0.00026	0.00026	0.5	99235	26	99223	7713304	77.73
1990-1999	4	0.00021	0.00021	0.5	99210	21	99200	7614082	76.75
1990-1999	5	0.00020	0.00020	0.5	99189	20	99179	7514882	75.76
1990-1999	6	0.00016	0.00016	0.5	99170	16	99162	7415703	74.78
1990-1999	7	0.00017	0.00017	0.5	99154	17	99145	7316541	73.79
1990-1999	8	0.00013	0.00013	0.5	99137	13	99130	7217396	72.80
1990-1999	9	0.00014	0.00014	0.5	99124	14	99117	7118265	71.81
1990-1999	10	0.00014	0.00014	0.5	99110	14	99103	7019149	70.82
1990-1999	11	0.00016	0.00016	0.5	99095	16	99087	6920046	69.83
1990-1999	12	0.00018	0.00018	0.5	99079	18	99070	6820959	68.84
1990-1999	13	0.00017	0.00017	0.5	99061	17	99052	6721889	67.86
1990-1999	14	0.00027	0.00027	0.5	99044	27	99030	6622836	66.87
1990-1999	15	0.00034	0.00034	0.5	99017	33	99000	6523806	65.89
1990-1999	16	0.00051	0.00051	0.5	98983	51	98958	6424806	64.91
1990-1999	17	0.00050	0.00050	0.5	98933	49	98908	6325848	63.94
1990-1999	18	0.00051	0.00051	0.5	98883	51	98858	6226940	62.97
1990-1999	19	0.00048	0.00048	0.5	98832	47	98809	6128082	62.00
1990-1999	20	0.00047	0.00047	0.5	98785	47	98762	6029273	61.03
1990-1999	21	0.00047	0.00047	0.5	98738	46	98715	5930512	60.06
1990-1999	22	0.00043	0.00043	0.5	98692	43	98671	5831796	59.09
1990-1999	23	0.00042	0.00042	0.5	98649	41	98629	5733126	58.12
1990-1999	24	0.00046	0.00046	0.5	98608	46	98585	5634497	57.14
1990-1999	25	0.00046	0.00046	0.5	98563	46	98540	5535912	56.17
1990-1999	26	0.00049	0.00049	0.5	98517	48	98493	5437372	55.19
1990-1999	27	0.00051	0.00051	0.5	98469	50	98444	5338879	54.22
1990-1999	28	0.00053	0.00053	0.5	98419	52	98393	5240435	53.25
1990-1999	29	0.00056	0.00056	0.5	98367	55	98339	5142042	52.27
1990-1999	30	0.00058	0.00058	0.5	98312	57	98283	5043703	51.30
1990-1999	31	0.00063	0.00063	0.5	98254	62	98223	4945420	50.33
1990-1999	32	0.00066	0.00066	0.5	98192	64	98160	4847197	49.36
1990-1999	33	0.00070	0.00070	0.5	98128	68	98094	4749037	48.40
1990-1999	34	0.00076	0.00076	0.5	98060	75	98022	4650944	47.43
1990-1999	35	0.00079	0.00079	0.5	97985	78	97946	4552921	46.47
1990-1999	36	0.00091	0.00091	0.5	97907	89	97863	4454975	45.50
1990-1999	37	0.00095	0.00095	0.5	97818	93	97772	4357113	44.54
1990-1999	38	0.00102	0.00102	0.5	97725	100	97675	4259341	43.58
1990-1999	39	0.00105	0.00105	0.5	97626	103	97574	4161665	42.63
1990-1999	40	0.00115	0.00115	0.5	97523	112	97467	4064091	41.67
1990-1999	41	0.00128	0.00128	0.5	97411	125	97349	3966624	40.72
1990-1999	42	0.00141	0.00141	0.5	97286	137	97217	3869276	39.77
1990-1999	43	0.00152	0.00151	0.5	97149	147	97075	3772058	38.83
1990-1999	44	0.00166	0.00166	0.5	97002	161	96921	3674983	37.89
1990-1999	45	0.00180	0.00180	0.5	96841	174	96754	3578062	36.95
1990-1999	46	0.00193	0.00193	0.5	96667	187	96573	3481308	36.01
1990-1999	47	0.00222	0.00222	0.5	96480	214	96373	3384735	35.08
1990-1999	48	0.00252	0.00252	0.5	96266	242	96145	3288362	34.16
1990-1999	49	0.00255	0.00254	0.5	96024	244	95901	3192218	33.24
1990-1999	50	0.00294	0.00293	0.5	95779	281	95639	3096316	32.33
1990-1999	51	0.00330	0.00329	0.5	95498	315	95341	3000677	31.42
1990-1999	52	0.00365	0.00364	0.5	95184	347	95010	2905337	30.52
1990-1999	53	0.00406	0.00405	0.5	94837	384	94645	2810326	29.63
1990-1999	54	0.00428	0.00427	0.5	94453	403	94251	2715682	28.75
1990-1999	55	0.00484	0.00483	0.5	94050	454	93822	2621430	27.87
1990-1999	56	0.00539	0.00538	0.5	93595	504	93343	2527608	27.01
1990-1999	57	0.00596	0.00594	0.5	93092	553	92815	2434265	26.15
1990-1999	58	0.00652	0.00650	0.5	92538	601	92238	2341450	25.30
1990-1999	59	0.00692	0.00690	0.5	91937	634	91620	2249212	24.46
1990-1999	60	0.00772	0.00769	0.5	91303	702	90952	2157592	23.63
1990-1999	61	0.00862	0.00858	0.5	90600	777	90212	2066640	22.81
1990-1999	62	0.00952	0.00948	0.5	89823	851	89397	1976429	22.00
1990-1999	63	0.01044	0.01039	0.5	88972	924	88510	1887032	21.21
1990-1999	64	0.01105	0.01099	0.5	88048	968	87564	1798522	20.43
1990-1999	65	0.01201	0.01194	0.5	87080	1040	86560	1710958	19.65
1990-1999	66	0.01319	0.01311	0.5	86040	1128	85476	1624398	18.88
1990-1999	67	0.01427	0.01416	0.5	84913	1203	84311	1538922	18.12
1990-1999	68	0.01572	0.01559	0.5	83710	1305	83057	1454610	17.38
1990-1999	69	0.01723	0.01708	0.5	82404	1407	81701	1371553	16.64
1990-1999	70	0.01830	0.01813	0.5	80997	1469	80263	1289853	15.92
1990-1999	71	0.02044	0.02023	0.5	79528	1609	78724	1209590	15.21
1990-1999	72	0.02245	0.02220	0.5	77919	1730	77054	1130866	14.51
1990-1999	73	0.02439	0.02410	0.5	76189	1836	75271	1053812	13.83
1990-1999	74	0.02651	0.02617	0.5	74353	1945	73381	978540	13.16
1990-1999	75	0.02817	0.02778	0.5	72408	2012	71402	905160	12.50
1990-1999	76	0.03138	0.03090	0.5	70396	2175	69309	833758	11.84
1990-1999	77	0.03457	0.03399	0.5	68221	2319	67062	764449	11.21
1990-1999	78	0.03771	0.03701	0.5	65903	2439	64683	697387	10.58
1990-1999	79	0.04270	0.04180	0.5	63463	2653	62137	632704	9.97
1990-1999	80	0.04789	0.04677	0.5	60810	2844	59388	570567	9.38
1990-1999	81	0.05315	0.05178	0.5	57966	3001	56466	511179	8.82
1990-1999	82	0.06030	0.05853	0.5	54965	3217	53357	454713	8.27
1990-1999	83	0.06651	0.06437	0.5	51748	3331	50082	401357	7.76
1990-1999	84	0.07430	0.07163	0.5	48417	3468	46683	351274	7.26
1990-1999	85	0.08309	0.07977	0.5	44949	3586	43156	304591	6.78
1990-1999	86	0.09363	0.08944	0.5	41363	3700	39513	261436	6.32
1990-1999	87	0.10502	0.09978	0.5	37663	3758	35784	221923	5.89
1990-1999	88	0.11628	0.10989	0.5	33905	3726	32043	186138	5.49
1990-1999	89	0.12917	0.12133	0.5	30180	3662	28349	154096	5.11
1990-1999	90	0.14466	0.13491	0.5	26518	3577	24729	125747	4.74
1990-1999	91	0.16228	0.15010	0.5	22940	3443	21219	101018	4.40
1990-1999	92	0.17932	0.16457	0.5	19497	3209	17893	79799	4.09
1990-1999	93	0.20106	0.18269	0.5	16288	2976	14801	61907	3.80
1990-1999	94	0.22485	0.20213	0.5	13313	2691	11967	47106	3.54
1990-1999	95	0.24270	0.21644	0.5	10622	2299	9472	35139	3.31
1990-1999	96	0.26643	0.23511	0.5	8323	1957	7344	25666	3.08
1990-1999	97	0.29157	0.25447	0.5	6366	1620	5556	18322	2.88
1990-1999	98	0.31806	0.27442	0.5	4746	1302	4095	12766	2.69
1990-1999	99	0.34579	0.29482	0.5	3444	1015	2936	8671	2.52
1990-1999	100	0.37460	0.31551	0.5	2428	766	2045	5735	2.36
1990-1999	101	0.40433	0.33633	0.5	1662	559	1383	3690	2.22
1990-1999	102	0.43478	0.35714	0.5	1103	394	906	2307	2.09
1990-1999	103	0.46573	0.37776	0.5	709	268	575	1401	1.98
1990-1999	104	0.49694	0.39804	0.5	441	176	353	826	1.87
1990-1999	105	0.52818	0.41783	0.5	266	111	210	472	1.78
1990-1999	106	0.55920	0.43701	0.5	155	68	121	262	1.69
1990-1999	107	0.58976	0.45546	0.5	87	40	67	141	1.62
1990-1999	108	0.61965	0.47308	0.5	47	22	36	74	1.56
1990-1999	109	0.64866	0.48980	0.5	25	12	19	38	1.51
1990-1999	110+	0.67660	1.00000	1.48	13	13	19	19	1.48
2000-2009	0	0.00578	0.00575	0.07	100000	575	99465	8072801	80.73
2000-2009	1	0.00045	0.00045	0.5	99425	45	99403	7973336	80.19
2000-2009	2	0.00028	0.00028	0.5	99380	27	99367	7873934	79.23
2000-2009	3	0.00021	0.00021	0.5	99353	20	99343	7774567	78.25
2000-2009	4	0.00015	0.00015	0.5	99332	15	99325	7675224	77.27
2000-2009	5	0.00016	0.00016	0.5	99317	16	99309	7575900	76.28
2000-2009	6	0.00013	0.00013	0.5	99301	13	99295	7476590	75.29
2000-2009	7	0.00014	0.00014	0.5	99288	14	99281	7377295	74.30
2000-2009	8	0.00012	0.00012	0.5	99274	12	99268	7278015	73.31
2000-2009	9	0.00012	0.00012	0.5	99262	12	99256	7178747	72.32
2000-2009	10	0.00014	0.00014	0.5	99250	13	99243	7079491	71.33
2000-2009	11	0.00012	0.00012	0.5	99236	12	99231	6980248	70.34
2000-2009	12	0.00012	0.00012	0.5	99225	12	99219	6881017	69.35
2000-2009	13	0.00017	0.00017	0.5	99213	17	99204	6781798	68.36
2000-2009	14	0.00022	0.00022	0.5	99196	22	99185	6682594	67.37
2000-2009	15	0.00030	0.00030	0.5	99174	30	99159	6583409	66.38
2000-2009	16	0.00044	0.00044	0.5	99144	43	99123	6484250	65.40
2000-2009	17	0.00043	0.00043	0.5	99101	42	99080	6385127	64.43
2000-2009	18	0.00045	0.00045	0.5	99059	45	99036	6286047	63.46
2000-2009	19	0.00041	0.00041	0.5	99014	40	98994	6187011	62.49
2000-2009	20	0.00040	0.00040	0.5	98974	40	98954	6088017	61.51
2000-2009	21	0.00043	0.00043	0.5	98934	43	98913	5989063	60.54
2000-2009	22	0.00043	0.00043	0.5	98891	42	98870	5890150	59.56
2000-2009	23	0.00044	0.00044	0.5	98849	44	98827	5791280	58.59
2000-2009	24	0.00048	0.00048	0.5	98805	47	98781	5692454	57.61
2000-2009	25	0.00048	0.00048	0.5	98758	48	98734	5593672	56.64
2000-2009	26	0.00046	0.00046	0.5	98710	46	98687	5494938	55.67
2000-2009	27	0.00050	0.00050	0.5	98665	49	98640	5396251	54.69
2000-2009	28	0.00054	0.00054	0.5	98615	53	98589	5297611	53.72
2000-2009	29	0.00055	0.00055	0.5	98562	54	98535	5199022	52.75
2000-2009	30	0.00060	0.00060	0.5	98508	59	98479	5100487	51.78
2000-2009	31	0.00058	0.00058	0.5	98449	57	98421	5002008	50.81
2000-2009	32	0.00067	0.00067	0.5	98392	66	98359	4903587	49.84
2000-2009	33	0.00074	0.00074	0.5	98326	73	98290	4805229	48.87
2000-2009	34	0.00078	0.00078	0.5	98253	76	98215	4706939	47.91
2000-2009	35	0.00086	0.00086	0.5	98177	84	98135	4608724	46.94
2000-2009	36	0.00086	0.00086	0.5	98093	85	98051	4510589	45.98
2000-2009	37	0.00097	0.00097	0.5	98008	95	97961	4412538	45.02
2000-2009	38	0.00107	0.00107	0.5	97913	105	97860	4314578	44.07
2000-2009	39	0.00117	0.00117	0.5	97808	115	97751	4216717	43.11
2000-2009	40	0.00129	0.00129	0.5	97693	126	97630	4118967	42.16
2000-2009	41	0.00143	0.00143	0.5	97567	139	97498	4021337	41.22
2000-2009	42	0.00153	0.00153	0.5	97428	149	97354	3923839	40.27
2000-2009	43	0.00169	0.00169	0.5	97279	165	97197	3826486	39.34
2000-2009	44	0.00183	0.00183	0.5	97115	177	97026	3729289	38.40
2000-2009	45	0.00198	0.00198	0.5	96937	192	96841	3632263	37.47
2000-2009	46	0.00214	0.00214	0.5	96745	207	96642	3535422	36.54
2000-2009	47	0.00241	0.00240	0.5	96538	232	96422	3438780	35.62
2000-2009	48	0.00253	0.00253	0.5	96306	244	96184	3342358	34.71
2000-2009	49	0.00262	0.00261	0.5	96063	251	95937	3246173	33.79
2000-2009	50	0.00283	0.00283	0.5	95812	271	95676	3150236	32.88
2000-2009	51	0.00307	0.00306	0.5	95540	293	95394	3054560	31.97
2000-2009	52	0.00340	0.00339	0.5	95248	323	95086	2959166	31.07
2000-2009	53	0.00359	0.00358	0.5	94925	340	94755	2864079	30.17
2000-2009	54	0.00389	0.00388	0.5	94585	367	94401	2769324	29.28
2000-2009	55	0.00434	0.00433	0.5	94217	408	94013	2674923	28.39
2000-2009	56	0.00461	0.00460	0.5	93809	431	93594	2580910	27.51
2000-2009	57	0.00511	0.00510	0.5	93378	476	93140	2487316	26.64
2000-2009	58	0.00559	0.00558	0.5	92902	518	92643	2394176	25.77
2000-2009	59	0.00625	0.00623	0.5	92384	575	92096	2301533	24.91
2000-2009	60	0.00694	0.00692	0.5	91809	635	91491	2209436	24.07
2000-2009	61	0.00741	0.00738	0.5	91173	673	90837	2117945	23.23
2000-2009	62	0.00838	0.00834	0.5	90501	755	90123	2027108	22.40
2000-2009	63	0.00923	0.00918	0.5	89746	824	89333	1936985	21.58
2000-2009	64	0.01015	0.01010	0.5	88921	898	88472	1847652	20.78
2000-2009	65	0.01081	0.01075	0.5	88024	947	87550	1759179	19.99
2000-2009	66	0.01202	0.01194	0.5	87077	1040	86557	1671629	19.20
2000-2009	67	0.01311	0.01302	0.5	86037	1120	85477	1585072	18.42
2000-2009	68	0.01434	0.01424	0.5	84917	1209	84312	1499595	17.66
2000-2009	69	0.01551	0.01539	0.5	83708	1289	83063	1415283	16.91
2000-2009	70	0.01723	0.01708	0.5	82419	1408	81715	1332220	16.16
2000-2009	71	0.01887	0.01869	0.5	81011	1514	80254	1250505	15.44
2000-2009	72	0.02103	0.02081	0.5	79497	1655	78669	1170251	14.72
2000-2009	73	0.02240	0.02216	0.5	77842	1725	76980	1091582	14.02
2000-2009	74	0.02487	0.02456	0.5	76117	1869	75183	1014602	13.33
2000-2009	75	0.02753	0.02715	0.5	74248	2016	73240	939419	12.65
2000-2009	76	0.02999	0.02955	0.5	72232	2134	71165	866179	11.99
2000-2009	77	0.03266	0.03213	0.5	70097	2253	68971	795015	11.34
2000-2009	78	0.03622	0.03557	0.5	67845	2414	66638	726044	10.70
2000-2009	79	0.04059	0.03978	0.5	65431	2603	64130	659406	10.08
2000-2009	80	0.04589	0.04486	0.5	62828	2819	61419	595276	9.47
2000-2009	81	0.05061	0.04936	0.5	60009	2962	58528	533857	8.90
2000-2009	82	0.05686	0.05529	0.5	57047	3154	55470	475329	8.33
2000-2009	83	0.06375	0.06178	0.5	53893	3330	52229	419858	7.79
2000-2009	84	0.07155	0.06907	0.5	50564	3493	48817	367630	7.27
2000-2009	85	0.08064	0.07752	0.5	47071	3649	45247	318812	6.77
2000-2009	86	0.09090	0.08695	0.5	43422	3776	41535	273566	6.30
2000-2009	87	0.10227	0.09730	0.5	39647	3857	37718	232031	5.85
2000-2009	88	0.11476	0.10853	0.5	35789	3884	33847	194313	5.43
2000-2009	89	0.12925	0.12140	0.5	31905	3873	29968	160466	5.03
2000-2009	90	0.14511	0.13529	0.5	28032	3792	26135	130498	4.66
2000-2009	91	0.16446	0.15196	0.5	24239	3683	22397	104363	4.31
2000-2009	92	0.18431	0.16876	0.5	20556	3469	18821	81965	3.99
2000-2009	93	0.20626	0.18698	0.5	17087	3195	15489	63144	3.70
2000-2009	94	0.23124	0.20728	0.5	13892	2879	12452	47655	3.43
2000-2009	95	0.25109	0.22309	0.5	11012	2457	9784	35203	3.20
2000-2009	96	0.27686	0.24319	0.5	8556	2081	7515	25419	2.97
2000-2009	97	0.30420	0.26404	0.5	6475	1710	5620	17903	2.76
2000-2009	98	0.33299	0.28546	0.5	4765	1360	4085	12283	2.58
2000-2009	99	0.36308	0.30730	0.5	3405	1046	2882	8198	2.41
2000-2009	100	0.39429	0.32936	0.5	2359	777	1970	5316	2.25
2000-2009	101	0.42639	0.35146	0.5	1582	556	1304	3346	2.12
2000-2009	102	0.45911	0.37340	0.5	1026	383	834	2042	1.99
2000-2009	103	0.49220	0.39499	0.5	643	254	516	1208	1.88
2000-2009	104	0.52535	0.41606	0.5	389	162	308	692	1.78
2000-2009	105	0.55828	0.43645	0.5	227	99	178	384	1.69
2000-2009	106	0.59070	0.45602	0.5	128	58	99	206	1.61
2000-2009	107	0.62236	0.47466	0.5	70	33	53	107	1.54
2000-2009	108	0.65300	0.49227	0.5	37	18	28	54	1.48
2000-2009	109	0.68243	0.50882	0.5	19	9	14	27	1.44
2000-2009	110+	0.71047	1.00000	1.41	9	9	13	13	1.41
2010-2019	0	0.00509	0.00506	0.07	100000	506	99528	8130949	81.31
2010-2019	1	0.00039	0.00039	0.5	99494	38	99475	8031422	80.72
2010-2019	2	0.00023	0.00023	0.5	99455	23	99444	7931947	79.75
2010-2019	3	0.00014	0.00014	0.5	99432	14	99426	7832503	78.77
2010-2019	4	0.00014	0.00014	0.5	99419	14	99412	7733078	77.78
2010-2019	5	0.00014	0.00014	0.5	99405	14	99398	7633666	76.79
2010-2019	6	0.00011	0.00011	0.5	99391	11	99386	7534268	75.80
2010-2019	7	0.00011	0.00011	0.5	99380	11	99375	7434882	74.81
2010-2019	8	0.00012	0.00012	0.5	99369	12	99363	7335507	73.82
2010-2019	9	0.00011	0.00011	0.5	99358	11	99352	7236144	72.83
2010-2019	10	0.00010	0.00010	0.5	99347	10	99342	7136791	71.84
2010-2019	11	0.00012	0.00012	0.5	99337	11	99331	7037449	70.84
2010-2019	12	0.00012	0.00012	0.5	99326	12	99320	6938118	69.85
2010-2019	13	0.00014	0.00014	0.5	99314	14	99307	6838798	68.86
2010-2019	14	0.00018	0.00018	0.5	99300	18	99291	6739491	67.87
2010-2019	15	0.00022	0.00022	0.5	99282	22	99271	6640200	66.88
2010-2019	16	0.00030	0.00030	0.5	99260	30	99245	6540929	65.90
2010-2019	17	0.00030	0.00030	0.5	99230	30	99215	6441684	64.92
2010-2019	18	0.00037	0.00037	0.5	99200	37	99181	6342469	63.94
2010-2019	19	0.00040	0.00040	0.5	99163	39	99143	6243288	62.96
2010-2019	20	0.00039	0.00039	0.5	99124	39	99104	6144144	61.98
2010-2019	21	0.00040	0.00040	0.5	99085	40	99065	6045040	61.01
2010-2019	22	0.00046	0.00046	0.5	99045	46	99022	5945975	60.03
2010-2019	23	0.00047	0.00047	0.5	98999	47	98976	5846952	59.06
2010-2019	24	0.00054	0.00054	0.5	98953	53	98926	5747976	58.09
2010-2019	25	0.00052	0.00052	0.5	98900	51	98874	5649049	57.12
2010-2019	26	0.00057	0.00057	0.5	98849	57	98821	5550175	56.15
2010-2019	27	0.00059	0.00059	0.5	98792	58	98763	5451354	55.18
2010-2019	28	0.00060	0.00060	0.5	98734	59	98705	5352591	54.21
2010-2019	29	0.00067	0.00067	0.5	98675	66	98642	5253886	53.24
2010-2019	30	0.00071	0.00071	0.5	98609	70	98574	5155244	52.28
2010-2019	31	0.00073	0.00073	0.5	98539	71	98503	5056670	51.32
2010-2019	32	0.00081	0.00081	0.5	98467	80	98427	4958167	50.35
2010-2019	33	0.00079	0.00079	0.5	98387	78	98348	4859740	49.39
2010-2019	34	0.00087	0.00087	0.5	98309	86	98266	4761392	48.43
2010-2019	35	0.00093	0.00093	0.5	98223	92	98177	4663126	47.47
2010-2019	36	0.00107	0.00107	0.5	98131	105	98079	4564948	46.52
2010-2019	37	0.00113	0.00113	0.5	98027	111	97971	4466869	45.57
2010-2019	38	0.00112	0.00112	0.5	97916	110	97861	4368898	44.62
2010-2019	39	0.00122	0.00122	0.5	97806	119	97747	4271037	43.67
2010-2019	40	0.00131	0.00131	0.5	97687	128	97623	4173290	42.72
2010-2019	41	0.00139	0.00139	0.5	97559	135	97492	4075666	41.78
2010-2019	42	0.00155	0.00155	0.5	97424	151	97348	3978175	40.83
2010-2019	43	0.00167	0.00167	0.5	97273	162	97192	3880826	39.90
2010-2019	44	0.00182	0.00181	0.5	97111	176	97022	3783634	38.96
2010-2019	45	0.00195	0.00195	0.5	96934	189	96840	3686612	38.03
2010-2019	46	0.00212	0.00212	0.5	96745	205	96643	3589772	37.11
2010-2019	47	0.00232	0.00232	0.5	96540	224	96428	3493130	36.18
2010-2019	48	0.00254	0.00253	0.5	96316	244	96194	3396702	35.27
2010-2019	49	0.00290	0.00290	0.5	96072	279	95932	3300508	34.35
2010-2019	50	0.00307	0.00306	0.5	95793	293	95646	3204576	33.45
2010-2019	51	0.00325	0.00325	0.5	95500	310	95345	3108929	32.55
2010-2019	52	0.00364	0.00363	0.5	95190	346	95017	3013585	31.66
2010-2019	53	0.00387	0.00386	0.5	94844	366	94661	2918568	30.77
2010-2019	54	0.00415	0.00414	0.5	94478	391	94282	2823907	29.89
2010-2019	55	0.00450	0.00449	0.5	94087	423	93875	2729625	29.01
2010-2019	56	0.00478	0.00477	0.5	93664	447	93440	2635750	28.14
2010-2019	57	0.00515	0.00514	0.5	93217	479	92978	2542309	27.27
2010-2019	58	0.00551	0.00549	0.5	92738	509	92484	2449332	26.41
2010-2019	59	0.00606	0.00604	0.5	92229	557	91951	2356848	25.55
2010-2019	60	0.00655	0.00653	0.5	91672	599	91373	2264897	24.71
2010-2019	61	0.00695	0.00692	0.5	91073	631	90758	2173525	23.87
2010-2019	62	0.00750	0.00747	0.5	90443	675	90105	2082767	23.03
2010-2019	63	0.00834	0.00830	0.5	89767	746	89394	1992662	22.20
2010-2019	64	0.00886	0.00883	0.5	89022	786	88629	1903267	21.38
2010-2019	65	0.00968	0.00963	0.5	88236	850	87811	1814638	20.57
2010-2019	66	0.01076	0.01071	0.5	87386	936	86918	1726827	19.76
2010-2019	67	0.01168	0.01162	0.5	86451	1004	85948	1639909	18.97
2010-2019	68	0.01287	0.01279	0.5	85446	1093	84900	1553960	18.19
2010-2019	69	0.01397	0.01387	0.5	84353	1170	83768	1469061	17.42
2010-2019	70	0.01555	0.01543	0.5	83183	1283	82542	1385292	16.65
2010-2019	71	0.01716	0.01701	0.5	81900	1393	81204	1302751	15.91
2010-2019	72	0.01905	0.01887	0.5	80507	1519	79747	1221547	15.17
2010-2019	73	0.02049	0.02028	0.5	78988	1602	78187	1141800	14.46
2010-2019	74	0.02291	0.02265	0.5	77386	1753	76509	1063613	13.74
2010-2019	75	0.02523	0.02492	0.5	75633	1885	74691	987103	13.05
2010-2019	76	0.02824	0.02785	0.5	73748	2054	72721	912413	12.37
2010-2019	77	0.03045	0.03000	0.5	71694	2150	70619	839692	11.71
2010-2019	78	0.03433	0.03375	0.5	69544	2347	68370	769073	11.06
2010-2019	79	0.03750	0.03681	0.5	67197	2474	65960	700702	10.43
2010-2019	80	0.04193	0.04107	0.5	64723	2658	63394	634742	9.81
2010-2019	81	0.04702	0.04594	0.5	62065	2851	60639	571348	9.21
2010-2019	82	0.05294	0.05157	0.5	59214	3054	57687	510709	8.62
2010-2019	83	0.05930	0.05759	0.5	56160	3234	54543	453022	8.07
2010-2019	84	0.06691	0.06475	0.5	52926	3427	51212	398480	7.53
2010-2019	85	0.07529	0.07256	0.5	49499	3592	47703	347267	7.02
2010-2019	86	0.08434	0.08093	0.5	45907	3715	44050	299564	6.53
2010-2019	87	0.09644	0.09200	0.5	42192	3882	40251	255514	6.06
2010-2019	88	0.10752	0.10204	0.5	38311	3909	36356	215263	5.62
2010-2019	89	0.12130	0.11436	0.5	34401	3934	32434	178907	5.20
2010-2019	90	0.13939	0.13031	0.5	30467	3970	28482	146472	4.81
2010-2019	91	0.15469	0.14358	0.5	26497	3804	24595	117990	4.45
2010-2019	92	0.17557	0.16140	0.5	22693	3663	20861	93396	4.12
2010-2019	93	0.19565	0.17821	0.5	19030	3391	17334	72534	3.81
2010-2019	94	0.21950	0.19779	0.5	15639	3093	14092	55200	3.53
2010-2019	95	0.24183	0.21575	0.5	12545	2707	11192	41108	3.28
2010-2019	96	0.26750	0.23594	0.5	9839	2321	8678	29916	3.04
2010-2019	97	0.29483	0.25695	0.5	7517	1932	6552	21238	2.83
2010-2019	98	0.32371	0.27862	0.5	5586	1556	4808	14686	2.63
2010-2019	99	0.35401	0.30077	0.5	4030	1212	3424	9878	2.45
2010-2019	100	0.38552	0.32322	0.5	2818	911	2362	6455	2.29
2010-2019	101	0.41803	0.34576	0.5	1907	659	1577	4093	2.15
2010-2019	102	0.45126	0.36818	0.5	1248	459	1018	2515	2.02
2010-2019	103	0.48493	0.39030	0.5	788	308	634	1497	1.90
2010-2019	104	0.51874	0.41190	0.5	481	198	382	863	1.80
2010-2019	105	0.55238	0.43284	0.5	283	122	221	481	1.70
2010-2019	106	0.58555	0.45294	0.5	160	73	124	260	1.62
2010-2019	107	0.61796	0.47209	0.5	88	41	67	136	1.55
2010-2019	108	0.64935	0.49019	0.5	46	23	35	69	1.49
2010-2019	109	0.67950	0.50718	0.5	24	12	18	34	1.44
2010-2019	110+	0.70822	1.00000	1.41	12	12	16	16	1.41
2020-2022	0	0.00483	0.00481	0.07	100000	481	99551	7985375	79.85
2020-2022	1	0.00036	0.00036	0.5	99519	36	99501	7885824	79.24
2020-2022	2	0.00024	0.00024	0.5	99483	24	99471	7786323	78.27
2020-2022	3	0.00019	0.00019	0.5	99459	19	99450	7686852	77.29
2020-2022	4	0.00014	0.00014	0.5	99440	14	99433	7587402	76.30
2020-2022	5	0.00013	0.00013	0.5	99426	13	99420	7487969	75.31
2020-2022	6	0.00013	0.00013	0.5	99414	13	99407	7388549	74.32
2020-2022	7	0.00010	0.00010	0.5	99401	10	99396	7289142	73.33
2020-2022	8	0.00011	0.00011	0.5	99391	11	99385	7189746	72.34
2020-2022	9	0.00009	0.00009	0.5	99380	9	99376	7090361	71.35
2020-2022	10	0.00011	0.00011	0.5	99371	10	99366	6990985	70.35
2020-2022	11	0.00009	0.00009	0.5	99361	9	99357	6891619	69.36
2020-2022	12	0.00011	0.00011	0.5	99352	11	99346	6792262	68.37
2020-2022	13	0.00019	0.00019	0.5	99341	19	99331	6692916	67.37
2020-2022	14	0.00019	0.00019	0.5	99322	19	99313	6593584	66.39
2020-2022	15	0.00027	0.00027	0.5	99303	27	99290	6494272	65.40
2020-2022	16	0.00033	0.00033	0.5	99276	33	99260	6394982	64.42
2020-2022	17	0.00039	0.00039	0.5	99244	39	99224	6295722	63.44
2020-2022	18	0.00048	0.00048	0.5	99204	47	99181	6196498	62.46
2020-2022	19	0.00046	0.00046	0.5	99157	46	99134	6097318	61.49
2020-2022	20	0.00042	0.00042	0.5	99111	41	99090	5998184	60.52
2020-2022	21	0.00058	0.00058	0.5	99070	58	99041	5899093	59.54
2020-2022	22	0.00059	0.00059	0.5	99012	59	98983	5800052	58.58
2020-2022	23	0.00067	0.00067	0.5	98953	66	98920	5701070	57.61
2020-2022	24	0.00063	0.00063	0.5	98887	62	98856	5602149	56.65
2020-2022	25	0.00081	0.00081	0.5	98824	80	98784	5503294	55.69
2020-2022	26	0.00068	0.00068	0.5	98744	68	98711	5404509	54.73
2020-2022	27	0.00076	0.00076	0.5	98677	75	98639	5305799	53.77
2020-2022	28	0.00082	0.00082	0.5	98602	81	98562	5207159	52.81
2020-2022	29	0.00093	0.00093	0.5	98521	92	98475	5108598	51.85
2020-2022	30	0.00099	0.00099	0.5	98429	98	98380	5010123	50.90
2020-2022	31	0.00113	0.00113	0.5	98332	111	98276	4911742	49.95
2020-2022	32	0.00114	0.00114	0.5	98220	112	98164	4813466	49.01
2020-2022	33	0.00125	0.00125	0.5	98108	123	98047	4715302	48.06
2020-2022	34	0.00128	0.00128	0.5	97986	126	97923	4617255	47.12
2020-2022	35	0.00128	0.00128	0.5	97860	125	97797	4519332	46.18
2020-2022	36	0.00142	0.00142	0.5	97735	139	97665	4421534	45.24
2020-2022	37	0.00153	0.00153	0.5	97596	149	97521	4323869	44.30
2020-2022	38	0.00156	0.00156	0.5	97447	152	97371	4226348	43.37
2020-2022	39	0.00157	0.00157	0.5	97295	153	97218	4128977	42.44
2020-2022	40	0.00173	0.00173	0.5	97142	168	97058	4031759	41.50
2020-2022	41	0.00191	0.00191	0.5	96974	185	96882	3934700	40.57
2020-2022	42	0.00205	0.00205	0.5	96789	198	96690	3837818	39.65
2020-2022	43	0.00212	0.00212	0.5	96591	205	96489	3741128	38.73
2020-2022	44	0.00234	0.00234	0.5	96387	225	96274	3644639	37.81
2020-2022	45	0.00241	0.00241	0.5	96161	232	96045	3548365	36.90
2020-2022	46	0.00269	0.00268	0.5	95929	257	95801	3452320	35.99
2020-2022	47	0.00288	0.00288	0.5	95672	276	95534	3356519	35.08
2020-2022	48	0.00302	0.00301	0.5	95396	287	95253	3260985	34.18
2020-2022	49	0.00342	0.00341	0.5	95109	325	94947	3165732	33.29
2020-2022	50	0.00359	0.00358	0.5	94784	339	94615	3070786	32.40
2020-2022	51	0.00385	0.00384	0.5	94445	363	94264	2976171	31.51
2020-2022	52	0.00405	0.00405	0.5	94082	381	93892	2881907	30.63
2020-2022	53	0.00444	0.00443	0.5	93702	415	93494	2788015	29.75
2020-2022	54	0.00484	0.00483	0.5	93286	451	93061	2694521	28.88
2020-2022	55	0.00532	0.00530	0.5	92836	492	92589	2601460	28.02
2020-2022	56	0.00589	0.00587	0.5	92343	542	92072	2508871	27.17
2020-2022	57	0.00637	0.00635	0.5	91801	583	91509	2416799	26.33
2020-2022	58	0.00657	0.00655	0.5	91218	598	90919	2325290	25.49
2020-2022	59	0.00737	0.00734	0.5	90620	665	90288	2234370	24.66
2020-2022	60	0.00807	0.00803	0.5	89955	723	89594	2144083	23.84
2020-2022	61	0.00843	0.00840	0.5	89232	749	88858	2054489	23.02
2020-2022	62	0.00931	0.00927	0.5	88483	820	88073	1965631	22.21
2020-2022	63	0.00989	0.00984	0.5	87663	863	87231	1877559	21.42
2020-2022	64	0.01076	0.01070	0.5	86800	929	86335	1790327	20.63
2020-2022	65	0.01139	0.01132	0.5	85871	972	85385	1703992	19.84
2020-2022	66	0.01252	0.01244	0.5	84899	1056	84371	1618607	19.07
2020-2022	67	0.01295	0.01287	0.5	83843	1079	83303	1534236	18.30
2020-2022	68	0.01411	0.01401	0.5	82764	1160	82184	1450933	17.53
2020-2022	69	0.01527	0.01515	0.5	81604	1236	80986	1368749	16.77
2020-2022	70	0.01749	0.01734	0.5	80368	1394	79671	1287764	16.02
2020-2022	71	0.01829	0.01813	0.5	78974	1432	78258	1208093	15.30
2020-2022	72	0.02056	0.02035	0.5	77542	1578	76753	1129835	14.57
2020-2022	73	0.02276	0.02251	0.5	75964	1710	75110	1053081	13.86
2020-2022	74	0.02546	0.02514	0.5	74255	1867	73321	977972	13.17
2020-2022	75	0.02793	0.02754	0.5	72388	1994	71391	904651	12.50
2020-2022	76	0.03054	0.03008	0.5	70394	2118	69335	833260	11.84
2020-2022	77	0.03474	0.03415	0.5	68276	2331	67110	763925	11.19
2020-2022	78	0.04002	0.03923	0.5	65945	2587	64651	696814	10.57
2020-2022	79	0.04303	0.04213	0.5	63358	2669	62023	632163	9.98
2020-2022	80	0.04772	0.04661	0.5	60689	2828	59274	570140	9.39
2020-2022	81	0.05371	0.05231	0.5	57860	3027	56347	510866	8.83
2020-2022	82	0.05960	0.05787	0.5	54833	3173	53247	454519	8.29
2020-2022	83	0.06450	0.06248	0.5	51660	3228	50046	401272	7.77
2020-2022	84	0.07206	0.06956	0.5	48432	3369	46748	351226	7.25
2020-2022	85	0.07957	0.07653	0.5	45063	3448	43339	304478	6.76
2020-2022	86	0.09057	0.08664	0.5	41615	3606	39812	261139	6.28
2020-2022	87	0.10247	0.09747	0.5	38009	3705	36157	221327	5.82
2020-2022	88	0.11644	0.11003	0.5	34304	3775	32417	185170	5.40
2020-2022	89	0.13054	0.12254	0.5	30530	3741	28659	152753	5.00
2020-2022	90	0.14570	0.13581	0.5	26789	3638	24970	124093	4.63
2020-2022	91	0.16347	0.15112	0.5	23151	3499	21401	99124	4.28
2020-2022	92	0.18702	0.17103	0.5	19652	3361	17972	77722	3.95
2020-2022	93	0.20868	0.18896	0.5	16291	3078	14752	59751	3.67
2020-2022	94	0.23189	0.20780	0.5	13213	2746	11840	44999	3.41
2020-2022	95	0.25423	0.22556	0.5	10467	2361	9287	33159	3.17
2020-2022	96	0.28016	0.24574	0.5	8106	1992	7110	23872	2.94
2020-2022	97	0.30765	0.26663	0.5	6114	1630	5299	16762	2.74
2020-2022	98	0.33657	0.28809	0.5	4484	1292	3838	11463	2.56
2020-2022	99	0.36677	0.30993	0.5	3192	989	2698	7625	2.39
2020-2022	100	0.39805	0.33198	0.5	2203	731	1837	4927	2.24
2020-2022	101	0.43019	0.35404	0.5	1472	521	1211	3090	2.10
2020-2022	102	0.46292	0.37591	0.5	951	357	772	1879	1.98
2020-2022	103	0.49598	0.39743	0.5	593	236	475	1107	1.87
2020-2022	104	0.52908	0.41840	0.5	357	150	283	632	1.77
2020-2022	105	0.56192	0.43867	0.5	208	91	162	349	1.68
2020-2022	106	0.59423	0.45812	0.5	117	53	90	187	1.60
2020-2022	107	0.62574	0.47662	0.5	63	30	48	97	1.53
2020-2022	108	0.65622	0.49410	0.5	33	16	25	49	1.48
2020-2022	109	0.68547	0.51050	0.5	17	9	12	24	1.43
2020-2022	110+	0.71331	1.00000	1.4	8	8	11	11	1.40
