Div4: Div4, Lifetables (period 1x10), Both sexes Last modified: February 4 2025, MPv5 (May07) 

Year     	Age	mx	qx	ax	lx	dx	Lx	Tx	ex
1941-1949	0	0.03349	0.03255	0.14	100000	3255	97205	6847503	68.48
1941-1949	1	0.00294	0.00293	0.5	96745	284	96603	6750299	69.77
1941-1949	2	0.00170	0.00170	0.5	96461	164	96379	6653696	68.98
1941-1949	3	0.00128	0.00128	0.5	96297	123	96235	6557317	68.09
1941-1949	4	0.00106	0.00106	0.5	96174	102	96123	6461082	67.18
1941-1949	5	0.00093	0.00093	0.5	96072	89	96027	6364959	66.25
1941-1949	6	0.00085	0.00085	0.5	95982	81	95942	6268932	65.31
1941-1949	7	0.00079	0.00079	0.5	95901	76	95863	6172990	64.37
1941-1949	8	0.00074	0.00074	0.5	95825	71	95790	6077127	63.42
1941-1949	9	0.00071	0.00071	0.5	95754	68	95720	5981338	62.47
1941-1949	10	0.00070	0.00070	0.5	95686	67	95652	5885618	61.51
1941-1949	11	0.00072	0.00072	0.5	95619	68	95585	5789966	60.55
1941-1949	12	0.00076	0.00076	0.5	95550	73	95514	5694381	59.60
1941-1949	13	0.00084	0.00084	0.5	95477	80	95437	5598867	58.64
1941-1949	14	0.00094	0.00094	0.5	95397	90	95353	5503430	57.69
1941-1949	15	0.00106	0.00106	0.5	95308	101	95257	5408077	56.74
1941-1949	16	0.00117	0.00117	0.5	95206	112	95151	5312820	55.80
1941-1949	17	0.00126	0.00126	0.5	95095	120	95035	5217670	54.87
1941-1949	18	0.00134	0.00134	0.5	94975	127	94911	5122635	53.94
1941-1949	19	0.00140	0.00140	0.5	94848	132	94781	5027724	53.01
1941-1949	20	0.00144	0.00144	0.5	94715	136	94647	4932942	52.08
1941-1949	21	0.00148	0.00148	0.5	94579	140	94509	4838295	51.16
1941-1949	22	0.00151	0.00151	0.5	94439	143	94368	4743786	50.23
1941-1949	23	0.00154	0.00154	0.5	94297	145	94224	4649418	49.31
1941-1949	24	0.00155	0.00155	0.5	94152	146	94079	4555194	48.38
1941-1949	25	0.00156	0.00156	0.5	94006	146	93933	4461115	47.46
1941-1949	26	0.00158	0.00158	0.5	93859	148	93785	4367182	46.53
1941-1949	27	0.00161	0.00161	0.5	93712	151	93636	4273397	45.60
1941-1949	28	0.00166	0.00166	0.5	93561	155	93483	4179760	44.67
1941-1949	29	0.00172	0.00172	0.5	93406	161	93326	4086277	43.75
1941-1949	30	0.00179	0.00179	0.5	93245	167	93162	3992951	42.82
1941-1949	31	0.00188	0.00187	0.5	93078	174	92991	3899790	41.90
1941-1949	32	0.00197	0.00197	0.5	92904	183	92812	3806799	40.98
1941-1949	33	0.00209	0.00209	0.5	92721	194	92624	3713986	40.06
1941-1949	34	0.00223	0.00223	0.5	92527	206	92424	3621363	39.14
1941-1949	35	0.00239	0.00239	0.5	92321	221	92211	3528939	38.22
1941-1949	36	0.00256	0.00256	0.5	92100	236	91982	3436728	37.32
1941-1949	37	0.00275	0.00275	0.5	91864	252	91738	3344746	36.41
1941-1949	38	0.00296	0.00296	0.5	91612	271	91476	3253008	35.51
1941-1949	39	0.00319	0.00319	0.5	91341	291	91195	3161531	34.61
1941-1949	40	0.00343	0.00343	0.5	91049	312	90893	3070336	33.72
1941-1949	41	0.00368	0.00367	0.5	90738	333	90571	2979443	32.84
1941-1949	42	0.00398	0.00397	0.5	90405	359	90225	2888872	31.95
1941-1949	43	0.00432	0.00431	0.5	90046	388	89852	2798646	31.08
1941-1949	44	0.00465	0.00464	0.5	89658	416	89450	2708795	30.21
1941-1949	45	0.00503	0.00502	0.5	89242	448	89018	2619344	29.35
1941-1949	46	0.00544	0.00543	0.5	88794	482	88553	2530326	28.50
1941-1949	47	0.00588	0.00586	0.5	88312	518	88053	2441773	27.65
1941-1949	48	0.00637	0.00635	0.5	87794	557	87516	2353720	26.81
1941-1949	49	0.00692	0.00690	0.5	87237	602	86936	2266204	25.98
1941-1949	50	0.00756	0.00753	0.5	86636	652	86309	2179268	25.15
1941-1949	51	0.00817	0.00813	0.5	85983	699	85634	2092958	24.34
1941-1949	52	0.00884	0.00880	0.5	85284	751	84909	2007325	23.54
1941-1949	53	0.00962	0.00957	0.5	84534	809	84129	1922416	22.74
1941-1949	54	0.01045	0.01040	0.5	83725	871	83289	1838286	21.96
1941-1949	55	0.01137	0.01131	0.5	82854	937	82386	1754997	21.18
1941-1949	56	0.01232	0.01225	0.5	81917	1003	81415	1672612	20.42
1941-1949	57	0.01336	0.01327	0.5	80914	1074	80377	1591196	19.67
1941-1949	58	0.01450	0.01439	0.5	79840	1149	79266	1510819	18.92
1941-1949	59	0.01568	0.01556	0.5	78691	1225	78079	1431554	18.19
1941-1949	60	0.01696	0.01682	0.5	77466	1303	76815	1353475	17.47
1941-1949	61	0.01831	0.01815	0.5	76164	1382	75473	1276660	16.76
1941-1949	62	0.01989	0.01970	0.5	74781	1473	74045	1201187	16.06
1941-1949	63	0.02172	0.02149	0.5	73309	1575	72521	1127142	15.38
1941-1949	64	0.02367	0.02340	0.5	71733	1678	70894	1054622	14.70
1941-1949	65	0.02596	0.02562	0.5	70055	1795	69157	983728	14.04
1941-1949	66	0.02836	0.02796	0.5	68260	1909	67305	914570	13.40
1941-1949	67	0.03100	0.03053	0.5	66351	2025	65338	847265	12.77
1941-1949	68	0.03414	0.03357	0.5	64326	2159	63246	781927	12.16
1941-1949	69	0.03751	0.03682	0.5	62167	2289	61022	718681	11.56
1941-1949	70	0.04121	0.04038	0.5	59877	2418	58668	657659	10.98
1941-1949	71	0.04492	0.04394	0.5	57460	2524	56197	598990	10.42
1941-1949	72	0.04921	0.04802	0.5	54935	2638	53616	542793	9.88
1941-1949	73	0.05425	0.05282	0.5	52297	2762	50916	489177	9.35
1941-1949	74	0.05954	0.05782	0.5	49535	2864	48103	438261	8.85
1941-1949	75	0.06560	0.06351	0.5	46671	2964	45189	390158	8.36
1941-1949	76	0.07201	0.06951	0.5	43707	3038	42188	344970	7.89
1941-1949	77	0.07870	0.07572	0.5	40669	3079	39129	302782	7.45
1941-1949	78	0.08651	0.08292	0.5	37589	3117	36031	263653	7.01
1941-1949	79	0.09498	0.09068	0.5	34473	3126	32910	227622	6.60
1941-1949	80	0.10421	0.09905	0.5	31347	3105	29794	194712	6.21
1941-1949	81	0.11459	0.10838	0.5	28242	3061	26711	164918	5.84
1941-1949	82	0.12578	0.11833	0.5	25181	2980	23691	138207	5.49
1941-1949	83	0.13776	0.12888	0.5	22201	2861	20770	114516	5.16
1941-1949	84	0.15036	0.13985	0.5	19340	2705	17987	93746	4.85
1941-1949	85	0.16358	0.15121	0.5	16635	2515	15377	75758	4.55
1941-1949	86	0.17836	0.16376	0.5	14120	2312	12964	60381	4.28
1941-1949	87	0.19528	0.17791	0.5	11808	2101	10757	47417	4.02
1941-1949	88	0.21411	0.19340	0.5	9707	1877	8768	36660	3.78
1941-1949	89	0.23349	0.20908	0.5	7830	1637	7011	27892	3.56
1941-1949	90	0.25097	0.22299	0.5	6193	1381	5502	20880	3.37
1941-1949	91	0.26729	0.23578	0.5	4812	1135	4244	15378	3.20
1941-1949	92	0.28311	0.24801	0.5	3677	912	3221	11134	3.03
1941-1949	93	0.29847	0.25971	0.5	2765	718	2406	7913	2.86
1941-1949	94	0.31628	0.27309	0.5	2047	559	1768	5507	2.69
1941-1949	95	0.35441	0.30106	0.5	1488	448	1264	3739	2.51
1941-1949	96	0.37850	0.31827	0.5	1040	331	875	2475	2.38
1941-1949	97	0.40321	0.33556	0.5	709	238	590	1600	2.26
1941-1949	98	0.42843	0.35285	0.5	471	166	388	1010	2.14
1941-1949	99	0.45405	0.37004	0.5	305	113	248	622	2.04
1941-1949	100	0.47992	0.38704	0.5	192	74	155	374	1.95
1941-1949	101	0.50591	0.40378	0.5	118	48	94	219	1.86
1941-1949	102	0.53189	0.42015	0.5	70	29	55	125	1.78
1941-1949	103	0.55771	0.43610	0.5	41	18	32	70	1.71
1941-1949	104	0.58323	0.45155	0.5	23	10	18	38	1.64
1941-1949	105	0.60832	0.46645	0.5	13	6	10	20	1.58
1941-1949	106	0.63287	0.48075	0.5	7	3	5	10	1.53
1941-1949	107	0.65676	0.49441	0.5	3	2	3	5	1.48
1941-1949	108	0.67990	0.50741	0.5	2	1	1	3	1.44
1941-1949	109	0.70219	0.51972	0.5	1	0	1	1	1.40
1941-1949	110+	0.72357	1.00000	1.38	0	0	1	1	1.38
1950-1959	0	0.02491	0.02438	0.12	100000	2438	97849	7085940	70.86
1950-1959	1	0.00182	0.00182	0.5	97562	177	97474	6988091	71.63
1950-1959	2	0.00112	0.00112	0.5	97385	109	97331	6890617	70.76
1950-1959	3	0.00085	0.00085	0.5	97276	83	97235	6793287	69.84
1950-1959	4	0.00069	0.00069	0.5	97194	67	97160	6696052	68.89
1950-1959	5	0.00061	0.00061	0.5	97126	60	97097	6598892	67.94
1950-1959	6	0.00056	0.00056	0.5	97067	54	97040	6501795	66.98
1950-1959	7	0.00051	0.00051	0.5	97012	49	96988	6404755	66.02
1950-1959	8	0.00047	0.00047	0.5	96963	46	96940	6307768	65.05
1950-1959	9	0.00044	0.00044	0.5	96917	43	96896	6210827	64.08
1950-1959	10	0.00043	0.00043	0.5	96874	41	96854	6113931	63.11
1950-1959	11	0.00044	0.00044	0.5	96833	43	96812	6017077	62.14
1950-1959	12	0.00048	0.00048	0.5	96790	47	96767	5920266	61.17
1950-1959	13	0.00056	0.00056	0.5	96743	54	96716	5823499	60.20
1950-1959	14	0.00068	0.00068	0.5	96689	65	96656	5726783	59.23
1950-1959	15	0.00083	0.00083	0.5	96624	80	96584	5630127	58.27
1950-1959	16	0.00097	0.00097	0.5	96544	94	96497	5533543	57.32
1950-1959	17	0.00109	0.00109	0.5	96450	105	96397	5437046	56.37
1950-1959	18	0.00117	0.00117	0.5	96345	113	96289	5340649	55.43
1950-1959	19	0.00121	0.00121	0.5	96232	116	96174	5244360	54.50
1950-1959	20	0.00123	0.00123	0.5	96116	118	96057	5148186	53.56
1950-1959	21	0.00124	0.00124	0.5	95998	119	95938	5052129	52.63
1950-1959	22	0.00124	0.00124	0.5	95878	119	95819	4956191	51.69
1950-1959	23	0.00123	0.00123	0.5	95759	118	95700	4860372	50.76
1950-1959	24	0.00122	0.00122	0.5	95641	117	95583	4764672	49.82
1950-1959	25	0.00124	0.00123	0.5	95524	118	95465	4669089	48.88
1950-1959	26	0.00123	0.00123	0.5	95406	118	95348	4573623	47.94
1950-1959	27	0.00125	0.00125	0.5	95289	119	95229	4478276	47.00
1950-1959	28	0.00125	0.00125	0.5	95170	119	95110	4383046	46.05
1950-1959	29	0.00129	0.00129	0.5	95051	123	94990	4287936	45.11
1950-1959	30	0.00132	0.00132	0.5	94928	125	94866	4192946	44.17
1950-1959	31	0.00139	0.00139	0.5	94803	132	94737	4098081	43.23
1950-1959	32	0.00144	0.00144	0.5	94671	136	94603	4003344	42.29
1950-1959	33	0.00156	0.00156	0.5	94535	147	94461	3908741	41.35
1950-1959	34	0.00164	0.00164	0.5	94387	155	94310	3814279	40.41
1950-1959	35	0.00174	0.00174	0.5	94233	164	94151	3719969	39.48
1950-1959	36	0.00188	0.00188	0.5	94069	177	93980	3625819	38.54
1950-1959	37	0.00202	0.00202	0.5	93892	189	93797	3531838	37.62
1950-1959	38	0.00220	0.00219	0.5	93703	205	93600	3438041	36.69
1950-1959	39	0.00242	0.00241	0.5	93497	226	93385	3344441	35.77
1950-1959	40	0.00264	0.00264	0.5	93272	246	93149	3251056	34.86
1950-1959	41	0.00289	0.00289	0.5	93026	269	92891	3157907	33.95
1950-1959	42	0.00319	0.00319	0.5	92757	296	92609	3065016	33.04
1950-1959	43	0.00350	0.00350	0.5	92462	324	92300	2972407	32.15
1950-1959	44	0.00384	0.00383	0.5	92138	353	91961	2880107	31.26
1950-1959	45	0.00423	0.00422	0.5	91785	387	91591	2788145	30.38
1950-1959	46	0.00465	0.00464	0.5	91397	424	91185	2696554	29.50
1950-1959	47	0.00514	0.00512	0.5	90974	466	90740	2605369	28.64
1950-1959	48	0.00564	0.00563	0.5	90507	509	90253	2514628	27.78
1950-1959	49	0.00618	0.00616	0.5	89998	554	89721	2424376	26.94
1950-1959	50	0.00670	0.00668	0.5	89444	598	89145	2334655	26.10
1950-1959	51	0.00732	0.00729	0.5	88846	648	88522	2245510	25.27
1950-1959	52	0.00803	0.00800	0.5	88199	706	87846	2156987	24.46
1950-1959	53	0.00871	0.00867	0.5	87493	759	87113	2069141	23.65
1950-1959	54	0.00944	0.00940	0.5	86734	815	86326	1982028	22.85
1950-1959	55	0.01015	0.01010	0.5	85919	867	85485	1895702	22.06
1950-1959	56	0.01099	0.01093	0.5	85051	929	84586	1810217	21.28
1950-1959	57	0.01182	0.01175	0.5	84122	989	83627	1725631	20.51
1950-1959	58	0.01295	0.01287	0.5	83133	1070	82598	1642004	19.75
1950-1959	59	0.01408	0.01399	0.5	82063	1148	81489	1559406	19.00
1950-1959	60	0.01534	0.01523	0.5	80915	1232	80299	1477917	18.26
1950-1959	61	0.01664	0.01650	0.5	79683	1315	79026	1397617	17.54
1950-1959	62	0.01828	0.01811	0.5	78368	1420	77658	1318591	16.83
1950-1959	63	0.01994	0.01974	0.5	76949	1519	76189	1240933	16.13
1950-1959	64	0.02175	0.02152	0.5	75430	1623	74618	1164744	15.44
1950-1959	65	0.02375	0.02348	0.5	73807	1733	72941	1090125	14.77
1950-1959	66	0.02595	0.02562	0.5	72074	1847	71151	1017185	14.11
1950-1959	67	0.02847	0.02807	0.5	70228	1971	69242	946034	13.47
1950-1959	68	0.03107	0.03059	0.5	68257	2088	67212	876792	12.85
1950-1959	69	0.03390	0.03333	0.5	66168	2206	65066	809580	12.24
1950-1959	70	0.03673	0.03607	0.5	63963	2307	62809	744514	11.64
1950-1959	71	0.04017	0.03938	0.5	61656	2428	60442	681705	11.06
1950-1959	72	0.04414	0.04319	0.5	59228	2558	57949	621263	10.49
1950-1959	73	0.04839	0.04725	0.5	56670	2677	55331	563314	9.94
1950-1959	74	0.05333	0.05195	0.5	53992	2805	52590	507983	9.41
1950-1959	75	0.05855	0.05689	0.5	51187	2912	49731	455393	8.90
1950-1959	76	0.06426	0.06226	0.5	48275	3005	46773	405662	8.40
1950-1959	77	0.07063	0.06822	0.5	45270	3088	43726	358889	7.93
1950-1959	78	0.07781	0.07490	0.5	42182	3159	40602	315163	7.47
1950-1959	79	0.08595	0.08241	0.5	39022	3216	37415	274561	7.04
1950-1959	80	0.09364	0.08945	0.5	35807	3203	34205	237147	6.62
1950-1959	81	0.10290	0.09786	0.5	32604	3191	31008	202942	6.22
1950-1959	82	0.11381	0.10768	0.5	29413	3167	27829	171933	5.85
1950-1959	83	0.12530	0.11791	0.5	26246	3095	24699	144104	5.49
1950-1959	84	0.13730	0.12848	0.5	23151	2975	21664	119405	5.16
1950-1959	85	0.14952	0.13912	0.5	20177	2807	18773	97741	4.84
1950-1959	86	0.16346	0.15111	0.5	17370	2625	16057	78968	4.55
1950-1959	87	0.17977	0.16494	0.5	14745	2432	13529	62911	4.27
1950-1959	88	0.19559	0.17817	0.5	12313	2194	11216	49382	4.01
1950-1959	89	0.21374	0.19311	0.5	10119	1954	9142	38166	3.77
1950-1959	90	0.22905	0.20552	0.5	8165	1678	7326	29024	3.55
1950-1959	91	0.24775	0.22044	0.5	6487	1430	5772	21698	3.34
1950-1959	92	0.26650	0.23517	0.5	5057	1189	4462	15926	3.15
1950-1959	93	0.28546	0.24981	0.5	3868	966	3385	11464	2.96
1950-1959	94	0.31180	0.26975	0.5	2902	783	2510	8079	2.78
1950-1959	95	0.33443	0.28652	0.5	2119	607	1815	5569	2.63
1950-1959	96	0.35850	0.30401	0.5	1512	460	1282	3754	2.48
1950-1959	97	0.38333	0.32168	0.5	1052	338	883	2472	2.35
1950-1959	98	0.40881	0.33943	0.5	714	242	593	1589	2.23
1950-1959	99	0.43483	0.35717	0.5	471	168	387	997	2.11
1950-1959	100	0.46123	0.37480	0.5	303	114	246	609	2.01
1950-1959	101	0.48789	0.39221	0.5	189	74	152	363	1.92
1950-1959	102	0.51464	0.40932	0.5	115	47	92	211	1.83
1950-1959	103	0.54134	0.42603	0.5	68	29	54	119	1.75
1950-1959	104	0.56783	0.44227	0.5	39	17	30	66	1.68
1950-1959	105	0.59397	0.45796	0.5	22	10	17	35	1.61
1950-1959	106	0.61961	0.47305	0.5	12	6	9	18	1.56
1950-1959	107	0.64462	0.48750	0.5	6	3	5	9	1.50
1950-1959	108	0.66889	0.50125	0.5	3	2	2	5	1.46
1950-1959	109	0.69232	0.51429	0.5	2	1	1	2	1.42
1950-1959	110+	0.71481	1.00000	1.4	1	1	1	1	1.40
1960-1969	0	0.02173	0.02132	0.11	100000	2132	98100	7164152	71.64
1960-1969	1	0.00138	0.00138	0.5	97868	135	97801	7066052	72.20
1960-1969	2	0.00088	0.00088	0.5	97734	86	97691	6968251	71.30
1960-1969	3	0.00068	0.00068	0.5	97648	66	97615	6870560	70.36
1960-1969	4	0.00057	0.00057	0.5	97582	56	97554	6772945	69.41
1960-1969	5	0.00051	0.00051	0.5	97526	49	97502	6675391	68.45
1960-1969	6	0.00044	0.00044	0.5	97477	43	97455	6577890	67.48
1960-1969	7	0.00042	0.00042	0.5	97434	41	97414	6480434	66.51
1960-1969	8	0.00039	0.00039	0.5	97394	38	97375	6383020	65.54
1960-1969	9	0.00037	0.00037	0.5	97356	36	97338	6285646	64.56
1960-1969	10	0.00036	0.00036	0.5	97320	35	97303	6188308	63.59
1960-1969	11	0.00038	0.00038	0.5	97285	37	97267	6091005	62.61
1960-1969	12	0.00039	0.00039	0.5	97248	38	97229	5993738	61.63
1960-1969	13	0.00044	0.00044	0.5	97210	42	97189	5896509	60.66
1960-1969	14	0.00054	0.00054	0.5	97168	53	97142	5799320	59.68
1960-1969	15	0.00068	0.00068	0.5	97115	66	97082	5702179	58.72
1960-1969	16	0.00093	0.00093	0.5	97050	90	97005	5605096	57.76
1960-1969	17	0.00113	0.00113	0.5	96960	109	96905	5508092	56.81
1960-1969	18	0.00128	0.00128	0.5	96850	124	96789	5411187	55.87
1960-1969	19	0.00134	0.00134	0.5	96727	129	96662	5314398	54.94
1960-1969	20	0.00130	0.00129	0.5	96597	125	96535	5217736	54.02
1960-1969	21	0.00138	0.00138	0.5	96472	133	96406	5121201	53.08
1960-1969	22	0.00131	0.00131	0.5	96339	126	96276	5024796	52.16
1960-1969	23	0.00125	0.00125	0.5	96213	120	96153	4928520	51.23
1960-1969	24	0.00123	0.00123	0.5	96093	118	96034	4832367	50.29
1960-1969	25	0.00123	0.00123	0.5	95975	118	95916	4736332	49.35
1960-1969	26	0.00119	0.00118	0.5	95857	114	95800	4640417	48.41
1960-1969	27	0.00116	0.00116	0.5	95743	111	95687	4544617	47.47
1960-1969	28	0.00121	0.00121	0.5	95632	115	95574	4448929	46.52
1960-1969	29	0.00126	0.00126	0.5	95516	120	95457	4353355	45.58
1960-1969	30	0.00130	0.00130	0.5	95397	124	95335	4257899	44.63
1960-1969	31	0.00130	0.00130	0.5	95273	124	95210	4162564	43.69
1960-1969	32	0.00139	0.00139	0.5	95148	132	95082	4067354	42.75
1960-1969	33	0.00150	0.00150	0.5	95016	142	94945	3972272	41.81
1960-1969	34	0.00158	0.00158	0.5	94874	150	94799	3877326	40.87
1960-1969	35	0.00172	0.00172	0.5	94724	163	94642	3782528	39.93
1960-1969	36	0.00180	0.00180	0.5	94561	170	94476	3687885	39.00
1960-1969	37	0.00197	0.00197	0.5	94390	186	94297	3593410	38.07
1960-1969	38	0.00217	0.00217	0.5	94204	204	94102	3499112	37.14
1960-1969	39	0.00241	0.00240	0.5	94000	226	93887	3405010	36.22
1960-1969	40	0.00253	0.00252	0.5	93774	237	93656	3311123	35.31
1960-1969	41	0.00278	0.00278	0.5	93538	260	93408	3217467	34.40
1960-1969	42	0.00304	0.00303	0.5	93278	283	93137	3124059	33.49
1960-1969	43	0.00333	0.00333	0.5	92995	309	92840	3030922	32.59
1960-1969	44	0.00375	0.00374	0.5	92686	347	92512	2938082	31.70
1960-1969	45	0.00406	0.00405	0.5	92339	374	92152	2845569	30.82
1960-1969	46	0.00444	0.00443	0.5	91965	408	91761	2753418	29.94
1960-1969	47	0.00486	0.00484	0.5	91557	444	91335	2661657	29.07
1960-1969	48	0.00522	0.00521	0.5	91114	474	90876	2570321	28.21
1960-1969	49	0.00579	0.00577	0.5	90639	523	90378	2479445	27.36
1960-1969	50	0.00648	0.00646	0.5	90116	582	89825	2389067	26.51
1960-1969	51	0.00711	0.00708	0.5	89534	634	89217	2299242	25.68
1960-1969	52	0.00793	0.00790	0.5	88900	702	88549	2210026	24.86
1960-1969	53	0.00841	0.00837	0.5	88198	738	87829	2121477	24.05
1960-1969	54	0.00926	0.00921	0.5	87459	806	87057	2033649	23.25
1960-1969	55	0.00989	0.00984	0.5	86654	853	86227	1946592	22.46
1960-1969	56	0.01091	0.01085	0.5	85801	931	85335	1860365	21.68
1960-1969	57	0.01193	0.01186	0.5	84869	1006	84366	1775030	20.91
1960-1969	58	0.01290	0.01282	0.5	83863	1075	83325	1690664	20.16
1960-1969	59	0.01400	0.01390	0.5	82788	1151	82212	1607339	19.42
1960-1969	60	0.01511	0.01499	0.5	81637	1224	81025	1525126	18.68
1960-1969	61	0.01655	0.01642	0.5	80413	1320	79753	1444102	17.96
1960-1969	62	0.01809	0.01793	0.5	79093	1418	78384	1364349	17.25
1960-1969	63	0.01925	0.01907	0.5	77675	1481	76934	1285965	16.56
1960-1969	64	0.02119	0.02096	0.5	76194	1597	75395	1209030	15.87
1960-1969	65	0.02330	0.02303	0.5	74597	1718	73738	1133635	15.20
1960-1969	66	0.02455	0.02425	0.5	72878	1767	71995	1059898	14.54
1960-1969	67	0.02718	0.02681	0.5	71111	1907	70158	987903	13.89
1960-1969	68	0.02940	0.02898	0.5	69205	2005	68202	917745	13.26
1960-1969	69	0.03150	0.03101	0.5	67199	2084	66157	849543	12.64
1960-1969	70	0.03475	0.03416	0.5	65116	2224	64004	783386	12.03
1960-1969	71	0.03751	0.03682	0.5	62892	2316	61734	719382	11.44
1960-1969	72	0.04211	0.04125	0.5	60576	2499	59327	657648	10.86
1960-1969	73	0.04557	0.04456	0.5	58077	2588	56783	598322	10.30
1960-1969	74	0.04996	0.04874	0.5	55489	2704	54137	541538	9.76
1960-1969	75	0.05534	0.05385	0.5	52785	2842	51364	487401	9.23
1960-1969	76	0.06000	0.05825	0.5	49943	2909	48488	436037	8.73
1960-1969	77	0.06457	0.06255	0.5	47034	2942	45563	387549	8.24
1960-1969	78	0.07185	0.06936	0.5	44092	3058	42563	341987	7.76
1960-1969	79	0.07927	0.07624	0.5	41033	3129	39469	299424	7.30
1960-1969	80	0.08753	0.08386	0.5	37905	3179	36316	259955	6.86
1960-1969	81	0.09442	0.09016	0.5	34726	3131	33161	223639	6.44
1960-1969	82	0.10650	0.10111	0.5	31595	3195	29998	190478	6.03
1960-1969	83	0.11819	0.11160	0.5	28401	3169	26816	160480	5.65
1960-1969	84	0.13057	0.12257	0.5	25231	3092	23685	133665	5.30
1960-1969	85	0.14311	0.13355	0.5	22139	2957	20660	109980	4.97
1960-1969	86	0.15724	0.14578	0.5	19182	2796	17784	89319	4.66
1960-1969	87	0.17236	0.15869	0.5	16386	2600	15086	71535	4.37
1960-1969	88	0.18518	0.16949	0.5	13785	2336	12617	56450	4.09
1960-1969	89	0.20451	0.18554	0.5	11449	2124	10387	43833	3.83
1960-1969	90	0.22685	0.20374	0.5	9325	1900	8375	33446	3.59
1960-1969	91	0.23976	0.21410	0.5	7425	1590	6630	25071	3.38
1960-1969	92	0.26222	0.23183	0.5	5835	1353	5159	18441	3.16
1960-1969	93	0.28451	0.24908	0.5	4483	1116	3924	13282	2.96
1960-1969	94	0.30968	0.26816	0.5	3366	903	2915	9357	2.78
1960-1969	95	0.33464	0.28667	0.5	2463	706	2110	6443	2.62
1960-1969	96	0.35985	0.30498	0.5	1757	536	1489	4332	2.47
1960-1969	97	0.38589	0.32347	0.5	1221	395	1024	2843	2.33
1960-1969	98	0.41263	0.34206	0.5	826	283	685	1819	2.20
1960-1969	99	0.43992	0.36060	0.5	544	196	446	1134	2.09
1960-1969	100	0.46762	0.37900	0.5	348	132	282	689	1.98
1960-1969	101	0.49554	0.39714	0.5	216	86	173	407	1.89
1960-1969	102	0.52352	0.41491	0.5	130	54	103	234	1.80
1960-1969	103	0.55138	0.43222	0.5	76	33	60	131	1.72
1960-1969	104	0.57894	0.44897	0.5	43	19	34	71	1.65
1960-1969	105	0.60603	0.46510	0.5	24	11	18	38	1.58
1960-1969	106	0.63251	0.48054	0.5	13	6	10	19	1.53
1960-1969	107	0.65823	0.49524	0.5	7	3	5	10	1.47
1960-1969	108	0.68307	0.50917	0.5	3	2	2	5	1.43
1960-1969	109	0.70691	0.52230	0.5	2	1	1	2	1.39
1960-1969	110+	0.72969	1.00000	1.37	1	1	1	1	1.37
1970-1979	0	0.01549	0.01527	0.09	100000	1527	98612	7345018	73.45
1970-1979	1	0.00104	0.00104	0.5	98473	102	98421	7246406	73.59
1970-1979	2	0.00070	0.00070	0.5	98370	69	98335	7147985	72.66
1970-1979	3	0.00056	0.00056	0.5	98301	55	98273	7049649	71.71
1970-1979	4	0.00048	0.00048	0.5	98246	47	98223	6951376	70.75
1970-1979	5	0.00043	0.00043	0.5	98199	42	98178	6853153	69.79
1970-1979	6	0.00038	0.00038	0.5	98157	37	98139	6754975	68.82
1970-1979	7	0.00036	0.00036	0.5	98120	36	98102	6656837	67.84
1970-1979	8	0.00032	0.00032	0.5	98084	31	98069	6558734	66.87
1970-1979	9	0.00033	0.00033	0.5	98053	32	98037	6460666	65.89
1970-1979	10	0.00030	0.00030	0.5	98021	30	98006	6362629	64.91
1970-1979	11	0.00031	0.00031	0.5	97991	31	97976	6264622	63.93
1970-1979	12	0.00033	0.00033	0.5	97961	32	97945	6166646	62.95
1970-1979	13	0.00041	0.00041	0.5	97929	40	97909	6068702	61.97
1970-1979	14	0.00051	0.00051	0.5	97889	50	97864	5970793	61.00
1970-1979	15	0.00067	0.00067	0.5	97839	66	97806	5872929	60.03
1970-1979	16	0.00096	0.00096	0.5	97773	94	97726	5775123	59.07
1970-1979	17	0.00107	0.00107	0.5	97679	105	97627	5677397	58.12
1970-1979	18	0.00134	0.00134	0.5	97574	130	97509	5579770	57.18
1970-1979	19	0.00136	0.00136	0.5	97444	133	97378	5482261	56.26
1970-1979	20	0.00133	0.00133	0.5	97311	129	97247	5384883	55.34
1970-1979	21	0.00135	0.00135	0.5	97182	131	97116	5287637	54.41
1970-1979	22	0.00127	0.00127	0.5	97051	123	96990	5190520	53.48
1970-1979	23	0.00127	0.00127	0.5	96928	123	96867	5093530	52.55
1970-1979	24	0.00121	0.00121	0.5	96806	117	96747	4996664	51.62
1970-1979	25	0.00116	0.00116	0.5	96688	112	96632	4899917	50.68
1970-1979	26	0.00111	0.00111	0.5	96576	107	96522	4803285	49.74
1970-1979	27	0.00112	0.00112	0.5	96469	108	96415	4706762	48.79
1970-1979	28	0.00113	0.00113	0.5	96361	109	96307	4610347	47.84
1970-1979	29	0.00113	0.00113	0.5	96252	108	96198	4514041	46.90
1970-1979	30	0.00120	0.00120	0.5	96144	115	96086	4417843	45.95
1970-1979	31	0.00116	0.00116	0.5	96029	112	95973	4321757	45.00
1970-1979	32	0.00127	0.00127	0.5	95917	122	95856	4225784	44.06
1970-1979	33	0.00132	0.00132	0.5	95795	126	95732	4129928	43.11
1970-1979	34	0.00139	0.00139	0.5	95669	133	95603	4034196	42.17
1970-1979	35	0.00151	0.00151	0.5	95536	145	95464	3938593	41.23
1970-1979	36	0.00165	0.00165	0.5	95391	158	95313	3843129	40.29
1970-1979	37	0.00171	0.00171	0.5	95234	163	95152	3747817	39.35
1970-1979	38	0.00193	0.00193	0.5	95071	184	94979	3652664	38.42
1970-1979	39	0.00205	0.00205	0.5	94887	194	94790	3557685	37.49
1970-1979	40	0.00221	0.00221	0.5	94693	209	94589	3462895	36.57
1970-1979	41	0.00250	0.00249	0.5	94484	236	94366	3368306	35.65
1970-1979	42	0.00278	0.00277	0.5	94248	261	94118	3273940	34.74
1970-1979	43	0.00303	0.00303	0.5	93987	284	93845	3179823	33.83
1970-1979	44	0.00333	0.00332	0.5	93702	311	93547	3085978	32.93
1970-1979	45	0.00361	0.00361	0.5	93391	337	93223	2992431	32.04
1970-1979	46	0.00401	0.00400	0.5	93054	372	92868	2899209	31.16
1970-1979	47	0.00446	0.00445	0.5	92682	413	92475	2806341	30.28
1970-1979	48	0.00476	0.00475	0.5	92269	438	92050	2713865	29.41
1970-1979	49	0.00530	0.00528	0.5	91831	485	91588	2621815	28.55
1970-1979	50	0.00569	0.00567	0.5	91346	518	91087	2530227	27.70
1970-1979	51	0.00620	0.00618	0.5	90828	561	90547	2439140	26.85
1970-1979	52	0.00678	0.00675	0.5	90266	610	89962	2348593	26.02
1970-1979	53	0.00740	0.00737	0.5	89657	661	89326	2258632	25.19
1970-1979	54	0.00820	0.00816	0.5	88996	726	88632	2169305	24.38
1970-1979	55	0.00881	0.00877	0.5	88269	774	87882	2080673	23.57
1970-1979	56	0.00971	0.00966	0.5	87495	846	87072	1992791	22.78
1970-1979	57	0.01063	0.01057	0.5	86649	916	86191	1905719	21.99
1970-1979	58	0.01160	0.01154	0.5	85733	989	85239	1819528	21.22
1970-1979	59	0.01266	0.01258	0.5	84744	1066	84211	1734289	20.46
1970-1979	60	0.01368	0.01359	0.5	83678	1137	83110	1650078	19.72
1970-1979	61	0.01501	0.01490	0.5	82541	1230	81927	1566968	18.98
1970-1979	62	0.01666	0.01652	0.5	81312	1343	80640	1485041	18.26
1970-1979	63	0.01797	0.01781	0.5	79969	1424	79257	1404401	17.56
1970-1979	64	0.01950	0.01932	0.5	78544	1517	77786	1325145	16.87
1970-1979	65	0.02128	0.02106	0.5	77027	1622	76216	1247359	16.19
1970-1979	66	0.02247	0.02222	0.5	75405	1675	74568	1171143	15.53
1970-1979	67	0.02502	0.02471	0.5	73730	1822	72819	1096575	14.87
1970-1979	68	0.02666	0.02631	0.5	71908	1892	70962	1023756	14.24
1970-1979	69	0.02887	0.02846	0.5	70016	1992	69020	952794	13.61
1970-1979	70	0.03096	0.03049	0.5	68024	2074	66987	883773	12.99
1970-1979	71	0.03390	0.03334	0.5	65950	2199	64851	816786	12.38
1970-1979	72	0.03723	0.03655	0.5	63752	2330	62586	751935	11.79
1970-1979	73	0.03994	0.03916	0.5	61421	2405	60219	689349	11.22
1970-1979	74	0.04387	0.04293	0.5	59016	2534	57750	629130	10.66
1970-1979	75	0.04810	0.04697	0.5	56483	2653	55156	571381	10.12
1970-1979	76	0.05283	0.05147	0.5	53830	2771	52444	516224	9.59
1970-1979	77	0.05760	0.05599	0.5	51059	2859	49630	463780	9.08
1970-1979	78	0.06285	0.06094	0.5	48201	2937	46732	414150	8.59
1970-1979	79	0.06901	0.06671	0.5	45263	3020	43754	367418	8.12
1970-1979	80	0.07529	0.07256	0.5	42244	3065	40711	323665	7.66
1970-1979	81	0.08176	0.07855	0.5	39179	3077	37640	282953	7.22
1970-1979	82	0.08989	0.08603	0.5	36101	3106	34549	245313	6.80
1970-1979	83	0.09903	0.09436	0.5	32996	3113	31439	210765	6.39
1970-1979	84	0.10933	0.10367	0.5	29882	3098	28333	179326	6.00
1970-1979	85	0.11893	0.11225	0.5	26784	3007	25281	150992	5.64
1970-1979	86	0.13213	0.12394	0.5	23778	2947	22304	125711	5.29
1970-1979	87	0.14400	0.13433	0.5	20831	2798	19432	103407	4.96
1970-1979	88	0.15822	0.14662	0.5	18033	2644	16711	83975	4.66
1970-1979	89	0.17099	0.15752	0.5	15389	2424	14177	67265	4.37
1970-1979	90	0.18910	0.17277	0.5	12964	2240	11845	53088	4.09
1970-1979	91	0.20280	0.18413	0.5	10725	1975	9737	41244	3.85
1970-1979	92	0.22140	0.19934	0.5	8750	1744	7878	31506	3.60
1970-1979	93	0.24637	0.21935	0.5	7006	1537	6237	23628	3.37
1970-1979	94	0.26146	0.23123	0.5	5469	1265	4837	17391	3.18
1970-1979	95	0.28421	0.24885	0.5	4204	1046	3681	12554	2.99
1970-1979	96	0.30682	0.26601	0.5	3158	840	2738	8873	2.81
1970-1979	97	0.33046	0.28360	0.5	2318	657	1989	6135	2.65
1970-1979	98	0.35506	0.30153	0.5	1661	501	1410	4145	2.50
1970-1979	99	0.38051	0.31969	0.5	1160	371	975	2735	2.36
1970-1979	100	0.40670	0.33797	0.5	789	267	656	1761	2.23
1970-1979	101	0.43349	0.35627	0.5	522	186	429	1105	2.11
1970-1979	102	0.46075	0.37448	0.5	336	126	273	675	2.01
1970-1979	103	0.48829	0.39247	0.5	210	83	169	402	1.91
1970-1979	104	0.51597	0.41016	0.5	128	52	102	233	1.82
1970-1979	105	0.54361	0.42743	0.5	75	32	59	131	1.74
1970-1979	106	0.57103	0.44420	0.5	43	19	34	72	1.67
1970-1979	107	0.59807	0.46040	0.5	24	11	18	39	1.61
1970-1979	108	0.62457	0.47594	0.5	13	6	10	20	1.55
1970-1979	109	0.65039	0.49079	0.5	7	3	5	10	1.51
1970-1979	110+	0.67539	1.00000	1.48	3	3	5	5	1.48
1980-1989	0	0.00988	0.00979	0.08	100000	979	99095	7591138	75.91
1980-1989	1	0.00082	0.00082	0.5	99021	82	98980	7492043	75.66
1980-1989	2	0.00051	0.00051	0.5	98940	50	98914	7393063	74.72
1980-1989	3	0.00039	0.00039	0.5	98889	39	98870	7294148	73.76
1980-1989	4	0.00033	0.00033	0.5	98851	32	98835	7195278	72.79
1980-1989	5	0.00028	0.00028	0.5	98818	28	98805	7096443	71.81
1980-1989	6	0.00027	0.00027	0.5	98791	27	98778	6997639	70.83
1980-1989	7	0.00021	0.00021	0.5	98764	21	98754	6898861	69.85
1980-1989	8	0.00022	0.00022	0.5	98743	21	98733	6800108	68.87
1980-1989	9	0.00022	0.00022	0.5	98722	21	98711	6701375	67.88
1980-1989	10	0.00020	0.00020	0.5	98701	20	98691	6602664	66.90
1980-1989	11	0.00021	0.00021	0.5	98680	21	98670	6503973	65.91
1980-1989	12	0.00025	0.00025	0.5	98659	25	98647	6405303	64.92
1980-1989	13	0.00029	0.00029	0.5	98635	29	98620	6306656	63.94
1980-1989	14	0.00039	0.00039	0.5	98606	38	98587	6208036	62.96
1980-1989	15	0.00050	0.00050	0.5	98568	49	98543	6109449	61.98
1980-1989	16	0.00075	0.00075	0.5	98519	74	98482	6010906	61.01
1980-1989	17	0.00086	0.00086	0.5	98445	85	98403	5912424	60.06
1980-1989	18	0.00108	0.00108	0.5	98360	106	98307	5814022	59.11
1980-1989	19	0.00107	0.00107	0.5	98254	105	98201	5715715	58.17
1980-1989	20	0.00104	0.00104	0.5	98149	102	98098	5617514	57.23
1980-1989	21	0.00107	0.00107	0.5	98047	105	97995	5519415	56.29
1980-1989	22	0.00099	0.00099	0.5	97943	97	97894	5421420	55.35
1980-1989	23	0.00099	0.00099	0.5	97846	97	97798	5323526	54.41
1980-1989	24	0.00098	0.00098	0.5	97749	96	97702	5225728	53.46
1980-1989	25	0.00093	0.00093	0.5	97654	91	97608	5128027	52.51
1980-1989	26	0.00094	0.00094	0.5	97563	92	97517	5030418	51.56
1980-1989	27	0.00098	0.00098	0.5	97471	96	97423	4932902	50.61
1980-1989	28	0.00102	0.00102	0.5	97375	99	97326	4835479	49.66
1980-1989	29	0.00097	0.00097	0.5	97276	94	97229	4738153	48.71
1980-1989	30	0.00097	0.00097	0.5	97182	94	97135	4640924	47.75
1980-1989	31	0.00103	0.00103	0.5	97088	100	97037	4543789	46.80
1980-1989	32	0.00103	0.00103	0.5	96987	100	96937	4446752	45.85
1980-1989	33	0.00107	0.00107	0.5	96887	104	96835	4349814	44.90
1980-1989	34	0.00107	0.00107	0.5	96783	103	96732	4252979	43.94
1980-1989	35	0.00121	0.00120	0.5	96680	116	96622	4156248	42.99
1980-1989	36	0.00125	0.00125	0.5	96563	121	96503	4059626	42.04
1980-1989	37	0.00134	0.00134	0.5	96443	129	96378	3963123	41.09
1980-1989	38	0.00156	0.00156	0.5	96314	150	96239	3866744	40.15
1980-1989	39	0.00152	0.00152	0.5	96164	146	96091	3770505	39.21
1980-1989	40	0.00170	0.00170	0.5	96018	164	95936	3674414	38.27
1980-1989	41	0.00183	0.00183	0.5	95855	175	95767	3578477	37.33
1980-1989	42	0.00208	0.00208	0.5	95679	199	95580	3482710	36.40
1980-1989	43	0.00224	0.00223	0.5	95481	213	95374	3387130	35.47
1980-1989	44	0.00243	0.00242	0.5	95268	231	95152	3291756	34.55
1980-1989	45	0.00268	0.00268	0.5	95037	255	94909	3196604	33.64
1980-1989	46	0.00303	0.00303	0.5	94782	287	94638	3101695	32.72
1980-1989	47	0.00330	0.00330	0.5	94495	312	94339	3007056	31.82
1980-1989	48	0.00386	0.00385	0.5	94183	363	94002	2912717	30.93
1980-1989	49	0.00402	0.00402	0.5	93820	377	93632	2818715	30.04
1980-1989	50	0.00457	0.00456	0.5	93444	426	93231	2725083	29.16
1980-1989	51	0.00514	0.00513	0.5	93017	477	92779	2631853	28.29
1980-1989	52	0.00565	0.00564	0.5	92540	521	92279	2539074	27.44
1980-1989	53	0.00610	0.00608	0.5	92018	559	91739	2446795	26.59
1980-1989	54	0.00672	0.00670	0.5	91459	613	91153	2355056	25.75
1980-1989	55	0.00748	0.00745	0.5	90846	677	90508	2263903	24.92
1980-1989	56	0.00827	0.00824	0.5	90169	743	89798	2173395	24.10
1980-1989	57	0.00879	0.00875	0.5	89426	783	89035	2083598	23.30
1980-1989	58	0.01018	0.01013	0.5	88644	898	88195	1994563	22.50
1980-1989	59	0.01077	0.01071	0.5	87746	940	87276	1906368	21.73
1980-1989	60	0.01139	0.01133	0.5	86806	983	86314	1819092	20.96
1980-1989	61	0.01292	0.01283	0.5	85822	1101	85271	1732779	20.19
1980-1989	62	0.01455	0.01444	0.5	84721	1224	84109	1647507	19.45
1980-1989	63	0.01534	0.01522	0.5	83497	1271	82862	1563398	18.72
1980-1989	64	0.01657	0.01644	0.5	82226	1351	81551	1480536	18.01
1980-1989	65	0.01812	0.01796	0.5	80875	1453	80149	1398986	17.30
1980-1989	66	0.01977	0.01958	0.5	79422	1555	78645	1318837	16.61
1980-1989	67	0.02106	0.02084	0.5	77868	1623	77056	1240192	15.93
1980-1989	68	0.02357	0.02329	0.5	76244	1776	75356	1163136	15.26
1980-1989	69	0.02519	0.02488	0.5	74469	1853	73542	1087780	14.61
1980-1989	70	0.02755	0.02717	0.5	72616	1973	71629	1014237	13.97
1980-1989	71	0.02954	0.02911	0.5	70643	2057	69615	942608	13.34
1980-1989	72	0.03312	0.03258	0.5	68586	2235	67469	872993	12.73
1980-1989	73	0.03613	0.03549	0.5	66351	2355	65174	805524	12.14
1980-1989	74	0.03853	0.03780	0.5	63997	2419	62787	740350	11.57
1980-1989	75	0.04167	0.04082	0.5	61578	2513	60321	677563	11.00
1980-1989	76	0.04533	0.04433	0.5	59064	2618	57755	617242	10.45
1980-1989	77	0.04901	0.04784	0.5	56446	2700	55096	559487	9.91
1980-1989	78	0.05283	0.05147	0.5	53746	2766	52363	504391	9.38
1980-1989	79	0.05924	0.05753	0.5	50979	2933	49513	452029	8.87
1980-1989	80	0.06492	0.06288	0.5	48046	3021	46536	402516	8.38
1980-1989	81	0.07103	0.06859	0.5	45025	3088	43481	355980	7.91
1980-1989	82	0.07760	0.07470	0.5	41937	3133	40371	312499	7.45
1980-1989	83	0.08513	0.08165	0.5	38804	3168	37220	272128	7.01
1980-1989	84	0.09273	0.08862	0.5	35636	3158	34057	234908	6.59
1980-1989	85	0.10291	0.09788	0.5	32478	3179	30888	200851	6.18
1980-1989	86	0.11361	0.10751	0.5	29299	3150	27724	169963	5.80
1980-1989	87	0.12479	0.11746	0.5	26149	3072	24613	142239	5.44
1980-1989	88	0.13658	0.12785	0.5	23077	2950	21602	117626	5.10
1980-1989	89	0.15009	0.13961	0.5	20127	2810	18722	96024	4.77
1980-1989	90	0.16521	0.15260	0.5	17317	2643	15996	77302	4.46
1980-1989	91	0.17970	0.16489	0.5	14674	2420	13465	61306	4.18
1980-1989	92	0.19862	0.18068	0.5	12255	2214	11148	47842	3.90
1980-1989	93	0.21857	0.19704	0.5	10041	1978	9051	36694	3.65
1980-1989	94	0.23854	0.21312	0.5	8062	1718	7203	27643	3.43
1980-1989	95	0.25639	0.22726	0.5	6344	1442	5623	20439	3.22
1980-1989	96	0.27831	0.24431	0.5	4902	1198	4303	14816	3.02
1980-1989	97	0.30143	0.26195	0.5	3705	970	3219	10513	2.84
1980-1989	98	0.32570	0.28009	0.5	2734	766	2351	7293	2.67
1980-1989	99	0.35102	0.29861	0.5	1968	588	1674	4942	2.51
1980-1989	100	0.37730	0.31742	0.5	1381	438	1161	3268	2.37
1980-1989	101	0.40442	0.33640	0.5	942	317	784	2106	2.24
1980-1989	102	0.43222	0.35541	0.5	625	222	514	1322	2.11
1980-1989	103	0.46053	0.37433	0.5	403	151	328	808	2.00
1980-1989	104	0.48918	0.39305	0.5	252	99	203	480	1.90
1980-1989	105	0.51798	0.41143	0.5	153	63	122	278	1.81
1980-1989	106	0.54674	0.42936	0.5	90	39	71	156	1.73
1980-1989	107	0.57525	0.44675	0.5	51	23	40	85	1.66
1980-1989	108	0.60333	0.46351	0.5	28	13	22	46	1.60
1980-1989	109	0.63080	0.47955	0.5	15	7	12	24	1.55
1980-1989	110+	0.65750	1.00000	1.52	8	8	12	12	1.52
1990-1999	0	0.00782	0.00777	0.07	100000	777	99278	7705104	77.05
1990-1999	1	0.00059	0.00059	0.5	99223	59	99194	7605826	76.65
1990-1999	2	0.00038	0.00038	0.5	99164	38	99145	7506632	75.70
1990-1999	3	0.00032	0.00032	0.5	99127	31	99111	7407487	74.73
1990-1999	4	0.00026	0.00026	0.5	99095	25	99083	7308376	73.75
1990-1999	5	0.00024	0.00024	0.5	99070	23	99058	7209293	72.77
1990-1999	6	0.00020	0.00020	0.5	99047	20	99037	7110235	71.79
1990-1999	7	0.00019	0.00019	0.5	99026	18	99017	7011198	70.80
1990-1999	8	0.00017	0.00017	0.5	99008	17	99000	6912181	69.81
1990-1999	9	0.00017	0.00017	0.5	98991	16	98983	6813181	68.83
1990-1999	10	0.00018	0.00018	0.5	98975	18	98966	6714198	67.84
1990-1999	11	0.00019	0.00019	0.5	98957	19	98947	6615233	66.85
1990-1999	12	0.00022	0.00022	0.5	98938	22	98927	6516285	65.86
1990-1999	13	0.00025	0.00025	0.5	98916	24	98904	6417359	64.88
1990-1999	14	0.00036	0.00036	0.5	98892	36	98874	6318455	63.89
1990-1999	15	0.00050	0.00050	0.5	98856	49	98832	6219581	62.92
1990-1999	16	0.00074	0.00074	0.5	98807	73	98771	6120749	61.95
1990-1999	17	0.00085	0.00085	0.5	98734	84	98692	6021979	60.99
1990-1999	18	0.00098	0.00098	0.5	98650	96	98602	5923286	60.04
1990-1999	19	0.00096	0.00096	0.5	98554	95	98506	5824684	59.10
1990-1999	20	0.00093	0.00093	0.5	98459	91	98413	5726178	58.16
1990-1999	21	0.00097	0.00097	0.5	98368	96	98320	5627765	57.21
1990-1999	22	0.00093	0.00093	0.5	98272	92	98226	5529445	56.27
1990-1999	23	0.00093	0.00092	0.5	98181	91	98135	5431218	55.32
1990-1999	24	0.00090	0.00090	0.5	98090	88	98046	5333083	54.37
1990-1999	25	0.00087	0.00087	0.5	98002	85	97959	5235037	53.42
1990-1999	26	0.00090	0.00090	0.5	97916	88	97872	5137078	52.46
1990-1999	27	0.00094	0.00094	0.5	97828	92	97783	5039206	51.51
1990-1999	28	0.00095	0.00095	0.5	97737	93	97690	4941423	50.56
1990-1999	29	0.00093	0.00093	0.5	97644	90	97598	4843733	49.61
1990-1999	30	0.00102	0.00102	0.5	97553	100	97503	4746135	48.65
1990-1999	31	0.00109	0.00109	0.5	97454	106	97400	4648631	47.70
1990-1999	32	0.00111	0.00111	0.5	97347	108	97293	4551231	46.75
1990-1999	33	0.00119	0.00119	0.5	97239	116	97181	4453938	45.80
1990-1999	34	0.00122	0.00121	0.5	97123	118	97064	4356757	44.86
1990-1999	35	0.00126	0.00126	0.5	97005	123	96944	4259693	43.91
1990-1999	36	0.00137	0.00137	0.5	96883	133	96816	4162749	42.97
1990-1999	37	0.00142	0.00142	0.5	96750	137	96681	4065933	42.03
1990-1999	38	0.00157	0.00157	0.5	96612	152	96537	3969251	41.08
1990-1999	39	0.00157	0.00156	0.5	96461	151	96385	3872715	40.15
1990-1999	40	0.00163	0.00163	0.5	96310	157	96231	3776330	39.21
1990-1999	41	0.00186	0.00186	0.5	96153	179	96063	3680098	38.27
1990-1999	42	0.00199	0.00199	0.5	95974	191	95878	3584035	37.34
1990-1999	43	0.00216	0.00215	0.5	95783	206	95680	3488157	36.42
1990-1999	44	0.00227	0.00227	0.5	95576	217	95468	3392477	35.49
1990-1999	45	0.00249	0.00249	0.5	95359	237	95241	3297009	34.57
1990-1999	46	0.00268	0.00268	0.5	95122	255	94995	3201769	33.66
1990-1999	47	0.00303	0.00302	0.5	94868	287	94724	3106773	32.75
1990-1999	48	0.00334	0.00333	0.5	94581	315	94423	3012049	31.85
1990-1999	49	0.00349	0.00348	0.5	94266	328	94102	2917626	30.95
1990-1999	50	0.00389	0.00389	0.5	93938	365	93755	2823524	30.06
1990-1999	51	0.00436	0.00435	0.5	93573	407	93369	2729769	29.17
1990-1999	52	0.00478	0.00477	0.5	93166	444	92944	2636399	28.30
1990-1999	53	0.00536	0.00534	0.5	92722	495	92474	2543456	27.43
1990-1999	54	0.00569	0.00568	0.5	92226	523	91964	2450982	26.58
1990-1999	55	0.00639	0.00636	0.5	91703	584	91411	2359017	25.72
1990-1999	56	0.00703	0.00701	0.5	91119	638	90800	2267607	24.89
1990-1999	57	0.00779	0.00776	0.5	90481	702	90130	2176807	24.06
1990-1999	58	0.00869	0.00865	0.5	89779	777	89390	2086677	23.24
1990-1999	59	0.00927	0.00922	0.5	89002	821	88591	1997287	22.44
1990-1999	60	0.01028	0.01023	0.5	88181	902	87730	1908696	21.65
1990-1999	61	0.01146	0.01139	0.5	87279	994	86782	1820966	20.86
1990-1999	62	0.01269	0.01261	0.5	86284	1088	85740	1734185	20.10
1990-1999	63	0.01380	0.01371	0.5	85196	1168	84612	1648444	19.35
1990-1999	64	0.01481	0.01470	0.5	84028	1235	83411	1563832	18.61
1990-1999	65	0.01625	0.01612	0.5	82793	1335	82126	1480421	17.88
1990-1999	66	0.01765	0.01750	0.5	81459	1426	80746	1398295	17.17
1990-1999	67	0.01913	0.01895	0.5	80033	1516	79275	1317549	16.46
1990-1999	68	0.02102	0.02080	0.5	78517	1633	77700	1238273	15.77
1990-1999	69	0.02319	0.02292	0.5	76884	1762	76003	1160573	15.10
1990-1999	70	0.02507	0.02476	0.5	75122	1860	74192	1084570	14.44
1990-1999	71	0.02754	0.02716	0.5	73262	1990	72267	1010379	13.79
1990-1999	72	0.02959	0.02916	0.5	71272	2078	70233	938112	13.16
1990-1999	73	0.03221	0.03170	0.5	69194	2193	68097	867879	12.54
1990-1999	74	0.03521	0.03460	0.5	67000	2318	65841	799782	11.94
1990-1999	75	0.03731	0.03662	0.5	64682	2369	63498	733941	11.35
1990-1999	76	0.04134	0.04050	0.5	62313	2524	61051	670443	10.76
1990-1999	77	0.04493	0.04394	0.5	59790	2627	58476	609392	10.19
1990-1999	78	0.04880	0.04764	0.5	57162	2723	55801	550916	9.64
1990-1999	79	0.05426	0.05282	0.5	54439	2876	53002	495115	9.09
1990-1999	80	0.06066	0.05888	0.5	51564	3036	50046	442114	8.57
1990-1999	81	0.06654	0.06440	0.5	48528	3125	46965	392068	8.08
1990-1999	82	0.07393	0.07129	0.5	45403	3237	43784	345103	7.60
1990-1999	83	0.08086	0.07771	0.5	42166	3277	40527	301318	7.15
1990-1999	84	0.08967	0.08582	0.5	38889	3337	37220	260791	6.71
1990-1999	85	0.09866	0.09402	0.5	35551	3343	33880	223571	6.29
1990-1999	86	0.10905	0.10341	0.5	32209	3331	30544	189691	5.89
1990-1999	87	0.11996	0.11317	0.5	28878	3268	27244	159147	5.51
1990-1999	88	0.13175	0.12360	0.5	25610	3165	24027	131903	5.15
1990-1999	89	0.14540	0.13555	0.5	22444	3042	20923	107876	4.81
1990-1999	90	0.16081	0.14884	0.5	19402	2888	17958	86953	4.48
1990-1999	91	0.17820	0.16362	0.5	16514	2702	15163	68994	4.18
1990-1999	92	0.19447	0.17724	0.5	13812	2448	12588	53831	3.90
1990-1999	93	0.21725	0.19596	0.5	11364	2227	10251	41243	3.63
1990-1999	94	0.24121	0.21525	0.5	9137	1967	8154	30992	3.39
1990-1999	95	0.25774	0.22831	0.5	7170	1637	6352	22839	3.19
1990-1999	96	0.28099	0.24638	0.5	5533	1363	4852	16487	2.98
1990-1999	97	0.30557	0.26507	0.5	4170	1105	3617	11635	2.79
1990-1999	98	0.33139	0.28428	0.5	3065	871	2629	8018	2.62
1990-1999	99	0.35835	0.30390	0.5	2193	667	1860	5389	2.46
1990-1999	100	0.38633	0.32378	0.5	1527	494	1280	3529	2.31
1990-1999	101	0.41516	0.34379	0.5	1032	355	855	2249	2.18
1990-1999	102	0.44467	0.36379	0.5	678	246	554	1394	2.06
1990-1999	103	0.47466	0.38362	0.5	431	165	348	840	1.95
1990-1999	104	0.50491	0.40314	0.5	266	107	212	491	1.85
1990-1999	105	0.53520	0.42222	0.5	159	67	125	279	1.76
1990-1999	106	0.56530	0.44073	0.5	92	40	71	154	1.68
1990-1999	107	0.59499	0.45857	0.5	51	23	39	82	1.61
1990-1999	108	0.62406	0.47565	0.5	28	13	21	43	1.55
1990-1999	109	0.65232	0.49189	0.5	15	7	11	22	1.50
1990-1999	110+	0.67959	1.00000	1.47	7	7	11	11	1.47
2000-2009	0	0.00653	0.00649	0.07	100000	649	99394	7827858	78.28
2000-2009	1	0.00049	0.00049	0.5	99351	49	99327	7728464	77.79
2000-2009	2	0.00030	0.00030	0.5	99302	30	99287	7629138	76.83
2000-2009	3	0.00025	0.00025	0.5	99272	25	99260	7529851	75.85
2000-2009	4	0.00018	0.00018	0.5	99247	18	99238	7430591	74.87
2000-2009	5	0.00017	0.00017	0.5	99229	17	99221	7331353	73.88
2000-2009	6	0.00015	0.00015	0.5	99212	15	99205	7232132	72.90
2000-2009	7	0.00015	0.00015	0.5	99197	15	99190	7132927	71.91
2000-2009	8	0.00014	0.00014	0.5	99183	14	99175	7033737	70.92
2000-2009	9	0.00013	0.00013	0.5	99168	13	99162	6934562	69.93
2000-2009	10	0.00015	0.00015	0.5	99156	15	99148	6835400	68.94
2000-2009	11	0.00015	0.00015	0.5	99141	15	99134	6736251	67.95
2000-2009	12	0.00015	0.00015	0.5	99126	15	99119	6637118	66.96
2000-2009	13	0.00022	0.00022	0.5	99111	21	99101	6537999	65.97
2000-2009	14	0.00027	0.00027	0.5	99090	27	99077	6438898	64.98
2000-2009	15	0.00039	0.00039	0.5	99063	38	99044	6339822	64.00
2000-2009	16	0.00057	0.00057	0.5	99025	56	98997	6240777	63.02
2000-2009	17	0.00065	0.00065	0.5	98969	64	98937	6141781	62.06
2000-2009	18	0.00081	0.00081	0.5	98905	80	98865	6042844	61.10
2000-2009	19	0.00081	0.00081	0.5	98825	80	98785	5943979	60.15
2000-2009	20	0.00082	0.00082	0.5	98745	81	98705	5845194	59.19
2000-2009	21	0.00090	0.00090	0.5	98664	89	98620	5746490	58.24
2000-2009	22	0.00085	0.00085	0.5	98576	84	98534	5647870	57.29
2000-2009	23	0.00087	0.00087	0.5	98492	86	98449	5549336	56.34
2000-2009	24	0.00089	0.00088	0.5	98406	87	98363	5450887	55.39
2000-2009	25	0.00085	0.00085	0.5	98319	83	98277	5352524	54.44
2000-2009	26	0.00086	0.00086	0.5	98236	85	98193	5254247	53.49
2000-2009	27	0.00089	0.00089	0.5	98151	87	98107	5156054	52.53
2000-2009	28	0.00091	0.00091	0.5	98064	89	98020	5057946	51.58
2000-2009	29	0.00091	0.00091	0.5	97975	89	97931	4959927	50.62
2000-2009	30	0.00089	0.00089	0.5	97886	87	97843	4861996	49.67
2000-2009	31	0.00095	0.00095	0.5	97799	93	97753	4764153	48.71
2000-2009	32	0.00098	0.00098	0.5	97706	95	97659	4666400	47.76
2000-2009	33	0.00105	0.00105	0.5	97611	102	97560	4568742	46.81
2000-2009	34	0.00112	0.00112	0.5	97509	109	97454	4471181	45.85
2000-2009	35	0.00118	0.00118	0.5	97400	115	97342	4373727	44.90
2000-2009	36	0.00122	0.00122	0.5	97285	118	97226	4276385	43.96
2000-2009	37	0.00139	0.00139	0.5	97167	135	97099	4179159	43.01
2000-2009	38	0.00145	0.00145	0.5	97032	141	96961	4082060	42.07
2000-2009	39	0.00153	0.00153	0.5	96891	148	96817	3985098	41.13
2000-2009	40	0.00171	0.00171	0.5	96743	166	96660	3888281	40.19
2000-2009	41	0.00189	0.00188	0.5	96577	182	96486	3791621	39.26
2000-2009	42	0.00199	0.00199	0.5	96395	192	96299	3695135	38.33
2000-2009	43	0.00219	0.00219	0.5	96203	211	96098	3598836	37.41
2000-2009	44	0.00240	0.00240	0.5	95993	230	95878	3502738	36.49
2000-2009	45	0.00259	0.00259	0.5	95763	248	95639	3406860	35.58
2000-2009	46	0.00284	0.00283	0.5	95515	270	95380	3311222	34.67
2000-2009	47	0.00308	0.00307	0.5	95245	293	95098	3215842	33.76
2000-2009	48	0.00333	0.00332	0.5	94952	315	94794	3120744	32.87
2000-2009	49	0.00354	0.00353	0.5	94637	334	94469	3025950	31.97
2000-2009	50	0.00386	0.00385	0.5	94302	363	94120	2931480	31.09
2000-2009	51	0.00419	0.00418	0.5	93939	392	93743	2837360	30.20
2000-2009	52	0.00450	0.00449	0.5	93546	420	93336	2743617	29.33
2000-2009	53	0.00488	0.00487	0.5	93127	453	92900	2650281	28.46
2000-2009	54	0.00524	0.00523	0.5	92673	485	92431	2557381	27.60
2000-2009	55	0.00569	0.00567	0.5	92189	523	91927	2464950	26.74
2000-2009	56	0.00608	0.00606	0.5	91666	555	91388	2373023	25.89
2000-2009	57	0.00674	0.00672	0.5	91110	612	90804	2281635	25.04
2000-2009	58	0.00726	0.00723	0.5	90498	655	90171	2190831	24.21
2000-2009	59	0.00796	0.00793	0.5	89843	712	89487	2100660	23.38
2000-2009	60	0.00888	0.00884	0.5	89131	788	88737	2011173	22.56
2000-2009	61	0.00954	0.00950	0.5	88343	839	87924	1922436	21.76
2000-2009	62	0.01053	0.01047	0.5	87504	916	87046	1834512	20.96
2000-2009	63	0.01159	0.01153	0.5	86588	998	86089	1747466	20.18
2000-2009	64	0.01281	0.01273	0.5	85590	1089	85045	1661377	19.41
2000-2009	65	0.01369	0.01359	0.5	84500	1149	83926	1576332	18.65
2000-2009	66	0.01496	0.01485	0.5	83352	1238	82733	1492406	17.90
2000-2009	67	0.01637	0.01624	0.5	82114	1333	81447	1409673	17.17
2000-2009	68	0.01797	0.01781	0.5	80781	1439	80061	1328226	16.44
2000-2009	69	0.01934	0.01916	0.5	79342	1520	78582	1248165	15.73
2000-2009	70	0.02132	0.02109	0.5	77822	1641	77001	1169583	15.03
2000-2009	71	0.02338	0.02311	0.5	76181	1760	75300	1092582	14.34
2000-2009	72	0.02574	0.02541	0.5	74420	1891	73475	1017281	13.67
2000-2009	73	0.02804	0.02765	0.5	72529	2005	71526	943807	13.01
2000-2009	74	0.03068	0.03021	0.5	70524	2131	69458	872280	12.37
2000-2009	75	0.03373	0.03317	0.5	68393	2268	67259	802822	11.74
2000-2009	76	0.03678	0.03612	0.5	66125	2388	64931	735563	11.12
2000-2009	77	0.04023	0.03944	0.5	63736	2514	62480	670632	10.52
2000-2009	78	0.04410	0.04314	0.5	61223	2641	59902	608153	9.93
2000-2009	79	0.04890	0.04774	0.5	58582	2796	57183	548250	9.36
2000-2009	80	0.05529	0.05380	0.5	55785	3001	54284	491067	8.80
2000-2009	81	0.06087	0.05907	0.5	52784	3118	51225	436783	8.27
2000-2009	82	0.06742	0.06522	0.5	49666	3239	48046	385558	7.76
2000-2009	83	0.07491	0.07220	0.5	46426	3352	44750	337512	7.27
2000-2009	84	0.08352	0.08017	0.5	43074	3453	41348	292762	6.80
2000-2009	85	0.09303	0.08890	0.5	39621	3522	37860	251414	6.35
2000-2009	86	0.10415	0.09899	0.5	36099	3573	34312	213554	5.92
2000-2009	87	0.11560	0.10928	0.5	32525	3554	30748	179242	5.51
2000-2009	88	0.12927	0.12142	0.5	28971	3518	27212	148494	5.13
2000-2009	89	0.14388	0.13422	0.5	25453	3416	23745	121282	4.76
2000-2009	90	0.15960	0.14781	0.5	22037	3257	20408	97537	4.43
2000-2009	91	0.17883	0.16415	0.5	18780	3083	17238	77129	4.11
2000-2009	92	0.19914	0.18111	0.5	15697	2843	14275	59891	3.82
2000-2009	93	0.22132	0.19927	0.5	12854	2561	11573	45616	3.55
2000-2009	94	0.24708	0.21991	0.5	10293	2263	9161	34042	3.31
2000-2009	95	0.26352	0.23284	0.5	8029	1869	7094	24882	3.10
2000-2009	96	0.28904	0.25254	0.5	6160	1556	5382	17787	2.89
2000-2009	97	0.31603	0.27291	0.5	4604	1256	3976	12406	2.69
2000-2009	98	0.34439	0.29380	0.5	3348	983	2856	8430	2.52
2000-2009	99	0.37395	0.31505	0.5	2364	745	1992	5574	2.36
2000-2009	100	0.40455	0.33649	0.5	1619	545	1347	3582	2.21
2000-2009	101	0.43598	0.35795	0.5	1074	385	882	2236	2.08
2000-2009	102	0.46799	0.37925	0.5	690	262	559	1353	1.96
2000-2009	103	0.50032	0.40021	0.5	428	171	343	794	1.86
2000-2009	104	0.53271	0.42066	0.5	257	108	203	452	1.76
2000-2009	105	0.56488	0.44047	0.5	149	66	116	249	1.67
2000-2009	106	0.59657	0.45950	0.5	83	38	64	133	1.60
2000-2009	107	0.62751	0.47765	0.5	45	21	34	69	1.53
2000-2009	108	0.65748	0.49482	0.5	24	12	18	35	1.47
2000-2009	109	0.68629	0.51096	0.5	12	6	9	17	1.43
2000-2009	110+	0.71376	1.00000	1.4	6	6	8	8	1.40
2010-2019	0	0.00568	0.00565	0.06	100000	565	99471	7893880	78.94
2010-2019	1	0.00041	0.00041	0.5	99435	41	99414	7794409	78.39
2010-2019	2	0.00026	0.00026	0.5	99394	26	99381	7694995	77.42
2010-2019	3	0.00018	0.00018	0.5	99368	18	99359	7595614	76.44
2010-2019	4	0.00017	0.00017	0.5	99349	16	99341	7496255	75.45
2010-2019	5	0.00014	0.00014	0.5	99333	14	99326	7396914	74.47
2010-2019	6	0.00013	0.00013	0.5	99319	13	99312	7297588	73.48
2010-2019	7	0.00012	0.00012	0.5	99306	12	99300	7198276	72.49
2010-2019	8	0.00012	0.00012	0.5	99294	12	99288	7098976	71.49
2010-2019	9	0.00012	0.00012	0.5	99282	12	99276	6999687	70.50
2010-2019	10	0.00012	0.00012	0.5	99270	12	99264	6900411	69.51
2010-2019	11	0.00014	0.00014	0.5	99258	13	99252	6801147	68.52
2010-2019	12	0.00015	0.00015	0.5	99245	14	99238	6701895	67.53
2010-2019	13	0.00018	0.00018	0.5	99231	18	99222	6602658	66.54
2010-2019	14	0.00023	0.00023	0.5	99213	23	99201	6503436	65.55
2010-2019	15	0.00031	0.00031	0.5	99190	31	99175	6404234	64.57
2010-2019	16	0.00045	0.00045	0.5	99159	44	99137	6305060	63.59
2010-2019	17	0.00052	0.00052	0.5	99115	51	99089	6205923	62.61
2010-2019	18	0.00066	0.00066	0.5	99064	65	99031	6106833	61.65
2010-2019	19	0.00071	0.00071	0.5	98998	70	98963	6007802	60.69
2010-2019	20	0.00072	0.00072	0.5	98928	72	98892	5908839	59.73
2010-2019	21	0.00082	0.00082	0.5	98856	81	98816	5809947	58.77
2010-2019	22	0.00088	0.00088	0.5	98776	87	98732	5711131	57.82
2010-2019	23	0.00090	0.00090	0.5	98688	89	98644	5612399	56.87
2010-2019	24	0.00096	0.00096	0.5	98599	95	98552	5513755	55.92
2010-2019	25	0.00096	0.00096	0.5	98504	95	98457	5415204	54.97
2010-2019	26	0.00100	0.00100	0.5	98410	98	98361	5316747	54.03
2010-2019	27	0.00101	0.00101	0.5	98311	100	98262	5218386	53.08
2010-2019	28	0.00106	0.00106	0.5	98212	104	98160	5120124	52.13
2010-2019	29	0.00107	0.00107	0.5	98108	105	98056	5021964	51.19
2010-2019	30	0.00115	0.00115	0.5	98003	112	97947	4923909	50.24
2010-2019	31	0.00113	0.00113	0.5	97891	111	97836	4825962	49.30
2010-2019	32	0.00118	0.00118	0.5	97780	115	97722	4728126	48.35
2010-2019	33	0.00117	0.00117	0.5	97665	114	97608	4630404	47.41
2010-2019	34	0.00128	0.00128	0.5	97550	125	97488	4532796	46.47
2010-2019	35	0.00135	0.00135	0.5	97425	131	97359	4435308	45.53
2010-2019	36	0.00142	0.00142	0.5	97294	138	97225	4337949	44.59
2010-2019	37	0.00154	0.00153	0.5	97155	149	97081	4240724	43.65
2010-2019	38	0.00154	0.00154	0.5	97006	149	96932	4143643	42.72
2010-2019	39	0.00167	0.00167	0.5	96857	162	96776	4046711	41.78
2010-2019	40	0.00176	0.00176	0.5	96696	170	96611	3949935	40.85
2010-2019	41	0.00185	0.00185	0.5	96526	178	96437	3853324	39.92
2010-2019	42	0.00201	0.00201	0.5	96348	194	96251	3756887	38.99
2010-2019	43	0.00208	0.00208	0.5	96154	200	96054	3660636	38.07
2010-2019	44	0.00229	0.00229	0.5	95954	220	95844	3564582	37.15
2010-2019	45	0.00250	0.00250	0.5	95734	239	95615	3468738	36.23
2010-2019	46	0.00271	0.00271	0.5	95495	259	95366	3373123	35.32
2010-2019	47	0.00297	0.00297	0.5	95237	283	95095	3277757	34.42
2010-2019	48	0.00327	0.00326	0.5	94954	310	94799	3182661	33.52
2010-2019	49	0.00363	0.00363	0.5	94644	343	94473	3087862	32.63
2010-2019	50	0.00392	0.00391	0.5	94301	369	94117	2993389	31.74
2010-2019	51	0.00424	0.00423	0.5	93932	397	93733	2899273	30.87
2010-2019	52	0.00469	0.00468	0.5	93535	437	93316	2805539	29.99
2010-2019	53	0.00501	0.00500	0.5	93097	465	92865	2712223	29.13
2010-2019	54	0.00545	0.00543	0.5	92632	503	92380	2619359	28.28
2010-2019	55	0.00585	0.00583	0.5	92129	538	91860	2526978	27.43
2010-2019	56	0.00642	0.00640	0.5	91591	586	91298	2435119	26.59
2010-2019	57	0.00687	0.00685	0.5	91005	623	90693	2343821	25.75
2010-2019	58	0.00737	0.00735	0.5	90382	664	90050	2253127	24.93
2010-2019	59	0.00797	0.00794	0.5	89718	712	89362	2163077	24.11
2010-2019	60	0.00855	0.00851	0.5	89006	758	88627	2073716	23.30
2010-2019	61	0.00920	0.00916	0.5	88248	808	87844	1985089	22.49
2010-2019	62	0.00987	0.00982	0.5	87440	859	87010	1897245	21.70
2010-2019	63	0.01079	0.01073	0.5	86581	929	86116	1810235	20.91
2010-2019	64	0.01159	0.01152	0.5	85652	987	85158	1724119	20.13
2010-2019	65	0.01235	0.01228	0.5	84665	1040	84145	1638961	19.36
2010-2019	66	0.01349	0.01340	0.5	83625	1120	83065	1554815	18.59
2010-2019	67	0.01450	0.01440	0.5	82505	1188	81911	1471750	17.84
2010-2019	68	0.01585	0.01573	0.5	81317	1279	80677	1389839	17.09
2010-2019	69	0.01743	0.01728	0.5	80038	1383	79346	1309162	16.36
2010-2019	70	0.01901	0.01883	0.5	78655	1481	77914	1229816	15.64
2010-2019	71	0.02085	0.02064	0.5	77174	1593	76377	1151901	14.93
2010-2019	72	0.02305	0.02279	0.5	75581	1723	74720	1075524	14.23
2010-2019	73	0.02484	0.02453	0.5	73858	1812	72952	1000804	13.55
2010-2019	74	0.02751	0.02714	0.5	72046	1955	71069	927852	12.88
2010-2019	75	0.03032	0.02987	0.5	70091	2093	69044	856783	12.22
2010-2019	76	0.03333	0.03279	0.5	67998	2229	66883	787738	11.58
2010-2019	77	0.03637	0.03572	0.5	65768	2349	64593	720856	10.96
2010-2019	78	0.04034	0.03955	0.5	63419	2508	62165	656262	10.35
2010-2019	79	0.04420	0.04324	0.5	60911	2634	59594	594097	9.75
2010-2019	80	0.04961	0.04841	0.5	58277	2821	56866	534504	9.17
2010-2019	81	0.05527	0.05378	0.5	55456	2982	53965	477637	8.61
2010-2019	82	0.06214	0.06027	0.5	52473	3162	50892	423673	8.07
2010-2019	83	0.06852	0.06625	0.5	49311	3267	47677	372781	7.56
2010-2019	84	0.07699	0.07413	0.5	46044	3413	44337	325103	7.06
2010-2019	85	0.08597	0.08243	0.5	42631	3514	40874	280766	6.59
2010-2019	86	0.09602	0.09162	0.5	39117	3584	37325	239893	6.13
2010-2019	87	0.10895	0.10332	0.5	35533	3671	33697	202568	5.70
2010-2019	88	0.12085	0.11397	0.5	31862	3631	30046	168871	5.30
2010-2019	89	0.13515	0.12660	0.5	28230	3574	26443	138825	4.92
2010-2019	90	0.15376	0.14279	0.5	24656	3521	22896	112381	4.56
2010-2019	91	0.16942	0.15619	0.5	21136	3301	19485	89485	4.23
2010-2019	92	0.19130	0.17460	0.5	17835	3114	16278	70000	3.92
2010-2019	93	0.21249	0.19208	0.5	14721	2828	13307	53722	3.65
2010-2019	94	0.23680	0.21173	0.5	11893	2518	10634	40415	3.40
2010-2019	95	0.25376	0.22519	0.5	9375	2111	8320	29781	3.18
2010-2019	96	0.27936	0.24512	0.5	7264	1781	6374	21461	2.95
2010-2019	97	0.30652	0.26578	0.5	5483	1457	4755	15088	2.75
2010-2019	98	0.33513	0.28703	0.5	4026	1156	3448	10333	2.57
2010-2019	99	0.36505	0.30871	0.5	2870	886	2427	6885	2.40
2010-2019	100	0.39610	0.33062	0.5	1984	656	1656	4457	2.25
2010-2019	101	0.42805	0.35259	0.5	1328	468	1094	2801	2.11
2010-2019	102	0.46067	0.37442	0.5	860	322	699	1707	1.99
2010-2019	103	0.49367	0.39594	0.5	538	213	431	1008	1.87
2010-2019	104	0.52677	0.41695	0.5	325	135	257	577	1.77
2010-2019	105	0.55968	0.43730	0.5	189	83	148	319	1.69
2010-2019	106	0.59212	0.45686	0.5	107	49	82	171	1.61
2010-2019	107	0.62381	0.47550	0.5	58	28	44	89	1.54
2010-2019	108	0.65452	0.49313	0.5	30	15	23	45	1.48
2010-2019	109	0.68402	0.50970	0.5	15	8	11	22	1.43
2010-2019	110+	0.71214	1.00000	1.4	8	8	11	11	1.40
2020-2022	0	0.00533	0.00531	0.06	100000	531	99503	7714920	77.15
2020-2022	1	0.00042	0.00042	0.5	99469	42	99449	7615417	76.56
2020-2022	2	0.00028	0.00028	0.5	99428	28	99414	7515969	75.59
2020-2022	3	0.00022	0.00022	0.5	99400	22	99389	7416555	74.61
2020-2022	4	0.00017	0.00017	0.5	99378	17	99370	7317166	73.63
2020-2022	5	0.00014	0.00014	0.5	99361	14	99355	7217796	72.64
2020-2022	6	0.00015	0.00015	0.5	99348	14	99341	7118442	71.65
2020-2022	7	0.00013	0.00013	0.5	99333	12	99327	7019101	70.66
2020-2022	8	0.00011	0.00011	0.5	99321	11	99315	6919774	69.67
2020-2022	9	0.00012	0.00012	0.5	99310	12	99304	6820458	68.68
2020-2022	10	0.00012	0.00012	0.5	99298	12	99292	6721154	67.69
2020-2022	11	0.00013	0.00013	0.5	99286	13	99280	6621862	66.69
2020-2022	12	0.00015	0.00015	0.5	99273	15	99266	6522582	65.70
2020-2022	13	0.00020	0.00020	0.5	99258	19	99249	6423316	64.71
2020-2022	14	0.00029	0.00029	0.5	99239	29	99225	6324068	63.73
2020-2022	15	0.00040	0.00040	0.5	99210	39	99191	6224843	62.74
2020-2022	16	0.00049	0.00049	0.5	99171	48	99147	6125652	61.77
2020-2022	17	0.00065	0.00065	0.5	99123	64	99091	6026505	60.80
2020-2022	18	0.00081	0.00081	0.5	99059	80	99019	5927414	59.84
2020-2022	19	0.00089	0.00089	0.5	98979	88	98934	5828396	58.89
2020-2022	20	0.00090	0.00090	0.5	98890	89	98846	5729461	57.94
2020-2022	21	0.00102	0.00102	0.5	98802	101	98751	5630615	56.99
2020-2022	22	0.00107	0.00107	0.5	98701	106	98648	5531864	56.05
2020-2022	23	0.00111	0.00111	0.5	98595	109	98541	5433216	55.11
2020-2022	24	0.00116	0.00116	0.5	98486	114	98429	5334676	54.17
2020-2022	25	0.00133	0.00133	0.5	98372	131	98306	5236247	53.23
2020-2022	26	0.00127	0.00126	0.5	98241	124	98179	5137940	52.30
2020-2022	27	0.00140	0.00140	0.5	98117	137	98048	5039761	51.36
2020-2022	28	0.00151	0.00151	0.5	97979	148	97906	4941713	50.44
2020-2022	29	0.00159	0.00159	0.5	97832	155	97754	4843807	49.51
2020-2022	30	0.00170	0.00170	0.5	97676	166	97594	4746053	48.59
2020-2022	31	0.00179	0.00178	0.5	97511	174	97424	4648460	47.67
2020-2022	32	0.00180	0.00180	0.5	97337	175	97249	4551036	46.76
2020-2022	33	0.00191	0.00191	0.5	97162	185	97069	4453787	45.84
2020-2022	34	0.00192	0.00192	0.5	96976	186	96884	4356717	44.93
2020-2022	35	0.00190	0.00190	0.5	96791	184	96699	4259834	44.01
2020-2022	36	0.00205	0.00205	0.5	96607	198	96508	4163135	43.09
2020-2022	37	0.00223	0.00223	0.5	96409	215	96301	4066627	42.18
2020-2022	38	0.00228	0.00227	0.5	96194	219	96085	3970326	41.27
2020-2022	39	0.00229	0.00229	0.5	95975	220	95865	3874241	40.37
2020-2022	40	0.00247	0.00247	0.5	95756	236	95637	3778376	39.46
2020-2022	41	0.00255	0.00254	0.5	95519	243	95398	3682739	38.55
2020-2022	42	0.00275	0.00275	0.5	95276	262	95146	3587341	37.65
2020-2022	43	0.00298	0.00297	0.5	95015	282	94873	3492195	36.75
2020-2022	44	0.00311	0.00310	0.5	94732	294	94585	3397322	35.86
2020-2022	45	0.00322	0.00321	0.5	94438	304	94287	3302736	34.97
2020-2022	46	0.00347	0.00347	0.5	94135	326	93972	3208450	34.08
2020-2022	47	0.00371	0.00370	0.5	93809	347	93635	3114478	33.20
2020-2022	48	0.00400	0.00399	0.5	93461	373	93274	3020843	32.32
2020-2022	49	0.00437	0.00436	0.5	93088	406	92885	2927569	31.45
2020-2022	50	0.00467	0.00466	0.5	92682	432	92466	2834684	30.58
2020-2022	51	0.00497	0.00496	0.5	92250	457	92022	2742217	29.73
2020-2022	52	0.00532	0.00530	0.5	91793	487	91550	2650196	28.87
2020-2022	53	0.00589	0.00588	0.5	91306	537	91038	2558646	28.02
2020-2022	54	0.00636	0.00634	0.5	90770	575	90482	2467608	27.19
2020-2022	55	0.00695	0.00692	0.5	90195	624	89882	2377126	26.36
2020-2022	56	0.00759	0.00756	0.5	89570	677	89232	2287244	25.54
2020-2022	57	0.00803	0.00800	0.5	88893	711	88537	2198012	24.73
2020-2022	58	0.00876	0.00872	0.5	88182	769	87797	2109475	23.92
2020-2022	59	0.00958	0.00954	0.5	87412	834	86996	2021678	23.13
2020-2022	60	0.01035	0.01029	0.5	86579	891	86133	1934682	22.35
2020-2022	61	0.01101	0.01095	0.5	85688	938	85219	1848549	21.57
2020-2022	62	0.01210	0.01202	0.5	84750	1019	84240	1763330	20.81
2020-2022	63	0.01262	0.01254	0.5	83731	1050	83206	1679090	20.05
2020-2022	64	0.01381	0.01372	0.5	82681	1134	82113	1595884	19.30
2020-2022	65	0.01484	0.01473	0.5	81546	1201	80946	1513771	18.56
2020-2022	66	0.01583	0.01571	0.5	80345	1262	79714	1432825	17.83
2020-2022	67	0.01645	0.01632	0.5	79083	1291	78438	1353111	17.11
2020-2022	68	0.01784	0.01768	0.5	77793	1375	77105	1274673	16.39
2020-2022	69	0.01895	0.01877	0.5	76417	1434	75700	1197568	15.67
2020-2022	70	0.02111	0.02089	0.5	74983	1566	74200	1121867	14.96
2020-2022	71	0.02278	0.02253	0.5	73417	1654	72590	1047667	14.27
2020-2022	72	0.02507	0.02476	0.5	71763	1777	70875	975078	13.59
2020-2022	73	0.02766	0.02728	0.5	69986	1909	69031	904203	12.92
2020-2022	74	0.03029	0.02984	0.5	68077	2031	67061	835172	12.27
2020-2022	75	0.03338	0.03283	0.5	66045	2168	64961	768111	11.63
2020-2022	76	0.03633	0.03568	0.5	63877	2279	62738	703149	11.01
2020-2022	77	0.04189	0.04103	0.5	61598	2527	60334	640412	10.40
2020-2022	78	0.04710	0.04601	0.5	59071	2718	57712	580078	9.82
2020-2022	79	0.05069	0.04944	0.5	56353	2786	54960	522366	9.27
2020-2022	80	0.05589	0.05437	0.5	53567	2913	52110	467406	8.73
2020-2022	81	0.06231	0.06043	0.5	50654	3061	49124	415296	8.20
2020-2022	82	0.06896	0.06666	0.5	47593	3173	46007	366172	7.69
2020-2022	83	0.07553	0.07278	0.5	44421	3233	42804	320165	7.21
2020-2022	84	0.08471	0.08127	0.5	41188	3347	39514	277361	6.73
2020-2022	85	0.09236	0.08829	0.5	37840	3341	36170	237847	6.29
2020-2022	86	0.10418	0.09902	0.5	34500	3416	32791	201677	5.85
2020-2022	87	0.11705	0.11058	0.5	31083	3437	29365	168886	5.43
2020-2022	88	0.13137	0.12327	0.5	27646	3408	25942	139521	5.05
2020-2022	89	0.14653	0.13653	0.5	24238	3309	22584	113579	4.69
2020-2022	90	0.16287	0.15060	0.5	20929	3152	19353	90995	4.35
2020-2022	91	0.18308	0.16773	0.5	17777	2982	16286	71642	4.03
2020-2022	92	0.20547	0.18633	0.5	14795	2757	13417	55356	3.74
2020-2022	93	0.22781	0.20451	0.5	12039	2462	10808	41939	3.48
2020-2022	94	0.25413	0.22548	0.5	9577	2159	8497	31131	3.25
2020-2022	95	0.26883	0.23697	0.5	7417	1758	6538	22634	3.05
2020-2022	96	0.29477	0.25690	0.5	5660	1454	4933	16096	2.84
2020-2022	97	0.32213	0.27744	0.5	4206	1167	3622	11163	2.65
2020-2022	98	0.35080	0.29845	0.5	3039	907	2585	7541	2.48
2020-2022	99	0.38063	0.31977	0.5	2132	682	1791	4956	2.32
2020-2022	100	0.41141	0.34122	0.5	1450	495	1203	3165	2.18
2020-2022	101	0.44294	0.36263	0.5	955	346	782	1962	2.05
2020-2022	102	0.47498	0.38383	0.5	609	234	492	1180	1.94
2020-2022	103	0.50727	0.40464	0.5	375	152	299	688	1.83
2020-2022	104	0.53954	0.42491	0.5	223	95	176	389	1.74
2020-2022	105	0.57152	0.44450	0.5	128	57	100	213	1.66
2020-2022	106	0.60295	0.46328	0.5	71	33	55	113	1.58
2020-2022	107	0.63359	0.48116	0.5	38	18	29	58	1.52
2020-2022	108	0.66322	0.49806	0.5	20	10	15	29	1.46
2020-2022	109	0.69166	0.51393	0.5	10	5	7	14	1.42
2020-2022	110+	0.71874	1.00000	1.39	5	5	7	7	1.39
