Div3: Div3, Lifetables (period 5x5), Both sexes Last modified: February 4 2025, MPv5 (May07) 

Year     	Age	mx	qx	ax	lx	dx	Lx	Tx	ex
1941-1944	0	0.03804	0.03685	0.15	100000	3685	96882	6570334	65.70
1941-1944	1-4	0.00215	0.00855	1.57	96315	823	383259	6473452	67.21
1941-1944	5-9	0.00099	0.00492	2.37	95492	470	476222	6090193	63.78
1941-1944	10-14	0.00089	0.00443	2.62	95022	421	474108	5613971	59.08
1941-1944	15-19	0.00141	0.00705	2.63	94601	667	471425	5139863	54.33
1941-1944	20-24	0.00175	0.00869	2.56	93934	816	467674	4668438	49.70
1941-1944	25-29	0.00201	0.01002	2.57	93117	933	463317	4200764	45.11
1941-1944	30-34	0.00262	0.01302	2.62	92184	1200	458058	3737447	40.54
1941-1944	35-39	0.00365	0.01811	2.63	90983	1647	451017	3279389	36.04
1941-1944	40-44	0.00520	0.02569	2.65	89336	2295	441279	2828372	31.66
1941-1944	45-49	0.00792	0.03889	2.63	87041	3385	427196	2387093	27.42
1941-1944	50-54	0.01164	0.05663	2.64	83656	4737	407085	1959896	23.43
1941-1944	55-59	0.01709	0.08211	2.61	78919	6480	379080	1552812	19.68
1941-1944	60-64	0.02508	0.11833	2.62	72439	8572	341816	1173731	16.20
1941-1944	65-69	0.03740	0.17154	2.59	63867	10955	292917	831915	13.03
1941-1944	70-74	0.05825	0.25485	2.55	52912	13485	231507	538998	10.19
1941-1944	75-79	0.08880	0.36324	2.5	39427	14321	161286	307491	7.80
1941-1944	80-84	0.13684	0.50447	2.4	25106	12665	92550	146205	5.82
1941-1944	85-89	0.20378	0.65387	2.26	12441	8135	39919	53655	4.31
1941-1944	90-94	0.29404	0.78066	2	4306	3362	11432	13737	3.19
1941-1944	95-99	0.39812	0.87932	1.83	944	830	2086	2305	2.44
1941-1944	100-104	0.51553	0.93706	1.6	114	107	207	218	1.92
1941-1944	105-109	0.63211	0.96714	1.41	7	7	11	11	1.58
1941-1944	110+	0.72195	1.00000	1.39	0	0	0	0	1.39
1945-1949	0	0.03208	0.03122	0.14	100000	3122	97307	6745473	67.45
1945-1949	1-4	0.00146	0.00582	1.59	96878	564	386155	6648166	68.62
1945-1949	5-9	0.00073	0.00366	2.39	96314	353	480650	6262011	65.02
1945-1949	10-14	0.00071	0.00353	2.66	95962	339	479014	5781361	60.25
1945-1949	15-19	0.00118	0.00588	2.66	95623	562	476797	5302347	55.45
1945-1949	20-24	0.00150	0.00747	2.53	95060	710	473547	4825550	50.76
1945-1949	25-29	0.00160	0.00799	2.56	94350	754	469907	4352003	46.13
1945-1949	30-34	0.00206	0.01026	2.62	93596	960	465699	3882095	41.48
1945-1949	35-39	0.00301	0.01496	2.66	92636	1386	459938	3416397	36.88
1945-1949	40-44	0.00465	0.02299	2.66	91250	2098	451348	2956459	32.40
1945-1949	45-49	0.00707	0.03476	2.67	89152	3099	438540	2505112	28.10
1945-1949	50-54	0.01104	0.05381	2.63	86054	4630	419290	2066571	24.01
1945-1949	55-59	0.01617	0.07786	2.63	81423	6340	392089	1647281	20.23
1945-1949	60-64	0.02363	0.11181	2.6	75084	8395	355235	1255193	16.72
1945-1949	65-69	0.03552	0.16364	2.6	66689	10913	307232	899957	13.49
1945-1949	70-74	0.05344	0.23654	2.57	55776	13193	246868	592725	10.63
1945-1949	75-79	0.08505	0.35069	2.5	42583	14933	175589	345857	8.12
1945-1949	80-84	0.12530	0.47360	2.42	27649	13095	104512	170268	6.16
1945-1949	85-89	0.19383	0.63437	2.28	14555	9233	47633	65755	4.52
1945-1949	90-94	0.27062	0.75406	2.06	5322	4013	14828	18122	3.41
1945-1949	95-99	0.38457	0.87037	1.86	1309	1139	2962	3294	2.52
1945-1949	100-104	0.50505	0.93358	1.62	170	158	314	332	1.95
1945-1949	105-109	0.62602	0.96618	1.42	11	11	17	18	1.59
1945-1949	110+	0.71957	1.00000	1.39	0	0	1	1	1.39
1950-1954	0	0.02678	0.02616	0.12	100000	2616	97705	6899337	68.99
1950-1954	1-4	0.00119	0.00475	1.62	97384	462	388434	6801632	69.84
1950-1954	5-9	0.00057	0.00284	2.35	96921	275	483878	6413199	66.17
1950-1954	10-14	0.00055	0.00276	2.7	96646	267	482619	5929320	61.35
1950-1954	15-19	0.00103	0.00512	2.68	96379	494	480753	5446702	56.51
1950-1954	20-24	0.00126	0.00630	2.52	95886	604	477933	4965949	51.79
1950-1954	25-29	0.00137	0.00684	2.54	95282	652	474810	4488016	47.10
1950-1954	30-34	0.00170	0.00848	2.63	94630	802	471252	4013206	42.41
1950-1954	35-39	0.00252	0.01251	2.67	93828	1174	466401	3541954	37.75
1950-1954	40-44	0.00401	0.01986	2.69	92654	1840	459016	3075552	33.19
1950-1954	45-49	0.00647	0.03186	2.67	90815	2894	447329	2616536	28.81
1950-1954	50-54	0.00989	0.04832	2.66	87921	4248	429648	2169207	24.67
1950-1954	55-59	0.01505	0.07263	2.62	83673	6077	403880	1739559	20.79
1950-1954	60-64	0.02240	0.10637	2.63	77596	8254	368410	1335679	17.21
1950-1954	65-69	0.03359	0.15537	2.59	69342	10774	320758	967269	13.95
1950-1954	70-74	0.05094	0.22662	2.57	58569	13273	260565	646511	11.04
1950-1954	75-79	0.07706	0.32343	2.52	45296	14650	190118	385946	8.52
1950-1954	80-84	0.11968	0.45782	2.43	30646	14030	117234	195828	6.39
1950-1954	85-89	0.18007	0.60583	2.3	16615	10066	55902	78594	4.73
1950-1954	90-94	0.26755	0.75467	2.11	6549	4943	18473	22692	3.46
1950-1954	95-99	0.36695	0.85699	1.89	1607	1377	3752	4219	2.63
1950-1954	100-104	0.48507	0.92568	1.66	230	213	438	467	2.03
1950-1954	105-109	0.60594	0.96212	1.45	17	16	27	28	1.64
1950-1954	110+	0.70075	1.00000	1.43	1	1	1	1	1.43
1955-1959	0	0.02518	0.02463	0.12	100000	2463	97828	6980921	69.81
1955-1959	1-4	0.00099	0.00394	1.58	97537	385	389217	6883093	70.57
1955-1959	5-9	0.00048	0.00241	2.36	97152	234	485142	6493876	66.84
1955-1959	10-14	0.00046	0.00231	2.67	96918	224	484067	6008734	62.00
1955-1959	15-19	0.00093	0.00465	2.72	96694	450	482442	5524667	57.14
1955-1959	20-24	0.00116	0.00579	2.52	96244	558	479837	5042225	52.39
1955-1959	25-29	0.00121	0.00605	2.53	95686	579	477003	4562388	47.68
1955-1959	30-34	0.00152	0.00759	2.62	95107	722	473816	4085385	42.96
1955-1959	35-39	0.00223	0.01111	2.68	94385	1049	469487	3611569	38.26
1955-1959	40-44	0.00359	0.01782	2.69	93336	1663	462830	3142081	33.66
1955-1959	45-49	0.00583	0.02878	2.69	91672	2638	452272	2679251	29.23
1955-1959	50-54	0.00932	0.04560	2.65	89034	4060	435627	2226979	25.01
1955-1959	55-59	0.01392	0.06738	2.65	84974	5726	411413	1791352	21.08
1955-1959	60-64	0.02137	0.10170	2.63	79248	8059	377100	1379940	17.41
1955-1959	65-69	0.03304	0.15305	2.6	71189	10895	329799	1002839	14.09
1955-1959	70-74	0.04892	0.21865	2.57	60293	13183	269453	673041	11.16
1955-1959	75-79	0.07713	0.32386	2.53	47111	15257	197800	403587	8.57
1955-1959	80-84	0.11684	0.44994	2.45	31853	14332	122666	205787	6.46
1955-1959	85-89	0.18046	0.60740	2.31	17521	10642	58972	83121	4.74
1955-1959	90-94	0.26219	0.74647	2.12	6879	5135	19584	24149	3.51
1955-1959	95-99	0.36805	0.85814	1.89	1744	1497	4066	4565	2.62
1955-1959	100-104	0.48882	0.92743	1.65	247	229	469	499	2.02
1955-1959	105-109	0.61222	0.96355	1.44	18	17	28	29	1.63
1955-1959	110+	0.70864	1.00000	1.41	1	1	1	1	1.41
1960-1964	0	0.02374	0.02325	0.11	100000	2325	97941	7031570	70.32
1960-1964	1-4	0.00089	0.00357	1.62	97675	349	389872	6933629	70.99
1960-1964	5-9	0.00043	0.00213	2.29	97326	207	486071	6543757	67.24
1960-1964	10-14	0.00041	0.00204	2.68	97119	198	485138	6057687	62.37
1960-1964	15-19	0.00085	0.00425	2.76	96921	412	483682	5572549	57.50
1960-1964	20-24	0.00115	0.00573	2.5	96509	553	481164	5088866	52.73
1960-1964	25-29	0.00116	0.00577	2.54	95956	554	478416	4607703	48.02
1960-1964	30-34	0.00147	0.00734	2.62	95402	700	475348	4129287	43.28
1960-1964	35-39	0.00219	0.01088	2.66	94702	1030	471105	3653939	38.58
1960-1964	40-44	0.00343	0.01703	2.67	93672	1595	464649	3182834	33.98
1960-1964	45-49	0.00557	0.02751	2.68	92077	2533	454520	2718185	29.52
1960-1964	50-54	0.00909	0.04448	2.65	89544	3983	438380	2263664	25.28
1960-1964	55-59	0.01376	0.06664	2.64	85561	5702	414375	1825284	21.33
1960-1964	60-64	0.02073	0.09878	2.62	79859	7889	380509	1410910	17.67
1960-1964	65-69	0.03157	0.14668	2.59	71970	10557	334440	1030400	14.32
1960-1964	70-74	0.04831	0.21626	2.58	61413	13281	274900	695960	11.33
1960-1964	75-79	0.07255	0.30742	2.52	48132	14797	203944	421060	8.75
1960-1964	80-84	0.11489	0.44468	2.46	33335	14824	129022	217116	6.51
1960-1964	85-89	0.17901	0.60361	2.3	18512	11174	62420	88094	4.76
1960-1964	90-94	0.26265	0.74711	2.11	7338	5482	20873	25674	3.50
1960-1964	95-99	0.37256	0.86197	1.88	1856	1600	4293	4802	2.59
1960-1964	100-104	0.49673	0.93081	1.64	256	238	480	508	1.98
1960-1964	105-109	0.62278	0.96578	1.43	18	17	27	28	1.60
1960-1964	110+	0.72047	1.00000	1.39	1	1	1	1	1.39
1965-1969	0	0.02222	0.02179	0.11	100000	2179	98060	7031564	70.32
1965-1969	1-4	0.00084	0.00334	1.65	97821	327	390516	6933503	70.88
1965-1969	5-9	0.00042	0.00212	2.29	97494	207	486909	6542987	67.11
1965-1969	10-14	0.00039	0.00196	2.71	97287	191	485998	6056078	62.25
1965-1969	15-19	0.00104	0.00521	2.87	97096	506	484402	5570080	57.37
1965-1969	20-24	0.00128	0.00640	2.5	96590	619	481404	5085678	52.65
1965-1969	25-29	0.00131	0.00654	2.53	95972	627	478309	4604274	47.98
1965-1969	30-34	0.00161	0.00801	2.62	95344	764	474902	4125965	43.27
1965-1969	35-39	0.00233	0.01160	2.67	94581	1097	470350	3651063	38.60
1965-1969	40-44	0.00364	0.01807	2.67	93483	1689	463475	3180714	34.02
1965-1969	45-49	0.00571	0.02815	2.66	91794	2584	452933	2717239	29.60
1965-1969	50-54	0.00900	0.04409	2.67	89210	3933	436866	2264307	25.38
1965-1969	55-59	0.01380	0.06681	2.64	85276	5697	412954	1827441	21.43
1965-1969	60-64	0.02105	0.10022	2.61	79579	7975	378869	1414486	17.77
1965-1969	65-69	0.03114	0.14485	2.59	71603	10372	333061	1035617	14.46
1965-1969	70-74	0.04721	0.21185	2.58	61232	12972	274786	702556	11.47
1965-1969	75-79	0.07213	0.30597	2.52	48260	14766	204702	427769	8.86
1965-1969	80-84	0.11146	0.43426	2.46	33494	14545	130494	223067	6.66
1965-1969	85-89	0.17223	0.58883	2.31	18949	11158	64783	92573	4.89
1965-1969	90-94	0.25722	0.74108	2.14	7791	5774	22447	27790	3.57
1965-1969	95-99	0.36302	0.85446	1.9	2017	1724	4748	5343	2.65
1965-1969	100-104	0.48612	0.92657	1.66	294	272	560	595	2.03
1965-1969	105-109	0.61245	0.96374	1.44	22	21	34	35	1.62
1965-1969	110+	0.71111	1.00000	1.41	1	1	1	1	1.41
1970-1974	0	0.01880	0.01849	0.1	100000	1849	98337	7119180	71.19
1970-1974	1-4	0.00075	0.00301	1.68	98151	295	391919	7020843	71.53
1970-1974	5-9	0.00039	0.00193	2.32	97856	189	488775	6628924	67.74
1970-1974	10-14	0.00038	0.00191	2.72	97667	186	487913	6140149	62.87
1970-1974	15-19	0.00105	0.00523	2.85	97481	510	486311	5652236	57.98
1970-1974	20-24	0.00140	0.00700	2.51	96971	679	483167	5165925	53.27
1970-1974	25-29	0.00132	0.00660	2.51	96293	635	479881	4682758	48.63
1970-1974	30-34	0.00154	0.00768	2.61	95658	735	476528	4202877	43.94
1970-1974	35-39	0.00223	0.01111	2.66	94923	1054	472143	3726348	39.26
1970-1974	40-44	0.00346	0.01717	2.68	93868	1612	465605	3254205	34.67
1970-1974	45-49	0.00554	0.02734	2.66	92256	2523	455369	2788600	30.23
1970-1974	50-54	0.00834	0.04090	2.66	89734	3670	440065	2333231	26.00
1970-1974	55-59	0.01300	0.06309	2.65	86063	5429	417537	1893166	22.00
1970-1974	60-64	0.01982	0.09466	2.63	80634	7633	385070	1475629	18.30
1970-1974	65-69	0.02963	0.13831	2.59	73001	10097	340717	1090560	14.94
1970-1974	70-74	0.04423	0.19973	2.58	62905	12564	284076	749843	11.92
1970-1974	75-79	0.06822	0.29196	2.53	50341	14697	215443	465767	9.25
1970-1974	80-84	0.10330	0.40976	2.48	35643	14605	141389	250323	7.02
1970-1974	85-89	0.15962	0.56040	2.34	21038	11790	73859	108934	5.18
1970-1974	90-94	0.23913	0.71330	2.17	9248	6597	27586	35075	3.79
1970-1974	95-99	0.33773	0.83253	1.96	2651	2207	6536	7489	2.82
1970-1974	100-104	0.45736	0.91375	1.71	444	406	887	952	2.14
1970-1974	105-109	0.58388	0.95745	1.49	38	37	63	65	1.70
1970-1974	110+	0.68487	1.00000	1.46	2	2	2	2	1.46
1975-1979	0	0.01485	0.01466	0.09	100000	1466	98666	7295055	72.95
1975-1979	1-4	0.00065	0.00258	1.68	98534	254	393547	7196389	73.03
1975-1979	5-9	0.00032	0.00162	2.34	98280	159	490978	6802842	69.22
1975-1979	10-14	0.00033	0.00164	2.77	98121	161	490247	6311864	64.33
1975-1979	15-19	0.00098	0.00488	2.87	97960	478	488785	5821617	59.43
1975-1979	20-24	0.00131	0.00654	2.49	97482	637	485809	5332832	54.71
1975-1979	25-29	0.00123	0.00616	2.49	96845	596	482726	4847023	50.05
1975-1979	30-34	0.00133	0.00665	2.58	96249	640	479694	4364297	45.34
1975-1979	35-39	0.00186	0.00928	2.65	95609	887	475958	3884604	40.63
1975-1979	40-44	0.00294	0.01460	2.69	94721	1383	470405	3408646	35.99
1975-1979	45-49	0.00475	0.02348	2.68	93338	2192	461597	2938241	31.48
1975-1979	50-54	0.00753	0.03698	2.65	91146	3370	447827	2476644	27.17
1975-1979	55-59	0.01144	0.05569	2.65	87776	4888	427391	2028817	23.11
1975-1979	60-64	0.01783	0.08556	2.63	82888	7092	397664	1601426	19.32
1975-1979	65-69	0.02656	0.12485	2.61	75796	9463	356344	1203762	15.88
1975-1979	70-74	0.03925	0.17931	2.59	66333	11894	302992	847417	12.78
1975-1979	75-79	0.05941	0.25928	2.55	54439	14115	237609	544425	10.00
1975-1979	80-84	0.09153	0.37235	2.5	40324	15015	164036	306816	7.61
1975-1979	85-89	0.14165	0.51689	2.39	25309	13082	92353	142780	5.64
1975-1979	90-94	0.21505	0.67378	2.23	12227	8238	38309	50427	4.12
1975-1979	95-99	0.31054	0.80565	2.01	3989	3214	10348	12118	3.04
1975-1979	100-104	0.42756	0.89831	1.77	775	696	1629	1770	2.28
1975-1979	105-109	0.55506	0.95010	1.54	79	75	135	141	1.79
1975-1979	110+	0.65879	1.00000	1.52	4	4	6	6	1.52
1980-1984	0	0.01209	0.01195	0.08	100000	1195	98902	7419354	74.19
1980-1984	1-4	0.00054	0.00217	1.64	98805	214	394713	7320452	74.09
1980-1984	5-9	0.00027	0.00133	2.38	98590	131	492608	6925739	70.25
1980-1984	10-14	0.00028	0.00138	2.76	98459	136	491992	6433131	65.34
1980-1984	15-19	0.00080	0.00399	2.87	98324	392	490783	5941139	60.42
1980-1984	20-24	0.00108	0.00537	2.53	97931	526	488355	5450356	55.65
1980-1984	25-29	0.00112	0.00557	2.52	97405	543	485679	4962001	50.94
1980-1984	30-34	0.00125	0.00622	2.58	96862	603	482850	4476322	46.21
1980-1984	35-39	0.00164	0.00816	2.67	96259	786	479465	3993472	41.49
1980-1984	40-44	0.00250	0.01245	2.67	95474	1189	474599	3514007	36.81
1980-1984	45-49	0.00417	0.02067	2.7	94285	1948	466935	3039408	32.24
1980-1984	50-54	0.00678	0.03337	2.66	92336	3082	454484	2572473	27.86
1980-1984	55-59	0.01066	0.05200	2.65	89255	4641	435376	2117990	23.73
1980-1984	60-64	0.01647	0.07925	2.64	84614	6706	407231	1682614	19.89
1980-1984	65-69	0.02473	0.11679	2.62	77908	9099	367878	1275383	16.37
1980-1984	70-74	0.03727	0.17094	2.58	68809	11762	315580	907505	13.19
1980-1984	75-79	0.05574	0.24517	2.55	57047	13986	250927	591925	10.38
1980-1984	80-84	0.08603	0.35427	2.51	43061	15255	177331	340998	7.92
1980-1984	85-89	0.13345	0.49554	2.4	27806	13779	103247	163667	5.89
1980-1984	90-94	0.20313	0.65276	2.26	14027	9156	45074	60420	4.31
1980-1984	95-99	0.29762	0.79145	2.04	4871	3855	12952	15346	3.15
1980-1984	100-104	0.41307	0.88983	1.8	1016	904	2188	2393	2.36
1980-1984	105-109	0.54067	0.94595	1.56	112	106	196	205	1.83
1980-1984	110+	0.64542	1.00000	1.55	6	6	9	9	1.55
1985-1989	0	0.01086	0.01076	0.08	100000	1076	99009	7482571	74.83
1985-1989	1-4	0.00049	0.00197	1.64	98924	195	395239	7383562	74.64
1985-1989	5-9	0.00023	0.00117	2.4	98730	116	493348	6988323	70.78
1985-1989	10-14	0.00027	0.00134	2.81	98614	132	492781	6494976	65.86
1985-1989	15-19	0.00080	0.00400	2.8	98482	394	491543	6002195	60.95
1985-1989	20-24	0.00102	0.00509	2.51	98088	499	489193	5510651	56.18
1985-1989	25-29	0.00108	0.00539	2.53	97588	526	486644	5021459	51.46
1985-1989	30-34	0.00129	0.00641	2.59	97062	622	483808	4534815	46.72
1985-1989	35-39	0.00167	0.00831	2.6	96440	802	480276	4051007	42.01
1985-1989	40-44	0.00235	0.01170	2.66	95638	1119	475571	3570731	37.34
1985-1989	45-49	0.00372	0.01844	2.68	94519	1743	468549	3095160	32.75
1985-1989	50-54	0.00621	0.03059	2.68	92776	2838	457294	2626610	28.31
1985-1989	55-59	0.00989	0.04834	2.67	89938	4348	439544	2169316	24.12
1985-1989	60-64	0.01578	0.07605	2.63	85590	6509	412549	1729772	20.21
1985-1989	65-69	0.02347	0.11112	2.61	79082	8787	374364	1317223	16.66
1985-1989	70-74	0.03595	0.16546	2.6	70294	11631	323550	942859	13.41
1985-1989	75-79	0.05338	0.23623	2.57	58663	13858	259586	619309	10.56
1985-1989	80-84	0.08340	0.34528	2.51	44805	15471	185502	359723	8.03
1985-1989	85-89	0.13071	0.48858	2.42	29335	14332	109653	174222	5.94
1985-1989	90-94	0.20242	0.65108	2.26	15002	9768	48253	64568	4.30
1985-1989	95-99	0.30090	0.79574	2.04	5235	4165	13843	16315	3.12
1985-1989	100-104	0.42147	0.89534	1.79	1069	957	2271	2472	2.31
1985-1989	105-109	0.55414	0.95017	1.54	112	106	192	200	1.79
1985-1989	110+	0.66230	1.00000	1.51	6	6	8	8	1.51
1990-1994	0	0.00989	0.00980	0.08	100000	980	99094	7556763	75.57
1990-1994	1-4	0.00045	0.00180	1.62	99020	179	395653	7457669	75.32
1990-1994	5-9	0.00021	0.00103	2.36	98841	102	493937	7062016	71.45
1990-1994	10-14	0.00025	0.00124	2.91	98739	123	493440	6568079	66.52
1990-1994	15-19	0.00084	0.00420	2.81	98617	414	492178	6074638	61.60
1990-1994	20-24	0.00100	0.00499	2.48	98203	490	489778	5582461	56.85
1990-1994	25-29	0.00107	0.00533	2.57	97712	521	487293	5092682	52.12
1990-1994	30-34	0.00133	0.00665	2.58	97191	647	484387	4605390	47.38
1990-1994	35-39	0.00172	0.00857	2.59	96544	827	480730	4121002	42.69
1990-1994	40-44	0.00237	0.01178	2.63	95717	1128	475909	3640272	38.03
1990-1994	45-49	0.00352	0.01747	2.67	94590	1652	469097	3164363	33.45
1990-1994	50-54	0.00559	0.02760	2.67	92937	2565	458719	2695266	29.00
1990-1994	55-59	0.00900	0.04406	2.67	90372	3981	442578	2236547	24.75
1990-1994	60-64	0.01433	0.06932	2.64	86391	5988	417847	1793969	20.77
1990-1994	65-69	0.02231	0.10592	2.63	80402	8516	381804	1376121	17.12
1990-1994	70-74	0.03336	0.15442	2.6	71886	11101	332750	994317	13.83
1990-1994	75-79	0.05003	0.22297	2.56	60786	13553	270903	661567	10.88
1990-1994	80-84	0.07953	0.33214	2.52	47232	15688	197258	390664	8.27
1990-1994	85-89	0.12459	0.47174	2.43	31544	14881	119439	193407	6.13
1990-1994	90-94	0.19429	0.63578	2.28	16664	10594	54527	73968	4.44
1990-1994	95-99	0.29123	0.78478	2.06	6069	4763	16355	19441	3.20
1990-1994	100-104	0.41151	0.88951	1.81	1306	1162	2824	3086	2.36
1990-1994	105-109	0.54524	0.94771	1.56	144	137	251	262	1.82
1990-1994	110+	0.65489	1.00000	1.53	8	8	12	12	1.53
1995-1999	0	0.00844	0.00838	0.07	100000	838	99222	7620732	76.21
1995-1999	1-4	0.00037	0.00150	1.62	99162	149	396295	7521510	75.85
1995-1999	5-9	0.00018	0.00091	2.35	99013	91	494827	7125215	71.96
1995-1999	10-14	0.00022	0.00108	2.85	98923	107	494385	6630387	67.03
1995-1999	15-19	0.00072	0.00361	2.82	98816	356	493305	6136003	62.10
1995-1999	20-24	0.00095	0.00472	2.5	98460	464	491138	5642698	57.31
1995-1999	25-29	0.00094	0.00471	2.52	97996	461	488836	5151561	52.57
1995-1999	30-34	0.00117	0.00583	2.63	97534	569	486321	4662725	47.81
1995-1999	35-39	0.00160	0.00798	2.63	96966	773	482994	4176403	43.07
1995-1999	40-44	0.00233	0.01161	2.65	96192	1116	478334	3693409	38.40
1995-1999	45-49	0.00343	0.01703	2.65	95076	1620	471579	3215076	33.82
1995-1999	50-54	0.00517	0.02555	2.68	93456	2387	461750	2743496	29.36
1995-1999	55-59	0.00829	0.04068	2.67	91069	3704	446695	2281746	25.06
1995-1999	60-64	0.01345	0.06517	2.66	87365	5694	423478	1835051	21.00
1995-1999	65-69	0.02101	0.10007	2.63	81671	8173	388993	1411573	17.28
1995-1999	70-74	0.03220	0.14942	2.59	73498	10982	341040	1022580	13.91
1995-1999	75-79	0.04859	0.21746	2.59	62516	13595	279798	681540	10.90
1995-1999	80-84	0.07893	0.33026	2.53	48921	16157	204690	401741	8.21
1995-1999	85-89	0.12676	0.47830	2.44	32765	15671	123630	197051	6.01
1995-1999	90-94	0.20190	0.65102	2.27	17093	11128	55118	73421	4.30
1995-1999	95-99	0.30566	0.80203	2.04	5965	4784	15652	18302	3.07
1995-1999	100-104	0.43490	0.90367	1.77	1181	1067	2454	2650	2.24
1995-1999	105-109	0.57568	0.95625	1.51	114	109	189	196	1.72
1995-1999	110+	0.68868	1.00000	1.45	5	5	7	7	1.45
2000-2004	0	0.00786	0.00780	0.07	100000	780	99275	7689043	76.89
2000-2004	1-4	0.00031	0.00124	1.59	99220	123	396583	7589768	76.49
2000-2004	5-9	0.00015	0.00074	2.41	99097	73	495294	7193185	72.59
2000-2004	10-14	0.00018	0.00092	2.78	99023	92	494914	6697891	67.64
2000-2004	15-19	0.00063	0.00316	2.88	98932	313	493995	6202977	62.70
2000-2004	20-24	0.00092	0.00459	2.54	98619	453	491980	5708981	57.89
2000-2004	25-29	0.00091	0.00455	2.52	98166	447	489724	5217002	53.14
2000-2004	30-34	0.00108	0.00539	2.57	97719	527	487318	4727278	48.38
2000-2004	35-39	0.00150	0.00746	2.68	97192	725	484279	4239960	43.62
2000-2004	40-44	0.00230	0.01143	2.66	96468	1102	479754	3755681	38.93
2000-2004	45-49	0.00351	0.01739	2.64	95365	1659	472918	3275928	34.35
2000-2004	50-54	0.00510	0.02521	2.64	93706	2363	462967	2803010	29.91
2000-2004	55-59	0.00774	0.03800	2.68	91344	3471	448656	2340043	25.62
2000-2004	60-64	0.01229	0.05972	2.66	87873	5248	427098	1891387	21.52
2000-2004	65-69	0.01901	0.09097	2.63	82625	7517	395310	1464289	17.72
2000-2004	70-74	0.02950	0.13777	2.61	75109	10348	350811	1068979	14.23
2000-2004	75-79	0.04598	0.20696	2.59	64761	13403	291491	718168	11.09
2000-2004	80-84	0.07549	0.31853	2.55	51358	16359	216715	426677	8.31
2000-2004	85-89	0.12551	0.47570	2.46	34999	16649	132648	209962	6.00
2000-2004	90-94	0.20616	0.66026	2.28	18350	12116	58770	77314	4.21
2000-2004	95-99	0.31634	0.81423	2.02	6234	5076	16046	18544	2.97
2000-2004	100-104	0.45377	0.91390	1.73	1158	1058	2333	2498	2.16
2000-2004	105-109	0.60053	0.96222	1.47	100	96	160	165	1.66
2000-2004	110+	0.71577	1.00000	1.4	4	4	5	5	1.40
2005-2009	0	0.00758	0.00753	0.07	100000	753	99299	7774303	77.74
2005-2009	1-4	0.00028	0.00113	1.55	99247	112	396713	7675004	77.33
2005-2009	5-9	0.00013	0.00067	2.43	99135	66	495505	7278291	73.42
2005-2009	10-14	0.00016	0.00080	2.81	99069	79	495170	6782786	68.47
2005-2009	15-19	0.00056	0.00282	2.94	98989	279	494372	6287616	63.52
2005-2009	20-24	0.00089	0.00445	2.56	98711	440	492478	5793244	58.69
2005-2009	25-29	0.00099	0.00496	2.54	98271	488	490154	5300765	53.94
2005-2009	30-34	0.00111	0.00556	2.55	97783	543	487587	4810611	49.20
2005-2009	35-39	0.00145	0.00722	2.63	97240	702	484533	4323024	44.46
2005-2009	40-44	0.00220	0.01094	2.68	96538	1056	480240	3838490	39.76
2005-2009	45-49	0.00341	0.01689	2.66	95482	1613	473639	3358250	35.17
2005-2009	50-54	0.00511	0.02523	2.63	93870	2368	463739	2884611	30.73
2005-2009	55-59	0.00733	0.03603	2.63	91501	3297	449688	2420873	26.46
2005-2009	60-64	0.01117	0.05440	2.66	88204	4799	429771	1971185	22.35
2005-2009	65-69	0.01694	0.08145	2.63	83406	6794	400931	1541414	18.48
2005-2009	70-74	0.02636	0.12405	2.63	76612	9504	360513	1140483	14.89
2005-2009	75-79	0.04136	0.18815	2.6	67108	12626	305273	779970	11.62
2005-2009	80-84	0.06882	0.29467	2.56	54482	16054	233288	474698	8.71
2005-2009	85-89	0.11622	0.44931	2.48	38428	17266	148560	241409	6.28
2005-2009	90-94	0.19540	0.64009	2.31	21162	13546	69322	92849	4.39
2005-2009	95-99	0.30229	0.79957	2.05	7616	6090	20145	23527	3.09
2005-2009	100-104	0.44057	0.90759	1.76	1527	1385	3145	3382	2.22
2005-2009	105-109	0.59053	0.96020	1.49	141	135	229	237	1.68
2005-2009	110+	0.70917	1.00000	1.41	6	6	8	8	1.41
2010-2014	0	0.00685	0.00681	0.07	100000	681	99365	7825889	78.26
2010-2014	1-4	0.00025	0.00101	1.61	99319	101	397035	7726525	77.80
2010-2014	5-9	0.00011	0.00057	2.38	99218	56	495944	7329489	73.87
2010-2014	10-14	0.00014	0.00070	2.74	99162	70	495652	6833545	68.91
2010-2014	15-19	0.00049	0.00245	2.97	99092	243	494968	6337893	63.96
2010-2014	20-24	0.00089	0.00442	2.61	98850	437	493201	5842926	59.11
2010-2014	25-29	0.00105	0.00523	2.54	98412	515	490797	5349724	54.36
2010-2014	30-34	0.00121	0.00601	2.56	97898	589	488051	4858927	49.63
2010-2014	35-39	0.00147	0.00733	2.58	97309	714	484819	4370877	44.92
2010-2014	40-44	0.00207	0.01032	2.64	96595	996	480625	3886058	40.23
2010-2014	45-49	0.00322	0.01598	2.68	95599	1528	474455	3405433	35.62
2010-2014	50-54	0.00504	0.02491	2.66	94071	2344	464861	2930979	31.16
2010-2014	55-59	0.00739	0.03631	2.63	91727	3331	450727	2466117	26.89
2010-2014	60-64	0.01060	0.05169	2.64	88396	4569	431211	2015390	22.80
2010-2014	65-69	0.01582	0.07629	2.65	83827	6395	404106	1584179	18.90
2010-2014	70-74	0.02468	0.11657	2.62	77432	9026	365670	1180073	15.24
2010-2014	75-79	0.03890	0.17790	2.6	68406	12169	312873	814403	11.91
2010-2014	80-84	0.06590	0.28406	2.57	56236	15975	242419	501530	8.92
2010-2014	85-89	0.11143	0.43539	2.49	40262	17530	157322	259111	6.44
2010-2014	90-94	0.18999	0.62918	2.32	22732	14303	75279	101789	4.48
2010-2014	95-99	0.29587	0.79240	2.07	8430	6680	22577	26510	3.14
2010-2014	100-104	0.43370	0.90400	1.77	1750	1582	3648	3933	2.25
2010-2014	105-109	0.58409	0.95875	1.5	168	161	276	286	1.70
2010-2014	110+	0.70361	1.00000	1.42	7	7	10	10	1.42
2015-2019	0	0.00658	0.00654	0.07	100000	654	99390	7796609	77.97
2015-2019	1-4	0.00025	0.00101	1.62	99346	101	397145	7697219	77.48
2015-2019	5-9	0.00012	0.00058	2.43	99246	58	496080	7300075	73.56
2015-2019	10-14	0.00016	0.00081	2.83	99188	80	495766	6803995	68.60
2015-2019	15-19	0.00052	0.00262	2.94	99108	259	495005	6308229	63.65
2015-2019	20-24	0.00098	0.00487	2.65	98849	482	493110	5813224	58.81
2015-2019	25-29	0.00133	0.00661	2.58	98367	650	490262	5320114	54.08
2015-2019	30-34	0.00160	0.00795	2.58	97717	776	486707	4829852	49.43
2015-2019	35-39	0.00187	0.00930	2.56	96940	902	482502	4343145	44.80
2015-2019	40-44	0.00234	0.01164	2.61	96039	1118	477527	3860643	40.20
2015-2019	45-49	0.00332	0.01646	2.64	94921	1562	470913	3383116	35.64
2015-2019	50-54	0.00503	0.02487	2.67	93359	2322	461376	2912203	31.19
2015-2019	55-59	0.00761	0.03740	2.64	91037	3404	447155	2450827	26.92
2015-2019	60-64	0.01096	0.05340	2.62	87633	4679	427020	2003672	22.86
2015-2019	65-69	0.01567	0.07551	2.62	82953	6264	399847	1576652	19.01
2015-2019	70-74	0.02397	0.11341	2.63	76689	8698	362852	1176806	15.35
2015-2019	75-79	0.03824	0.17519	2.61	67992	11912	311497	813954	11.97
2015-2019	80-84	0.06526	0.28187	2.58	56080	15807	242208	502457	8.96
2015-2019	85-89	0.11058	0.43318	2.5	40273	17445	157758	260249	6.46
2015-2019	90-94	0.18879	0.62706	2.32	22828	14314	75821	102490	4.49
2015-2019	95-99	0.29712	0.79400	2.07	8513	6760	22750	26669	3.13
2015-2019	100-104	0.43639	0.90555	1.77	1754	1588	3639	3919	2.23
2015-2019	105-109	0.58789	0.95968	1.49	166	159	270	280	1.69
2015-2019	110+	0.70786	1.00000	1.41	7	7	9	9	1.41
2020-2022	0	0.00628	0.00624	0.07	100000	624	99417	7631182	76.31
2020-2022	1-4	0.00027	0.00106	1.6	99376	106	397248	7531765	75.79
2020-2022	5-9	0.00013	0.00064	2.4	99270	63	496184	7134516	71.87
2020-2022	10-14	0.00017	0.00087	2.94	99206	86	495855	6638332	66.91
2020-2022	15-19	0.00059	0.00296	3	99121	293	495016	6142477	61.97
2020-2022	20-24	0.00110	0.00548	2.65	98827	541	492863	5647461	57.14
2020-2022	25-29	0.00156	0.00777	2.63	98286	764	489616	5154598	52.44
2020-2022	30-34	0.00204	0.01014	2.58	97522	989	485216	4664982	47.84
2020-2022	35-39	0.00243	0.01206	2.56	96533	1164	479827	4179767	43.30
2020-2022	40-44	0.00302	0.01499	2.58	95369	1430	473392	3699939	38.80
2020-2022	45-49	0.00408	0.02023	2.63	93939	1900	465201	3226547	34.35
2020-2022	50-54	0.00586	0.02891	2.62	92039	2661	453869	2761346	30.00
2020-2022	55-59	0.00871	0.04268	2.64	89378	3815	437892	2307477	25.82
2020-2022	60-64	0.01292	0.06268	2.62	85563	5363	415051	1869584	21.85
2020-2022	65-69	0.01803	0.08641	2.59	80200	6930	384319	1454534	18.14
2020-2022	70-74	0.02682	0.12605	2.62	73270	9236	344363	1070214	14.61
2020-2022	75-79	0.04319	0.19587	2.63	64034	12543	290417	725851	11.34
2020-2022	80-84	0.07174	0.30556	2.58	51492	15734	219329	435434	8.46
2020-2022	85-89	0.12268	0.46788	2.46	35758	16730	136373	216106	6.04
2020-2022	90-94	0.20668	0.66205	2.29	19027	12597	60949	79732	4.19
2020-2022	95-99	0.32259	0.82134	2.01	6430	5281	16372	18784	2.92
2020-2022	100-104	0.46691	0.92053	1.71	1149	1058	2265	2412	2.10
2020-2022	105-109	0.61874	0.96610	1.44	91	88	143	147	1.61
2020-2022	110+	0.73572	1.00000	1.36	3	3	4	4	1.36
