Div3: Div3, Lifetables (period 1x10), Females Last modified: February 4 2025, MPv5 (May07) 

Year     	Age	mx	qx	ax	lx	dx	Lx	Tx	ex
1941-1949	0	0.02988	0.02913	0.14	100000	2913	97485	6917945	69.18
1941-1949	1	0.00270	0.00270	0.5	97087	262	96956	6820460	70.25
1941-1949	2	0.00148	0.00147	0.5	96825	143	96754	6723503	69.44
1941-1949	3	0.00117	0.00117	0.5	96682	113	96626	6626750	68.54
1941-1949	4	0.00096	0.00096	0.5	96570	93	96523	6530123	67.62
1941-1949	5	0.00082	0.00082	0.5	96477	79	96437	6433600	66.69
1941-1949	6	0.00073	0.00073	0.5	96397	71	96362	6337163	65.74
1941-1949	7	0.00067	0.00067	0.5	96327	65	96294	6240801	64.79
1941-1949	8	0.00062	0.00062	0.5	96262	60	96232	6144507	63.83
1941-1949	9	0.00058	0.00058	0.5	96202	56	96175	6048275	62.87
1941-1949	10	0.00056	0.00056	0.5	96147	54	96120	5952100	61.91
1941-1949	11	0.00056	0.00056	0.5	96093	54	96066	5855980	60.94
1941-1949	12	0.00059	0.00059	0.5	96039	57	96011	5759914	59.97
1941-1949	13	0.00064	0.00064	0.5	95983	62	95952	5663903	59.01
1941-1949	14	0.00072	0.00072	0.5	95921	69	95887	5567951	58.05
1941-1949	15	0.00081	0.00081	0.5	95852	78	95814	5472064	57.09
1941-1949	16	0.00090	0.00090	0.5	95775	86	95732	5376250	56.13
1941-1949	17	0.00098	0.00098	0.5	95689	94	95642	5280519	55.18
1941-1949	18	0.00106	0.00106	0.5	95595	101	95545	5184877	54.24
1941-1949	19	0.00114	0.00114	0.5	95494	109	95440	5089332	53.29
1941-1949	20	0.00121	0.00121	0.5	95386	116	95328	4993892	52.35
1941-1949	21	0.00128	0.00128	0.5	95270	122	95209	4898564	51.42
1941-1949	22	0.00134	0.00134	0.5	95148	128	95084	4803356	50.48
1941-1949	23	0.00139	0.00139	0.5	95020	132	94954	4708272	49.55
1941-1949	24	0.00142	0.00142	0.5	94888	135	94821	4613318	48.62
1941-1949	25	0.00146	0.00145	0.5	94753	138	94685	4518497	47.69
1941-1949	26	0.00150	0.00150	0.5	94616	141	94545	4423812	46.76
1941-1949	27	0.00155	0.00155	0.5	94474	146	94401	4329267	45.82
1941-1949	28	0.00162	0.00162	0.5	94328	152	94252	4234866	44.90
1941-1949	29	0.00170	0.00170	0.5	94176	160	94096	4140614	43.97
1941-1949	30	0.00180	0.00179	0.5	94016	169	93931	4046519	43.04
1941-1949	31	0.00190	0.00189	0.5	93847	178	93758	3952587	42.12
1941-1949	32	0.00201	0.00201	0.5	93669	188	93575	3858829	41.20
1941-1949	33	0.00215	0.00215	0.5	93481	201	93381	3765254	40.28
1941-1949	34	0.00229	0.00229	0.5	93280	214	93173	3671874	39.36
1941-1949	35	0.00247	0.00246	0.5	93066	229	92952	3578700	38.45
1941-1949	36	0.00265	0.00264	0.5	92837	245	92714	3485749	37.55
1941-1949	37	0.00283	0.00283	0.5	92592	262	92461	3393034	36.65
1941-1949	38	0.00304	0.00304	0.5	92330	281	92190	3300573	35.75
1941-1949	39	0.00326	0.00326	0.5	92049	300	91899	3208383	34.86
1941-1949	40	0.00349	0.00348	0.5	91749	320	91590	3116484	33.97
1941-1949	41	0.00372	0.00371	0.5	91430	340	91260	3024894	33.08
1941-1949	42	0.00401	0.00400	0.5	91090	365	90908	2933634	32.21
1941-1949	43	0.00435	0.00434	0.5	90726	393	90529	2842727	31.33
1941-1949	44	0.00468	0.00467	0.5	90332	422	90121	2752198	30.47
1941-1949	45	0.00507	0.00506	0.5	89910	455	89683	2662077	29.61
1941-1949	46	0.00547	0.00546	0.5	89455	488	89211	2572394	28.76
1941-1949	47	0.00590	0.00588	0.5	88967	524	88705	2483182	27.91
1941-1949	48	0.00638	0.00636	0.5	88444	563	88162	2394477	27.07
1941-1949	49	0.00693	0.00690	0.5	87881	607	87577	2306315	26.24
1941-1949	50	0.00755	0.00752	0.5	87274	657	86946	2218738	25.42
1941-1949	51	0.00811	0.00808	0.5	86617	700	86267	2131792	24.61
1941-1949	52	0.00872	0.00868	0.5	85917	746	85544	2045524	23.81
1941-1949	53	0.00941	0.00936	0.5	85172	797	84773	1959980	23.01
1941-1949	54	0.01011	0.01006	0.5	84374	849	83950	1875207	22.22
1941-1949	55	0.01088	0.01082	0.5	83526	904	83074	1791257	21.45
1941-1949	56	0.01170	0.01163	0.5	82622	961	82141	1708184	20.67
1941-1949	57	0.01264	0.01256	0.5	81661	1025	81148	1626043	19.91
1941-1949	58	0.01372	0.01362	0.5	80635	1099	80086	1544895	19.16
1941-1949	59	0.01488	0.01477	0.5	79537	1175	78949	1464809	18.42
1941-1949	60	0.01617	0.01604	0.5	78362	1257	77733	1385859	17.69
1941-1949	61	0.01747	0.01732	0.5	77105	1336	76437	1308126	16.97
1941-1949	62	0.01896	0.01879	0.5	75769	1423	75057	1231689	16.26
1941-1949	63	0.02076	0.02055	0.5	74346	1528	73582	1156632	15.56
1941-1949	64	0.02270	0.02244	0.5	72818	1634	72001	1083050	14.87
1941-1949	65	0.02501	0.02470	0.5	71184	1758	70304	1011049	14.20
1941-1949	66	0.02739	0.02702	0.5	69425	1876	68487	940745	13.55
1941-1949	67	0.02998	0.02954	0.5	67549	1995	66552	872258	12.91
1941-1949	68	0.03312	0.03258	0.5	65554	2136	64486	805706	12.29
1941-1949	69	0.03650	0.03584	0.5	63418	2273	62282	741220	11.69
1941-1949	70	0.04033	0.03953	0.5	61145	2417	59937	678938	11.10
1941-1949	71	0.04410	0.04314	0.5	58728	2534	57461	619001	10.54
1941-1949	72	0.04832	0.04718	0.5	56194	2651	54868	561540	9.99
1941-1949	73	0.05343	0.05204	0.5	53543	2786	52150	506672	9.46
1941-1949	74	0.05901	0.05732	0.5	50756	2909	49302	454522	8.95
1941-1949	75	0.06564	0.06355	0.5	47847	3041	46327	405221	8.47
1941-1949	76	0.07229	0.06977	0.5	44806	3126	43243	358894	8.01
1941-1949	77	0.07878	0.07579	0.5	41680	3159	40101	315651	7.57
1941-1949	78	0.08643	0.08285	0.5	38521	3192	36925	275550	7.15
1941-1949	79	0.09486	0.09057	0.5	35330	3200	33730	238625	6.75
1941-1949	80	0.10004	0.09528	0.5	32130	3061	30599	204895	6.38
1941-1949	81	0.10993	0.10420	0.5	29069	3029	27554	174296	6.00
1941-1949	82	0.12065	0.11379	0.5	26040	2963	24558	146742	5.64
1941-1949	83	0.13229	0.12408	0.5	23077	2863	21645	122184	5.29
1941-1949	84	0.14471	0.13495	0.5	20213	2728	18849	100539	4.97
1941-1949	85	0.15793	0.14637	0.5	17485	2559	16206	81689	4.67
1941-1949	86	0.17274	0.15901	0.5	14926	2373	13739	65484	4.39
1941-1949	87	0.18953	0.17312	0.5	12553	2173	11466	51744	4.12
1941-1949	88	0.20787	0.18830	0.5	10380	1954	9402	40278	3.88
1941-1949	89	0.22629	0.20329	0.5	8425	1713	7569	30876	3.66
1941-1949	90	0.24252	0.21629	0.5	6712	1452	5986	23307	3.47
1941-1949	91	0.25758	0.22819	0.5	5260	1200	4660	17321	3.29
1941-1949	92	0.27224	0.23962	0.5	4060	973	3574	12660	3.12
1941-1949	93	0.28671	0.25076	0.5	3087	774	2700	9087	2.94
1941-1949	94	0.30407	0.26394	0.5	2313	611	2008	6387	2.76
1941-1949	95	0.34475	0.29406	0.5	1703	501	1452	4379	2.57
1941-1949	96	0.36841	0.31111	0.5	1202	374	1015	2926	2.43
1941-1949	97	0.39273	0.32827	0.5	828	272	692	1912	2.31
1941-1949	98	0.41760	0.34546	0.5	556	192	460	1219	2.19
1941-1949	99	0.44288	0.36259	0.5	364	132	298	759	2.09
1941-1949	100	0.46847	0.37956	0.5	232	88	188	461	1.99
1941-1949	101	0.49423	0.39630	0.5	144	57	115	273	1.90
1941-1949	102	0.52001	0.41271	0.5	87	36	69	158	1.82
1941-1949	103	0.54569	0.42872	0.5	51	22	40	89	1.74
1941-1949	104	0.57113	0.44426	0.5	29	13	23	49	1.67
1941-1949	105	0.59620	0.45929	0.5	16	7	12	26	1.61
1941-1949	106	0.62077	0.47373	0.5	9	4	7	14	1.56
1941-1949	107	0.64475	0.48757	0.5	5	2	3	7	1.51
1941-1949	108	0.66801	0.50076	0.5	2	1	2	3	1.46
1941-1949	109	0.69049	0.51328	0.5	1	1	1	2	1.43
1941-1949	110+	0.71209	1.00000	1.4	1	1	1	1	1.40
1950-1959	0	0.02246	0.02202	0.12	100000	2202	98053	7253259	72.53
1950-1959	1	0.00159	0.00158	0.5	97798	155	97720	7155206	73.16
1950-1959	2	0.00098	0.00098	0.5	97643	96	97595	7057486	72.28
1950-1959	3	0.00074	0.00074	0.5	97547	72	97511	6959891	71.35
1950-1959	4	0.00059	0.00059	0.5	97475	58	97446	6862380	70.40
1950-1959	5	0.00052	0.00052	0.5	97417	51	97391	6764935	69.44
1950-1959	6	0.00047	0.00047	0.5	97366	45	97343	6667543	68.48
1950-1959	7	0.00043	0.00043	0.5	97321	42	97300	6570200	67.51
1950-1959	8	0.00039	0.00039	0.5	97279	38	97260	6472900	66.54
1950-1959	9	0.00036	0.00036	0.5	97241	35	97223	6375640	65.57
1950-1959	10	0.00035	0.00035	0.5	97206	34	97189	6278417	64.59
1950-1959	11	0.00035	0.00035	0.5	97172	34	97155	6181228	63.61
1950-1959	12	0.00037	0.00037	0.5	97139	36	97121	6084072	62.63
1950-1959	13	0.00039	0.00039	0.5	97103	38	97084	5986952	61.66
1950-1959	14	0.00043	0.00043	0.5	97065	42	97044	5889868	60.68
1950-1959	15	0.00048	0.00048	0.5	97023	47	97000	5792823	59.71
1950-1959	16	0.00056	0.00056	0.5	96976	54	96949	5695824	58.73
1950-1959	17	0.00061	0.00061	0.5	96922	59	96893	5598874	57.77
1950-1959	18	0.00065	0.00065	0.5	96863	63	96832	5501982	56.80
1950-1959	19	0.00066	0.00066	0.5	96800	64	96768	5405150	55.84
1950-1959	20	0.00069	0.00069	0.5	96736	66	96703	5308382	54.87
1950-1959	21	0.00069	0.00069	0.5	96670	66	96636	5211679	53.91
1950-1959	22	0.00072	0.00072	0.5	96603	70	96568	5115043	52.95
1950-1959	23	0.00075	0.00075	0.5	96534	72	96497	5018474	51.99
1950-1959	24	0.00079	0.00079	0.5	96461	76	96423	4921977	51.03
1950-1959	25	0.00084	0.00083	0.5	96385	80	96345	4825554	50.07
1950-1959	26	0.00087	0.00087	0.5	96304	84	96262	4729209	49.11
1950-1959	27	0.00091	0.00091	0.5	96220	87	96177	4632947	48.15
1950-1959	28	0.00098	0.00098	0.5	96133	94	96086	4536770	47.19
1950-1959	29	0.00102	0.00102	0.5	96039	98	95990	4440684	46.24
1950-1959	30	0.00109	0.00109	0.5	95941	104	95889	4344694	45.29
1950-1959	31	0.00117	0.00117	0.5	95837	113	95781	4248805	44.33
1950-1959	32	0.00127	0.00127	0.5	95724	121	95664	4153025	43.39
1950-1959	33	0.00136	0.00136	0.5	95603	130	95538	4057361	42.44
1950-1959	34	0.00147	0.00147	0.5	95473	141	95403	3961823	41.50
1950-1959	35	0.00162	0.00162	0.5	95332	154	95255	3866420	40.56
1950-1959	36	0.00174	0.00174	0.5	95178	165	95095	3771165	39.62
1950-1959	37	0.00190	0.00190	0.5	95013	180	94922	3676070	38.69
1950-1959	38	0.00207	0.00207	0.5	94832	196	94734	3581147	37.76
1950-1959	39	0.00225	0.00224	0.5	94636	212	94530	3486413	36.84
1950-1959	40	0.00243	0.00243	0.5	94424	229	94309	3391883	35.92
1950-1959	41	0.00266	0.00265	0.5	94195	250	94070	3297574	35.01
1950-1959	42	0.00290	0.00289	0.5	93944	272	93809	3203504	34.10
1950-1959	43	0.00316	0.00315	0.5	93673	295	93525	3109696	33.20
1950-1959	44	0.00346	0.00345	0.5	93378	322	93216	3016170	32.30
1950-1959	45	0.00378	0.00377	0.5	93055	351	92880	2922954	31.41
1950-1959	46	0.00412	0.00411	0.5	92704	381	92514	2830074	30.53
1950-1959	47	0.00452	0.00451	0.5	92324	417	92115	2737560	29.65
1950-1959	48	0.00500	0.00499	0.5	91907	458	91678	2645445	28.78
1950-1959	49	0.00540	0.00538	0.5	91448	492	91202	2553768	27.93
1950-1959	50	0.00582	0.00580	0.5	90956	527	90692	2462565	27.07
1950-1959	51	0.00628	0.00626	0.5	90429	566	90146	2371873	26.23
1950-1959	52	0.00689	0.00687	0.5	89863	617	89554	2281727	25.39
1950-1959	53	0.00742	0.00740	0.5	89245	660	88915	2192173	24.56
1950-1959	54	0.00800	0.00797	0.5	88585	706	88232	2103258	23.74
1950-1959	55	0.00864	0.00861	0.5	87879	756	87501	2015026	22.93
1950-1959	56	0.00931	0.00927	0.5	87123	808	86719	1927525	22.12
1950-1959	57	0.01007	0.01002	0.5	86315	865	85883	1840805	21.33
1950-1959	58	0.01100	0.01094	0.5	85450	935	84983	1754923	20.54
1950-1959	59	0.01198	0.01191	0.5	84515	1006	84012	1669940	19.76
1950-1959	60	0.01300	0.01291	0.5	83509	1078	82970	1585928	18.99
1950-1959	61	0.01411	0.01401	0.5	82430	1155	81853	1502958	18.23
1950-1959	62	0.01565	0.01553	0.5	81276	1262	80645	1421105	17.49
1950-1959	63	0.01720	0.01705	0.5	80013	1364	79331	1340461	16.75
1950-1959	64	0.01896	0.01878	0.5	78649	1477	77911	1261130	16.03
1950-1959	65	0.02088	0.02067	0.5	77172	1595	76375	1183219	15.33
1950-1959	66	0.02286	0.02260	0.5	75577	1708	74723	1106844	14.65
1950-1959	67	0.02536	0.02504	0.5	73869	1850	72944	1032121	13.97
1950-1959	68	0.02781	0.02743	0.5	72019	1975	71032	959177	13.32
1950-1959	69	0.03050	0.03004	0.5	70044	2104	68992	888145	12.68
1950-1959	70	0.03347	0.03292	0.5	67940	2237	66822	819153	12.06
1950-1959	71	0.03644	0.03579	0.5	65703	2351	64528	752332	11.45
1950-1959	72	0.04051	0.03970	0.5	63352	2515	62094	687804	10.86
1950-1959	73	0.04474	0.04376	0.5	60837	2662	59506	625710	10.29
1950-1959	74	0.04944	0.04825	0.5	58175	2807	56771	566204	9.73
1950-1959	75	0.05490	0.05344	0.5	55368	2959	53888	509433	9.20
1950-1959	76	0.06046	0.05868	0.5	52409	3075	50871	455545	8.69
1950-1959	77	0.06663	0.06448	0.5	49334	3181	47743	404673	8.20
1950-1959	78	0.07401	0.07137	0.5	46152	3294	44506	356930	7.73
1950-1959	79	0.08190	0.07868	0.5	42859	3372	41173	312425	7.29
1950-1959	80	0.08817	0.08445	0.5	39487	3335	37819	271252	6.87
1950-1959	81	0.09692	0.09244	0.5	36152	3342	34481	233433	6.46
1950-1959	82	0.10701	0.10158	0.5	32810	3333	31144	198952	6.06
1950-1959	83	0.11810	0.11152	0.5	29477	3287	27834	167808	5.69
1950-1959	84	0.12986	0.12194	0.5	26190	3194	24593	139974	5.34
1950-1959	85	0.14150	0.13215	0.5	22996	3039	21477	115381	5.02
1950-1959	86	0.15457	0.14348	0.5	19957	2863	18526	93904	4.71
1950-1959	87	0.16964	0.15638	0.5	17094	2673	15757	75378	4.41
1950-1959	88	0.18612	0.17028	0.5	14421	2456	13193	59621	4.13
1950-1959	89	0.20392	0.18506	0.5	11965	2214	10858	46428	3.88
1950-1959	90	0.22149	0.19941	0.5	9751	1944	8779	35569	3.65
1950-1959	91	0.23691	0.21182	0.5	7807	1654	6980	26790	3.43
1950-1959	92	0.25778	0.22835	0.5	6153	1405	5451	19811	3.22
1950-1959	93	0.28163	0.24687	0.5	4748	1172	4162	14360	3.02
1950-1959	94	0.30725	0.26633	0.5	3576	952	3100	10198	2.85
1950-1959	95	0.32284	0.27797	0.5	2623	729	2259	7099	2.71
1950-1959	96	0.34645	0.29530	0.5	1894	559	1615	4840	2.55
1950-1959	97	0.37084	0.31283	0.5	1335	418	1126	3225	2.42
1950-1959	98	0.39591	0.33049	0.5	917	303	766	2099	2.29
1950-1959	99	0.42153	0.34815	0.5	614	214	507	1333	2.17
1950-1959	100	0.44759	0.36574	0.5	400	146	327	826	2.06
1950-1959	101	0.47394	0.38314	0.5	254	97	205	499	1.97
1950-1959	102	0.50043	0.40028	0.5	157	63	125	294	1.88
1950-1959	103	0.52692	0.41705	0.5	94	39	74	168	1.79
1950-1959	104	0.55326	0.43338	0.5	55	24	43	94	1.72
1950-1959	105	0.57930	0.44919	0.5	31	14	24	51	1.65
1950-1959	106	0.60491	0.46444	0.5	17	8	13	27	1.59
1950-1959	107	0.62996	0.47907	0.5	9	4	7	14	1.54
1950-1959	108	0.65433	0.49303	0.5	5	2	4	7	1.49
1950-1959	109	0.67791	0.50630	0.5	2	1	2	4	1.45
1950-1959	110+	0.70062	1.00000	1.43	1	1	2	2	1.43
1960-1969	0	0.01993	0.01958	0.11	100000	1958	98255	7383900	73.84
1960-1969	1	0.00126	0.00126	0.5	98042	124	97980	7285645	74.31
1960-1969	2	0.00078	0.00077	0.5	97918	76	97880	7187665	73.41
1960-1969	3	0.00059	0.00059	0.5	97842	58	97813	7089785	72.46
1960-1969	4	0.00050	0.00050	0.5	97784	49	97759	6991972	71.50
1960-1969	5	0.00045	0.00045	0.5	97735	44	97713	6894213	70.54
1960-1969	6	0.00040	0.00040	0.5	97691	39	97671	6796500	69.57
1960-1969	7	0.00034	0.00034	0.5	97652	33	97636	6698829	68.60
1960-1969	8	0.00030	0.00030	0.5	97619	30	97605	6601193	67.62
1960-1969	9	0.00026	0.00026	0.5	97590	25	97577	6503588	66.64
1960-1969	10	0.00028	0.00028	0.5	97564	27	97551	6406011	65.66
1960-1969	11	0.00027	0.00027	0.5	97537	26	97525	6308460	64.68
1960-1969	12	0.00029	0.00029	0.5	97512	29	97497	6210936	63.69
1960-1969	13	0.00032	0.00032	0.5	97483	31	97467	6113438	62.71
1960-1969	14	0.00034	0.00034	0.5	97452	33	97435	6015971	61.73
1960-1969	15	0.00041	0.00041	0.5	97419	40	97399	5918536	60.75
1960-1969	16	0.00049	0.00049	0.5	97379	47	97355	5821137	59.78
1960-1969	17	0.00056	0.00056	0.5	97331	54	97304	5723782	58.81
1960-1969	18	0.00065	0.00065	0.5	97277	63	97246	5626477	57.84
1960-1969	19	0.00065	0.00065	0.5	97214	63	97182	5529232	56.88
1960-1969	20	0.00065	0.00065	0.5	97151	63	97119	5432050	55.91
1960-1969	21	0.00068	0.00068	0.5	97087	66	97054	5334931	54.95
1960-1969	22	0.00066	0.00066	0.5	97021	64	96989	5237877	53.99
1960-1969	23	0.00069	0.00069	0.5	96957	67	96924	5140888	53.02
1960-1969	24	0.00071	0.00071	0.5	96890	69	96856	5043964	52.06
1960-1969	25	0.00076	0.00076	0.5	96821	74	96784	4947108	51.10
1960-1969	26	0.00077	0.00076	0.5	96748	74	96711	4850324	50.13
1960-1969	27	0.00081	0.00081	0.5	96674	78	96634	4753613	49.17
1960-1969	28	0.00082	0.00082	0.5	96595	80	96556	4656979	48.21
1960-1969	29	0.00093	0.00093	0.5	96516	90	96471	4560423	47.25
1960-1969	30	0.00099	0.00099	0.5	96426	95	96378	4463952	46.29
1960-1969	31	0.00105	0.00105	0.5	96331	101	96280	4367574	45.34
1960-1969	32	0.00115	0.00115	0.5	96230	111	96175	4271294	44.39
1960-1969	33	0.00120	0.00120	0.5	96119	115	96062	4175119	43.44
1960-1969	34	0.00136	0.00135	0.5	96004	130	95939	4079058	42.49
1960-1969	35	0.00148	0.00148	0.5	95874	142	95803	3983119	41.55
1960-1969	36	0.00156	0.00156	0.5	95732	149	95657	3887316	40.61
1960-1969	37	0.00177	0.00176	0.5	95582	169	95498	3791659	39.67
1960-1969	38	0.00191	0.00191	0.5	95414	182	95323	3696161	38.74
1960-1969	39	0.00211	0.00211	0.5	95232	201	95131	3600838	37.81
1960-1969	40	0.00225	0.00225	0.5	95031	213	94924	3505707	36.89
1960-1969	41	0.00242	0.00242	0.5	94817	230	94703	3410783	35.97
1960-1969	42	0.00267	0.00267	0.5	94588	252	94462	3316081	35.06
1960-1969	43	0.00296	0.00296	0.5	94336	279	94196	3221619	34.15
1960-1969	44	0.00316	0.00315	0.5	94057	296	93908	3127423	33.25
1960-1969	45	0.00351	0.00350	0.5	93760	328	93596	3033514	32.35
1960-1969	46	0.00371	0.00371	0.5	93432	346	93259	2939918	31.47
1960-1969	47	0.00420	0.00419	0.5	93086	390	92891	2846659	30.58
1960-1969	48	0.00447	0.00446	0.5	92696	413	92490	2753768	29.71
1960-1969	49	0.00487	0.00485	0.5	92283	448	92059	2661279	28.84
1960-1969	50	0.00526	0.00524	0.5	91835	482	91594	2569220	27.98
1960-1969	51	0.00570	0.00568	0.5	91353	519	91094	2477626	27.12
1960-1969	52	0.00632	0.00630	0.5	90834	572	90548	2386532	26.27
1960-1969	53	0.00670	0.00668	0.5	90262	603	89961	2295984	25.44
1960-1969	54	0.00734	0.00731	0.5	89659	655	89332	2206023	24.60
1960-1969	55	0.00774	0.00771	0.5	89004	686	88661	2116691	23.78
1960-1969	56	0.00840	0.00837	0.5	88318	739	87948	2028031	22.96
1960-1969	57	0.00924	0.00920	0.5	87579	806	87176	1940083	22.15
1960-1969	58	0.00999	0.00994	0.5	86773	862	86342	1852907	21.35
1960-1969	59	0.01076	0.01070	0.5	85911	919	85451	1766565	20.56
1960-1969	60	0.01189	0.01182	0.5	84991	1005	84489	1681114	19.78
1960-1969	61	0.01273	0.01265	0.5	83987	1063	83456	1596625	19.01
1960-1969	62	0.01442	0.01431	0.5	82924	1187	82331	1513169	18.25
1960-1969	63	0.01543	0.01531	0.5	81737	1252	81112	1430838	17.51
1960-1969	64	0.01650	0.01637	0.5	80486	1317	79827	1349727	16.77
1960-1969	65	0.01885	0.01868	0.5	79168	1479	78429	1269900	16.04
1960-1969	66	0.01986	0.01966	0.5	77690	1528	76926	1191471	15.34
1960-1969	67	0.02233	0.02208	0.5	76162	1682	75321	1114545	14.63
1960-1969	68	0.02445	0.02416	0.5	74480	1799	73580	1039224	13.95
1960-1969	69	0.02678	0.02642	0.5	72681	1920	71721	965643	13.29
1960-1969	70	0.02979	0.02935	0.5	70761	2077	69722	893923	12.63
1960-1969	71	0.03162	0.03113	0.5	68684	2138	67615	824200	12.00
1960-1969	72	0.03678	0.03612	0.5	66546	2403	65344	756586	11.37
1960-1969	73	0.03999	0.03921	0.5	64142	2515	62885	691242	10.78
1960-1969	74	0.04461	0.04364	0.5	61627	2689	60283	628357	10.20
1960-1969	75	0.04975	0.04855	0.5	58938	2861	57507	568075	9.64
1960-1969	76	0.05364	0.05224	0.5	56077	2930	54612	510567	9.10
1960-1969	77	0.05828	0.05663	0.5	53147	3010	51642	455955	8.58
1960-1969	78	0.06537	0.06330	0.5	50137	3174	48550	404313	8.06
1960-1969	79	0.07336	0.07076	0.5	46964	3323	45302	355762	7.58
1960-1969	80	0.08195	0.07872	0.5	43640	3435	41923	310460	7.11
1960-1969	81	0.08767	0.08399	0.5	40205	3377	38517	268538	6.68
1960-1969	82	0.09957	0.09485	0.5	36828	3493	35082	230021	6.25
1960-1969	83	0.11154	0.10565	0.5	33335	3522	31574	194939	5.85
1960-1969	84	0.12330	0.11614	0.5	29813	3463	28082	163365	5.48
1960-1969	85	0.13633	0.12763	0.5	26351	3363	24669	135283	5.13
1960-1969	86	0.14844	0.13818	0.5	22988	3176	21399	110614	4.81
1960-1969	87	0.16562	0.15296	0.5	19811	3030	18296	89214	4.50
1960-1969	88	0.17749	0.16302	0.5	16781	2736	15413	70918	4.23
1960-1969	89	0.19587	0.17840	0.5	14045	2506	12793	55505	3.95
1960-1969	90	0.21768	0.19631	0.5	11540	2265	10407	42712	3.70
1960-1969	91	0.22896	0.20544	0.5	9274	1905	8322	32305	3.48
1960-1969	92	0.25379	0.22521	0.5	7369	1660	6539	23983	3.25
1960-1969	93	0.27395	0.24095	0.5	5709	1376	5022	17444	3.06
1960-1969	94	0.30008	0.26093	0.5	4334	1131	3768	12423	2.87
1960-1969	95	0.32134	0.27686	0.5	3203	887	2760	8654	2.70
1960-1969	96	0.34611	0.29505	0.5	2316	683	1974	5895	2.55
1960-1969	97	0.37174	0.31348	0.5	1633	512	1377	3920	2.40
1960-1969	98	0.39812	0.33202	0.5	1121	372	935	2543	2.27
1960-1969	99	0.42509	0.35058	0.5	749	263	618	1609	2.15
1960-1969	100	0.45252	0.36903	0.5	486	179	397	991	2.04
1960-1969	101	0.48025	0.38726	0.5	307	119	247	595	1.94
1960-1969	102	0.50809	0.40516	0.5	188	76	150	347	1.85
1960-1969	103	0.53589	0.42264	0.5	112	47	88	197	1.76
1960-1969	104	0.56346	0.43961	0.5	65	28	50	109	1.69
1960-1969	105	0.59065	0.45599	0.5	36	16	28	59	1.62
1960-1969	106	0.61729	0.47170	0.5	20	9	15	31	1.56
1960-1969	107	0.64325	0.48671	0.5	10	5	8	16	1.51
1960-1969	108	0.66839	0.50097	0.5	5	3	4	8	1.46
1960-1969	109	0.69261	0.51445	0.5	3	1	2	4	1.42
1960-1969	110+	0.71581	1.00000	1.4	1	1	2	2	1.40
1970-1979	0	0.01476	0.01456	0.09	100000	1456	98681	7584490	75.84
1970-1979	1	0.00098	0.00098	0.5	98544	96	98496	7485809	75.96
1970-1979	2	0.00065	0.00065	0.5	98448	64	98416	7387313	75.04
1970-1979	3	0.00049	0.00049	0.5	98384	49	98360	7288897	74.09
1970-1979	4	0.00042	0.00042	0.5	98335	42	98315	7190537	73.12
1970-1979	5	0.00037	0.00037	0.5	98294	36	98276	7092223	72.15
1970-1979	6	0.00031	0.00031	0.5	98258	30	98242	6993947	71.18
1970-1979	7	0.00027	0.00027	0.5	98227	26	98214	6895705	70.20
1970-1979	8	0.00028	0.00028	0.5	98201	27	98187	6797491	69.22
1970-1979	9	0.00025	0.00025	0.5	98174	24	98162	6699303	68.24
1970-1979	10	0.00024	0.00024	0.5	98150	24	98138	6601142	67.26
1970-1979	11	0.00023	0.00023	0.5	98126	22	98114	6503004	66.27
1970-1979	12	0.00025	0.00025	0.5	98103	25	98091	6404890	65.29
1970-1979	13	0.00028	0.00027	0.5	98079	27	98065	6306799	64.30
1970-1979	14	0.00031	0.00031	0.5	98052	30	98037	6208733	63.32
1970-1979	15	0.00042	0.00042	0.5	98022	41	98001	6110697	62.34
1970-1979	16	0.00049	0.00049	0.5	97981	48	97957	6012695	61.37
1970-1979	17	0.00061	0.00061	0.5	97933	60	97903	5914739	60.40
1970-1979	18	0.00065	0.00065	0.5	97874	63	97842	5816835	59.43
1970-1979	19	0.00067	0.00067	0.5	97810	66	97777	5718993	58.47
1970-1979	20	0.00066	0.00066	0.5	97745	64	97712	5621216	57.51
1970-1979	21	0.00066	0.00066	0.5	97680	64	97648	5523503	56.55
1970-1979	22	0.00068	0.00068	0.5	97616	66	97583	5425855	55.58
1970-1979	23	0.00067	0.00067	0.5	97550	65	97518	5328272	54.62
1970-1979	24	0.00067	0.00066	0.5	97485	65	97453	5230754	53.66
1970-1979	25	0.00068	0.00068	0.5	97420	66	97387	5133302	52.69
1970-1979	26	0.00071	0.00071	0.5	97354	69	97319	5035914	51.73
1970-1979	27	0.00075	0.00075	0.5	97285	73	97248	4938595	50.76
1970-1979	28	0.00075	0.00075	0.5	97211	73	97175	4841347	49.80
1970-1979	29	0.00081	0.00081	0.5	97138	79	97099	4744172	48.84
1970-1979	30	0.00082	0.00082	0.5	97059	80	97019	4647073	47.88
1970-1979	31	0.00088	0.00088	0.5	96980	85	96937	4550054	46.92
1970-1979	32	0.00096	0.00096	0.5	96894	93	96848	4453117	45.96
1970-1979	33	0.00103	0.00103	0.5	96801	100	96751	4356269	45.00
1970-1979	34	0.00114	0.00114	0.5	96701	110	96646	4259518	44.05
1970-1979	35	0.00122	0.00122	0.5	96591	118	96532	4162872	43.10
1970-1979	36	0.00137	0.00137	0.5	96473	132	96407	4066339	42.15
1970-1979	37	0.00151	0.00151	0.5	96341	146	96268	3969932	41.21
1970-1979	38	0.00162	0.00162	0.5	96195	156	96118	3873664	40.27
1970-1979	39	0.00176	0.00175	0.5	96040	168	95956	3777547	39.33
1970-1979	40	0.00197	0.00196	0.5	95871	188	95777	3681591	38.40
1970-1979	41	0.00214	0.00214	0.5	95683	205	95581	3585814	37.48
1970-1979	42	0.00242	0.00241	0.5	95478	230	95363	3490233	36.56
1970-1979	43	0.00264	0.00264	0.5	95248	251	95122	3394870	35.64
1970-1979	44	0.00286	0.00286	0.5	94996	272	94860	3299748	34.74
1970-1979	45	0.00313	0.00313	0.5	94725	296	94576	3204888	33.83
1970-1979	46	0.00340	0.00339	0.5	94428	320	94268	3110311	32.94
1970-1979	47	0.00374	0.00374	0.5	94108	352	93932	3016043	32.05
1970-1979	48	0.00397	0.00396	0.5	93756	371	93571	2922112	31.17
1970-1979	49	0.00436	0.00435	0.5	93385	406	93182	2828541	30.29
1970-1979	50	0.00480	0.00479	0.5	92979	446	92756	2735359	29.42
1970-1979	51	0.00501	0.00499	0.5	92533	462	92302	2642603	28.56
1970-1979	52	0.00555	0.00553	0.5	92071	510	91816	2550301	27.70
1970-1979	53	0.00607	0.00605	0.5	91561	554	91284	2458485	26.85
1970-1979	54	0.00645	0.00643	0.5	91007	585	90714	2367201	26.01
1970-1979	55	0.00697	0.00694	0.5	90422	628	90108	2276487	25.18
1970-1979	56	0.00769	0.00766	0.5	89794	688	89450	2186379	24.35
1970-1979	57	0.00826	0.00822	0.5	89106	733	88740	2096929	23.53
1970-1979	58	0.00896	0.00892	0.5	88374	788	87979	2008189	22.72
1970-1979	59	0.00967	0.00962	0.5	87585	842	87164	1920209	21.92
1970-1979	60	0.01069	0.01064	0.5	86743	923	86282	1833045	21.13
1970-1979	61	0.01135	0.01129	0.5	85820	969	85336	1746764	20.35
1970-1979	62	0.01270	0.01262	0.5	84851	1071	84316	1661428	19.58
1970-1979	63	0.01362	0.01353	0.5	83781	1134	83214	1577112	18.82
1970-1979	64	0.01482	0.01471	0.5	82647	1216	82039	1493898	18.08
1970-1979	65	0.01616	0.01603	0.5	81431	1305	80778	1411859	17.34
1970-1979	66	0.01737	0.01722	0.5	80126	1380	79436	1331081	16.61
1970-1979	67	0.01910	0.01892	0.5	78746	1490	78001	1251645	15.89
1970-1979	68	0.02092	0.02070	0.5	77256	1599	76456	1173644	15.19
1970-1979	69	0.02311	0.02284	0.5	75657	1728	74793	1097187	14.50
1970-1979	70	0.02523	0.02492	0.5	73929	1842	73008	1022395	13.83
1970-1979	71	0.02695	0.02659	0.5	72087	1917	71128	949387	13.17
1970-1979	72	0.03020	0.02975	0.5	70170	2088	69126	878259	12.52
1970-1979	73	0.03311	0.03257	0.5	68082	2217	66973	809133	11.88
1970-1979	74	0.03668	0.03602	0.5	65865	2372	64679	742160	11.27
1970-1979	75	0.04123	0.04040	0.5	63492	2565	62210	677481	10.67
1970-1979	76	0.04541	0.04440	0.5	60927	2705	59575	615271	10.10
1970-1979	77	0.04925	0.04806	0.5	58222	2798	56823	555696	9.54
1970-1979	78	0.05540	0.05391	0.5	55424	2988	53930	498873	9.00
1970-1979	79	0.06113	0.05931	0.5	52436	3110	50881	444943	8.49
1970-1979	80	0.06795	0.06571	0.5	49326	3241	47705	394062	7.99
1970-1979	81	0.07317	0.07059	0.5	46084	3253	44458	346357	7.52
1970-1979	82	0.08210	0.07886	0.5	42831	3378	41143	301899	7.05
1970-1979	83	0.09186	0.08783	0.5	39454	3465	37721	260757	6.61
1970-1979	84	0.10322	0.09816	0.5	35988	3532	34222	223036	6.20
1970-1979	85	0.11246	0.10647	0.5	32456	3456	30728	188813	5.82
1970-1979	86	0.12531	0.11792	0.5	29000	3420	27291	158085	5.45
1970-1979	87	0.13696	0.12818	0.5	25581	3279	23941	130795	5.11
1970-1979	88	0.14822	0.13799	0.5	22302	3077	20763	106854	4.79
1970-1979	89	0.16437	0.15189	0.5	19224	2920	17764	86091	4.48
1970-1979	90	0.18161	0.16649	0.5	16304	2715	14947	68326	4.19
1970-1979	91	0.19717	0.17948	0.5	13590	2439	12370	53379	3.93
1970-1979	92	0.21614	0.19506	0.5	11151	2175	10063	41009	3.68
1970-1979	93	0.23539	0.21060	0.5	8976	1890	8031	30946	3.45
1970-1979	94	0.25899	0.22930	0.5	7085	1625	6273	22915	3.23
1970-1979	95	0.27627	0.24274	0.5	5461	1326	4798	16642	3.05
1970-1979	96	0.29894	0.26006	0.5	4135	1075	3597	11844	2.86
1970-1979	97	0.32264	0.27782	0.5	3060	850	2635	8247	2.70
1970-1979	98	0.34728	0.29590	0.5	2210	654	1883	5612	2.54
1970-1979	99	0.37278	0.31421	0.5	1556	489	1311	3729	2.40
1970-1979	100	0.39900	0.33264	0.5	1067	355	890	2418	2.27
1970-1979	101	0.42582	0.35107	0.5	712	250	587	1528	2.15
1970-1979	102	0.45308	0.36939	0.5	462	171	377	941	2.04
1970-1979	103	0.48062	0.38750	0.5	291	113	235	565	1.94
1970-1979	104	0.50828	0.40528	0.5	178	72	142	330	1.85
1970-1979	105	0.53589	0.42265	0.5	106	45	84	187	1.77
1970-1979	106	0.56328	0.43950	0.5	61	27	48	104	1.69
1970-1979	107	0.59030	0.45577	0.5	34	16	27	56	1.63
1970-1979	108	0.61677	0.47140	0.5	19	9	14	29	1.57
1970-1979	109	0.64258	0.48633	0.5	10	5	7	15	1.53
1970-1979	110+	0.66758	1.00000	1.5	5	5	8	8	1.50
1980-1989	0	0.01011	0.01002	0.08	100000	1002	99079	7790536	77.91
1980-1989	1	0.00074	0.00074	0.5	98998	73	98961	7691457	77.69
1980-1989	2	0.00046	0.00046	0.5	98925	46	98902	7592495	76.75
1980-1989	3	0.00035	0.00035	0.5	98879	35	98862	7493593	75.79
1980-1989	4	0.00029	0.00029	0.5	98845	29	98830	7394731	74.81
1980-1989	5	0.00024	0.00024	0.5	98816	24	98804	7295901	73.83
1980-1989	6	0.00022	0.00022	0.5	98792	22	98781	7197097	72.85
1980-1989	7	0.00020	0.00020	0.5	98770	20	98760	7098316	71.87
1980-1989	8	0.00019	0.00019	0.5	98750	19	98741	6999556	70.88
1980-1989	9	0.00018	0.00018	0.5	98731	18	98722	6900815	69.90
1980-1989	10	0.00018	0.00018	0.5	98713	18	98704	6802093	68.91
1980-1989	11	0.00018	0.00018	0.5	98695	18	98686	6703389	67.92
1980-1989	12	0.00019	0.00019	0.5	98677	19	98668	6604703	66.93
1980-1989	13	0.00021	0.00021	0.5	98658	20	98648	6506035	65.95
1980-1989	14	0.00027	0.00027	0.5	98638	27	98625	6407387	64.96
1980-1989	15	0.00033	0.00033	0.5	98611	32	98595	6308763	63.98
1980-1989	16	0.00043	0.00043	0.5	98579	42	98558	6210168	63.00
1980-1989	17	0.00046	0.00046	0.5	98537	46	98514	6111609	62.02
1980-1989	18	0.00052	0.00052	0.5	98492	52	98466	6013095	61.05
1980-1989	19	0.00051	0.00051	0.5	98440	50	98415	5914629	60.08
1980-1989	20	0.00050	0.00050	0.5	98390	49	98365	5816214	59.11
1980-1989	21	0.00052	0.00052	0.5	98340	51	98315	5717849	58.14
1980-1989	22	0.00050	0.00050	0.5	98289	49	98265	5619534	57.17
1980-1989	23	0.00056	0.00056	0.5	98240	55	98213	5521269	56.20
1980-1989	24	0.00054	0.00054	0.5	98185	53	98159	5423057	55.23
1980-1989	25	0.00056	0.00056	0.5	98132	55	98105	5324898	54.26
1980-1989	26	0.00057	0.00057	0.5	98078	56	98050	5226793	53.29
1980-1989	27	0.00060	0.00060	0.5	98022	58	97993	5128743	52.32
1980-1989	28	0.00064	0.00064	0.5	97964	63	97932	5030750	51.35
1980-1989	29	0.00063	0.00063	0.5	97901	62	97870	4932818	50.39
1980-1989	30	0.00068	0.00068	0.5	97839	66	97806	4834948	49.42
1980-1989	31	0.00073	0.00073	0.5	97773	71	97737	4737143	48.45
1980-1989	32	0.00076	0.00076	0.5	97701	74	97664	4639406	47.49
1980-1989	33	0.00084	0.00084	0.5	97627	82	97586	4541742	46.52
1980-1989	34	0.00090	0.00090	0.5	97545	88	97501	4444156	45.56
1980-1989	35	0.00091	0.00091	0.5	97457	89	97412	4346655	44.60
1980-1989	36	0.00101	0.00101	0.5	97368	98	97319	4249243	43.64
1980-1989	37	0.00111	0.00111	0.5	97270	108	97216	4151924	42.68
1980-1989	38	0.00125	0.00125	0.5	97162	121	97101	4054708	41.73
1980-1989	39	0.00132	0.00132	0.5	97041	128	96977	3957606	40.78
1980-1989	40	0.00143	0.00143	0.5	96913	139	96844	3860629	39.84
1980-1989	41	0.00158	0.00158	0.5	96774	153	96698	3763786	38.89
1980-1989	42	0.00177	0.00177	0.5	96621	171	96536	3667088	37.95
1980-1989	43	0.00194	0.00194	0.5	96450	187	96357	3570552	37.02
1980-1989	44	0.00213	0.00213	0.5	96264	205	96161	3474195	36.09
1980-1989	45	0.00231	0.00231	0.5	96059	221	95948	3378034	35.17
1980-1989	46	0.00265	0.00264	0.5	95837	253	95711	3282085	34.25
1980-1989	47	0.00283	0.00282	0.5	95584	270	95449	3186375	33.34
1980-1989	48	0.00339	0.00338	0.5	95314	322	95153	3090925	32.43
1980-1989	49	0.00350	0.00349	0.5	94992	331	94826	2995772	31.54
1980-1989	50	0.00390	0.00389	0.5	94661	368	94477	2900946	30.65
1980-1989	51	0.00442	0.00441	0.5	94293	415	94085	2806469	29.76
1980-1989	52	0.00482	0.00481	0.5	93877	451	93651	2712385	28.89
1980-1989	53	0.00517	0.00516	0.5	93426	482	93185	2618733	28.03
1980-1989	54	0.00561	0.00559	0.5	92944	520	92684	2525548	27.17
1980-1989	55	0.00615	0.00613	0.5	92424	567	92141	2432864	26.32
1980-1989	56	0.00678	0.00676	0.5	91857	621	91547	2340724	25.48
1980-1989	57	0.00717	0.00714	0.5	91237	652	90911	2249177	24.65
1980-1989	58	0.00822	0.00818	0.5	90585	741	90214	2158266	23.83
1980-1989	59	0.00871	0.00867	0.5	89844	779	89454	2068052	23.02
1980-1989	60	0.00961	0.00956	0.5	89065	852	88639	1978598	22.22
1980-1989	61	0.01055	0.01049	0.5	88213	926	87751	1889959	21.42
1980-1989	62	0.01195	0.01188	0.5	87288	1037	86769	1802208	20.65
1980-1989	63	0.01257	0.01249	0.5	86251	1078	85712	1715439	19.89
1980-1989	64	0.01355	0.01346	0.5	85173	1146	84600	1629727	19.13
1980-1989	65	0.01460	0.01450	0.5	84027	1218	83418	1545127	18.39
1980-1989	66	0.01621	0.01608	0.5	82809	1331	82143	1461708	17.65
1980-1989	67	0.01725	0.01710	0.5	81478	1393	80781	1379565	16.93
1980-1989	68	0.01896	0.01879	0.5	80084	1505	79332	1298784	16.22
1980-1989	69	0.02020	0.02000	0.5	78580	1571	77794	1219452	15.52
1980-1989	70	0.02257	0.02232	0.5	77009	1719	76149	1141658	14.83
1980-1989	71	0.02420	0.02391	0.5	75290	1800	74389	1065509	14.15
1980-1989	72	0.02707	0.02671	0.5	73489	1963	72508	991119	13.49
1980-1989	73	0.02964	0.02921	0.5	71527	2089	70482	918611	12.84
1980-1989	74	0.03171	0.03121	0.5	69438	2167	68354	848129	12.21
1980-1989	75	0.03503	0.03442	0.5	67270	2316	66113	779775	11.59
1980-1989	76	0.03825	0.03753	0.5	64955	2438	63736	713663	10.99
1980-1989	77	0.04182	0.04097	0.5	62517	2561	61236	649927	10.40
1980-1989	78	0.04600	0.04497	0.5	59956	2696	58608	588691	9.82
1980-1989	79	0.05120	0.04992	0.5	57260	2859	55830	530083	9.26
1980-1989	80	0.05731	0.05571	0.5	54401	3031	52886	474252	8.72
1980-1989	81	0.06300	0.06108	0.5	51370	3138	49801	421367	8.20
1980-1989	82	0.07017	0.06779	0.5	48233	3270	46598	371565	7.70
1980-1989	83	0.07858	0.07561	0.5	44963	3399	43263	324968	7.23
1980-1989	84	0.08706	0.08343	0.5	41563	3468	39829	281704	6.78
1980-1989	85	0.09675	0.09229	0.5	38096	3516	36338	241875	6.35
1980-1989	86	0.10768	0.10218	0.5	34580	3533	32813	205537	5.94
1980-1989	87	0.11907	0.11238	0.5	31047	3489	29302	172724	5.56
1980-1989	88	0.13081	0.12278	0.5	27558	3384	25866	143422	5.20
1980-1989	89	0.14476	0.13499	0.5	24174	3263	22542	117556	4.86
1980-1989	90	0.15993	0.14809	0.5	20911	3097	19362	95014	4.54
1980-1989	91	0.17462	0.16060	0.5	17814	2861	16384	75651	4.25
1980-1989	92	0.19327	0.17624	0.5	14953	2635	13635	59268	3.96
1980-1989	93	0.21396	0.19328	0.5	12318	2381	11127	45632	3.70
1980-1989	94	0.23282	0.20854	0.5	9937	2072	8901	34505	3.47
1980-1989	95	0.25213	0.22391	0.5	7865	1761	6984	25604	3.26
1980-1989	96	0.27436	0.24126	0.5	6104	1473	5367	18620	3.05
1980-1989	97	0.29776	0.25918	0.5	4631	1200	4031	13252	2.86
1980-1989	98	0.32228	0.27755	0.5	3431	952	2955	9221	2.69
1980-1989	99	0.34781	0.29628	0.5	2479	734	2111	6266	2.53
1980-1989	100	0.37425	0.31526	0.5	1744	550	1469	4155	2.38
1980-1989	101	0.40146	0.33435	0.5	1194	399	995	2686	2.25
1980-1989	102	0.42929	0.35343	0.5	795	281	655	1691	2.13
1980-1989	103	0.45758	0.37238	0.5	514	191	418	1036	2.02
1980-1989	104	0.48614	0.39108	0.5	323	126	260	618	1.92
1980-1989	105	0.51480	0.40941	0.5	196	80	156	359	1.83
1980-1989	106	0.54335	0.42727	0.5	116	50	91	202	1.74
1980-1989	107	0.57163	0.44456	0.5	66	30	52	111	1.67
1980-1989	108	0.59944	0.46121	0.5	37	17	28	59	1.61
1980-1989	109	0.62663	0.47714	0.5	20	9	15	31	1.56
1980-1989	110+	0.65304	1.00000	1.53	10	10	16	16	1.53
1990-1999	0	0.00818	0.00812	0.08	100000	812	99249	7886136	78.86
1990-1999	1	0.00060	0.00060	0.5	99188	59	99158	7786887	78.51
1990-1999	2	0.00036	0.00036	0.5	99128	36	99110	7687729	77.55
1990-1999	3	0.00029	0.00029	0.5	99093	29	99078	7588618	76.58
1990-1999	4	0.00022	0.00022	0.5	99064	22	99053	7489540	75.60
1990-1999	5	0.00020	0.00020	0.5	99041	19	99032	7390488	74.62
1990-1999	6	0.00019	0.00019	0.5	99022	18	99013	7291456	73.63
1990-1999	7	0.00017	0.00017	0.5	99004	17	98995	7192443	72.65
1990-1999	8	0.00016	0.00016	0.5	98987	16	98979	7093448	71.66
1990-1999	9	0.00015	0.00015	0.5	98971	14	98964	6994469	70.67
1990-1999	10	0.00015	0.00015	0.5	98957	14	98949	6895505	69.68
1990-1999	11	0.00015	0.00015	0.5	98942	15	98935	6796555	68.69
1990-1999	12	0.00016	0.00016	0.5	98927	16	98919	6697621	67.70
1990-1999	13	0.00018	0.00018	0.5	98911	18	98902	6598701	66.71
1990-1999	14	0.00024	0.00024	0.5	98893	24	98881	6499799	65.73
1990-1999	15	0.00030	0.00030	0.5	98869	30	98854	6400918	64.74
1990-1999	16	0.00046	0.00046	0.5	98839	45	98817	6302064	63.76
1990-1999	17	0.00047	0.00047	0.5	98794	46	98771	6203247	62.79
1990-1999	18	0.00050	0.00050	0.5	98748	49	98723	6104476	61.82
1990-1999	19	0.00044	0.00044	0.5	98699	44	98677	6005753	60.85
1990-1999	20	0.00044	0.00044	0.5	98655	43	98634	5907076	59.88
1990-1999	21	0.00046	0.00046	0.5	98612	46	98589	5808442	58.90
1990-1999	22	0.00045	0.00045	0.5	98566	44	98544	5709853	57.93
1990-1999	23	0.00044	0.00044	0.5	98522	43	98500	5611309	56.95
1990-1999	24	0.00048	0.00048	0.5	98479	47	98455	5512809	55.98
1990-1999	25	0.00050	0.00050	0.5	98432	49	98407	5414354	55.01
1990-1999	26	0.00054	0.00054	0.5	98382	54	98355	5315947	54.03
1990-1999	27	0.00057	0.00057	0.5	98329	56	98301	5217591	53.06
1990-1999	28	0.00060	0.00060	0.5	98273	59	98243	5119290	52.09
1990-1999	29	0.00058	0.00058	0.5	98214	57	98185	5021047	51.12
1990-1999	30	0.00065	0.00065	0.5	98156	63	98125	4922862	50.15
1990-1999	31	0.00070	0.00070	0.5	98093	68	98059	4824737	49.19
1990-1999	32	0.00073	0.00073	0.5	98025	71	97989	4726678	48.22
1990-1999	33	0.00081	0.00081	0.5	97953	80	97913	4628689	47.25
1990-1999	34	0.00085	0.00085	0.5	97874	83	97832	4530776	46.29
1990-1999	35	0.00092	0.00092	0.5	97790	90	97745	4432944	45.33
1990-1999	36	0.00103	0.00103	0.5	97700	100	97650	4335198	44.37
1990-1999	37	0.00111	0.00110	0.5	97600	108	97546	4237549	43.42
1990-1999	38	0.00120	0.00120	0.5	97492	117	97433	4140003	42.47
1990-1999	39	0.00125	0.00125	0.5	97375	122	97314	4042569	41.52
1990-1999	40	0.00136	0.00136	0.5	97253	132	97187	3945255	40.57
1990-1999	41	0.00152	0.00152	0.5	97121	147	97047	3848068	39.62
1990-1999	42	0.00161	0.00161	0.5	96974	156	96896	3751021	38.68
1990-1999	43	0.00177	0.00177	0.5	96818	171	96733	3654125	37.74
1990-1999	44	0.00189	0.00189	0.5	96647	183	96555	3557392	36.81
1990-1999	45	0.00204	0.00204	0.5	96464	197	96365	3460837	35.88
1990-1999	46	0.00230	0.00230	0.5	96267	222	96156	3364471	34.95
1990-1999	47	0.00251	0.00250	0.5	96045	241	95925	3268315	34.03
1990-1999	48	0.00286	0.00286	0.5	95805	274	95668	3172390	33.11
1990-1999	49	0.00301	0.00301	0.5	95531	287	95388	3076722	32.21
1990-1999	50	0.00326	0.00325	0.5	95244	310	95089	2981335	31.30
1990-1999	51	0.00373	0.00373	0.5	94934	354	94757	2886245	30.40
1990-1999	52	0.00407	0.00406	0.5	94581	384	94388	2791488	29.51
1990-1999	53	0.00449	0.00448	0.5	94196	422	93985	2697100	28.63
1990-1999	54	0.00491	0.00490	0.5	93774	459	93545	2603115	27.76
1990-1999	55	0.00539	0.00538	0.5	93315	502	93064	2509570	26.89
1990-1999	56	0.00602	0.00600	0.5	92813	557	92534	2416506	26.04
1990-1999	57	0.00651	0.00649	0.5	92256	599	91956	2323971	25.19
1990-1999	58	0.00741	0.00738	0.5	91657	677	91319	2232015	24.35
1990-1999	59	0.00781	0.00778	0.5	90980	708	90626	2140696	23.53
1990-1999	60	0.00874	0.00870	0.5	90272	785	89880	2050070	22.71
1990-1999	61	0.00977	0.00973	0.5	89487	870	89052	1960190	21.90
1990-1999	62	0.01062	0.01056	0.5	88617	936	88149	1871138	21.11
1990-1999	63	0.01161	0.01155	0.5	87681	1012	87175	1782990	20.33
1990-1999	64	0.01261	0.01253	0.5	86668	1086	86125	1695815	19.57
1990-1999	65	0.01389	0.01379	0.5	85582	1180	84992	1609690	18.81
1990-1999	66	0.01502	0.01490	0.5	84402	1258	83773	1524698	18.06
1990-1999	67	0.01646	0.01633	0.5	83144	1358	82465	1440925	17.33
1990-1999	68	0.01803	0.01787	0.5	81786	1461	81055	1358460	16.61
1990-1999	69	0.01946	0.01927	0.5	80325	1548	79551	1277405	15.90
1990-1999	70	0.02123	0.02101	0.5	78777	1655	77950	1197854	15.21
1990-1999	71	0.02347	0.02320	0.5	77122	1789	76228	1119904	14.52
1990-1999	72	0.02550	0.02518	0.5	75333	1897	74384	1043677	13.85
1990-1999	73	0.02781	0.02743	0.5	73436	2014	72429	969292	13.20
1990-1999	74	0.02986	0.02942	0.5	71422	2101	70371	896863	12.56
1990-1999	75	0.03254	0.03202	0.5	69321	2219	68211	826492	11.92
1990-1999	76	0.03583	0.03520	0.5	67101	2362	65920	758281	11.30
1990-1999	77	0.03935	0.03859	0.5	64740	2498	63490	692360	10.69
1990-1999	78	0.04271	0.04181	0.5	62241	2603	60940	628870	10.10
1990-1999	79	0.04732	0.04623	0.5	59639	2757	58260	567929	9.52
1990-1999	80	0.05410	0.05268	0.5	56882	2996	55384	509669	8.96
1990-1999	81	0.05991	0.05817	0.5	53886	3134	52319	454285	8.43
1990-1999	82	0.06595	0.06385	0.5	50751	3240	49131	401967	7.92
1990-1999	83	0.07347	0.07086	0.5	47511	3367	45828	352836	7.43
1990-1999	84	0.08170	0.07850	0.5	44144	3465	42412	307008	6.95
1990-1999	85	0.09081	0.08687	0.5	40679	3534	38912	264596	6.50
1990-1999	86	0.10124	0.09636	0.5	37145	3579	35356	225684	6.08
1990-1999	87	0.11275	0.10674	0.5	33566	3583	31774	190329	5.67
1990-1999	88	0.12525	0.11787	0.5	29983	3534	28216	158554	5.29
1990-1999	89	0.13912	0.13007	0.5	26449	3440	24729	130338	4.93
1990-1999	90	0.15540	0.14420	0.5	23009	3318	21350	105609	4.59
1990-1999	91	0.17102	0.15754	0.5	19691	3102	18140	84259	4.28
1990-1999	92	0.18988	0.17341	0.5	16589	2877	15151	66119	3.99
1990-1999	93	0.20811	0.18850	0.5	13712	2585	12420	50968	3.72
1990-1999	94	0.23182	0.20774	0.5	11127	2312	9972	38549	3.46
1990-1999	95	0.25142	0.22334	0.5	8816	1969	7831	28577	3.24
1990-1999	96	0.27466	0.24150	0.5	6847	1654	6020	20746	3.03
1990-1999	97	0.29920	0.26026	0.5	5193	1352	4518	14725	2.84
1990-1999	98	0.32494	0.27953	0.5	3842	1074	3305	10208	2.66
1990-1999	99	0.35179	0.29917	0.5	2768	828	2354	6903	2.49
1990-1999	100	0.37961	0.31905	0.5	1940	619	1630	4549	2.35
1990-1999	101	0.40825	0.33904	0.5	1321	448	1097	2919	2.21
1990-1999	102	0.43752	0.35899	0.5	873	313	716	1822	2.09
1990-1999	103	0.46723	0.37875	0.5	560	212	454	1105	1.98
1990-1999	104	0.49718	0.39819	0.5	348	138	278	652	1.87
1990-1999	105	0.52715	0.41719	0.5	209	87	166	373	1.78
1990-1999	106	0.55692	0.43562	0.5	122	53	95	208	1.70
1990-1999	107	0.58629	0.45338	0.5	69	31	53	112	1.63
1990-1999	108	0.61506	0.47040	0.5	38	18	29	59	1.57
1990-1999	109	0.64304	0.48659	0.5	20	10	15	30	1.52
1990-1999	110+	0.67009	1.00000	1.49	10	10	15	15	1.49
2000-2009	0	0.00694	0.00690	0.07	100000	690	99360	7976628	79.77
2000-2009	1	0.00045	0.00045	0.5	99310	45	99288	7877267	79.32
2000-2009	2	0.00026	0.00026	0.5	99266	26	99253	7777979	78.36
2000-2009	3	0.00019	0.00019	0.5	99240	19	99231	7678727	77.38
2000-2009	4	0.00015	0.00015	0.5	99221	15	99214	7579496	76.39
2000-2009	5	0.00013	0.00013	0.5	99206	13	99199	7480282	75.40
2000-2009	6	0.00013	0.00013	0.5	99193	12	99187	7381083	74.41
2000-2009	7	0.00012	0.00012	0.5	99180	12	99174	7281896	73.42
2000-2009	8	0.00013	0.00013	0.5	99168	12	99162	7182722	72.43
2000-2009	9	0.00012	0.00012	0.5	99156	11	99150	7083560	71.44
2000-2009	10	0.00012	0.00012	0.5	99144	12	99138	6984410	70.45
2000-2009	11	0.00012	0.00012	0.5	99132	12	99126	6885272	69.46
2000-2009	12	0.00013	0.00013	0.5	99120	12	99114	6786146	68.46
2000-2009	13	0.00014	0.00014	0.5	99108	14	99101	6687031	67.47
2000-2009	14	0.00018	0.00018	0.5	99094	18	99085	6587931	66.48
2000-2009	15	0.00023	0.00023	0.5	99075	23	99064	6488846	65.49
2000-2009	16	0.00032	0.00032	0.5	99053	31	99037	6389782	64.51
2000-2009	17	0.00036	0.00036	0.5	99022	36	99004	6290745	63.53
2000-2009	18	0.00041	0.00041	0.5	98986	40	98966	6191741	62.55
2000-2009	19	0.00041	0.00041	0.5	98946	40	98926	6092775	61.58
2000-2009	20	0.00040	0.00040	0.5	98905	40	98886	5993849	60.60
2000-2009	21	0.00045	0.00045	0.5	98866	45	98843	5894964	59.63
2000-2009	22	0.00045	0.00045	0.5	98821	45	98799	5796120	58.65
2000-2009	23	0.00045	0.00045	0.5	98776	45	98754	5697322	57.68
2000-2009	24	0.00046	0.00046	0.5	98732	46	98709	5598568	56.70
2000-2009	25	0.00048	0.00048	0.5	98686	47	98663	5499859	55.73
2000-2009	26	0.00050	0.00050	0.5	98639	49	98614	5401196	54.76
2000-2009	27	0.00053	0.00053	0.5	98590	52	98564	5302582	53.78
2000-2009	28	0.00056	0.00056	0.5	98538	55	98510	5204018	52.81
2000-2009	29	0.00061	0.00061	0.5	98483	60	98453	5105507	51.84
2000-2009	30	0.00063	0.00063	0.5	98423	62	98392	5007054	50.87
2000-2009	31	0.00066	0.00066	0.5	98361	65	98328	4908663	49.90
2000-2009	32	0.00073	0.00073	0.5	98296	72	98260	4810335	48.94
2000-2009	33	0.00075	0.00075	0.5	98224	73	98187	4712074	47.97
2000-2009	34	0.00079	0.00079	0.5	98151	77	98112	4613887	47.01
2000-2009	35	0.00087	0.00087	0.5	98073	86	98031	4515775	46.04
2000-2009	36	0.00094	0.00094	0.5	97988	92	97942	4417744	45.08
2000-2009	37	0.00105	0.00105	0.5	97895	103	97844	4319803	44.13
2000-2009	38	0.00117	0.00117	0.5	97793	114	97736	4221959	43.17
2000-2009	39	0.00128	0.00127	0.5	97679	125	97616	4124223	42.22
2000-2009	40	0.00142	0.00142	0.5	97554	139	97485	4026607	41.28
2000-2009	41	0.00151	0.00151	0.5	97415	147	97342	3929122	40.33
2000-2009	42	0.00167	0.00167	0.5	97268	162	97187	3831781	39.39
2000-2009	43	0.00186	0.00186	0.5	97106	180	97016	3734594	38.46
2000-2009	44	0.00201	0.00201	0.5	96926	195	96828	3637578	37.53
2000-2009	45	0.00220	0.00220	0.5	96731	213	96624	3540750	36.60
2000-2009	46	0.00236	0.00236	0.5	96518	228	96404	3444126	35.68
2000-2009	47	0.00258	0.00258	0.5	96290	249	96166	3347722	34.77
2000-2009	48	0.00281	0.00281	0.5	96042	270	95907	3251556	33.86
2000-2009	49	0.00304	0.00303	0.5	95772	291	95626	3155649	32.95
2000-2009	50	0.00332	0.00332	0.5	95481	317	95323	3060023	32.05
2000-2009	51	0.00350	0.00349	0.5	95164	332	94998	2964700	31.15
2000-2009	52	0.00378	0.00377	0.5	94832	357	94654	2869702	30.26
2000-2009	53	0.00416	0.00415	0.5	94475	392	94279	2775048	29.37
2000-2009	54	0.00448	0.00447	0.5	94082	420	93872	2680769	28.49
2000-2009	55	0.00474	0.00473	0.5	93662	443	93441	2586897	27.62
2000-2009	56	0.00524	0.00523	0.5	93219	487	92976	2493456	26.75
2000-2009	57	0.00579	0.00578	0.5	92732	536	92464	2400480	25.89
2000-2009	58	0.00640	0.00638	0.5	92197	588	91902	2308016	25.03
2000-2009	59	0.00688	0.00685	0.5	91608	628	91294	2216114	24.19
2000-2009	60	0.00759	0.00756	0.5	90980	688	90636	2124819	23.35
2000-2009	61	0.00830	0.00827	0.5	90292	747	89919	2034183	22.53
2000-2009	62	0.00929	0.00924	0.5	89546	828	89132	1944264	21.71
2000-2009	63	0.01004	0.00999	0.5	88718	887	88275	1855132	20.91
2000-2009	64	0.01123	0.01117	0.5	87831	981	87341	1766858	20.12
2000-2009	65	0.01209	0.01202	0.5	86850	1044	86328	1679517	19.34
2000-2009	66	0.01325	0.01317	0.5	85807	1130	85242	1593189	18.57
2000-2009	67	0.01459	0.01448	0.5	84677	1226	84064	1507947	17.81
2000-2009	68	0.01583	0.01570	0.5	83451	1310	82796	1423883	17.06
2000-2009	69	0.01717	0.01702	0.5	82140	1398	81441	1341087	16.33
2000-2009	70	0.01924	0.01906	0.5	80742	1539	79973	1259646	15.60
2000-2009	71	0.02083	0.02061	0.5	79203	1633	78387	1179673	14.89
2000-2009	72	0.02297	0.02271	0.5	77571	1762	76690	1101286	14.20
2000-2009	73	0.02503	0.02472	0.5	75809	1874	74872	1024596	13.52
2000-2009	74	0.02739	0.02702	0.5	73934	1998	72936	949725	12.85
2000-2009	75	0.03017	0.02973	0.5	71937	2138	70868	876789	12.19
2000-2009	76	0.03313	0.03259	0.5	69798	2275	68661	805922	11.55
2000-2009	77	0.03627	0.03562	0.5	67523	2405	66321	737261	10.92
2000-2009	78	0.03999	0.03920	0.5	65118	2553	63842	670940	10.30
2000-2009	79	0.04403	0.04308	0.5	62565	2695	61218	607098	9.70
2000-2009	80	0.05010	0.04887	0.5	59870	2926	58407	545880	9.12
2000-2009	81	0.05565	0.05414	0.5	56944	3083	55403	487473	8.56
2000-2009	82	0.06245	0.06056	0.5	53861	3262	52230	432070	8.02
2000-2009	83	0.06909	0.06678	0.5	50600	3379	48910	379840	7.51
2000-2009	84	0.07728	0.07441	0.5	47221	3514	45464	330930	7.01
2000-2009	85	0.08679	0.08318	0.5	43707	3636	41889	285466	6.53
2000-2009	86	0.09760	0.09306	0.5	40071	3729	38207	243577	6.08
2000-2009	87	0.10984	0.10412	0.5	36343	3784	34451	205370	5.65
2000-2009	88	0.12261	0.11553	0.5	32559	3761	30678	170919	5.25
2000-2009	89	0.13776	0.12888	0.5	28797	3712	26941	140241	4.87
2000-2009	90	0.15394	0.14294	0.5	25086	3586	23293	113300	4.52
2000-2009	91	0.17250	0.15880	0.5	21500	3414	19793	90007	4.19
2000-2009	92	0.19333	0.17629	0.5	18086	3188	16492	70214	3.88
2000-2009	93	0.21659	0.19543	0.5	14897	2911	13442	53723	3.61
2000-2009	94	0.23721	0.21206	0.5	11986	2542	10715	40281	3.36
2000-2009	95	0.25971	0.22986	0.5	9444	2171	8359	29566	3.13
2000-2009	96	0.28525	0.24964	0.5	7273	1816	6366	21207	2.92
2000-2009	97	0.31223	0.27007	0.5	5458	1474	4721	14841	2.72
2000-2009	98	0.34055	0.29100	0.5	3984	1159	3404	10121	2.54
2000-2009	99	0.37006	0.31228	0.5	2824	882	2383	6717	2.38
2000-2009	100	0.40057	0.33373	0.5	1942	648	1618	4333	2.23
2000-2009	101	0.43187	0.35518	0.5	1294	460	1064	2715	2.10
2000-2009	102	0.46373	0.37644	0.5	835	314	677	1651	1.98
2000-2009	103	0.49588	0.39736	0.5	520	207	417	973	1.87
2000-2009	104	0.52807	0.41777	0.5	314	131	248	556	1.77
2000-2009	105	0.56003	0.43752	0.5	183	80	143	308	1.69
2000-2009	106	0.59149	0.45649	0.5	103	47	79	165	1.61
2000-2009	107	0.62223	0.47458	0.5	56	26	43	86	1.54
2000-2009	108	0.65201	0.49171	0.5	29	14	22	44	1.49
2000-2009	109	0.68065	0.50783	0.5	15	8	11	21	1.44
2000-2009	110+	0.70799	1.00000	1.41	7	7	10	10	1.41
2010-2019	0	0.00607	0.00603	0.07	100000	603	99439	8051749	80.52
2010-2019	1	0.00038	0.00038	0.5	99397	38	99378	7952310	80.01
2010-2019	2	0.00021	0.00021	0.5	99359	21	99348	7852932	79.04
2010-2019	3	0.00017	0.00017	0.5	99338	17	99329	7753584	78.05
2010-2019	4	0.00014	0.00014	0.5	99320	14	99313	7654255	77.07
2010-2019	5	0.00012	0.00012	0.5	99306	12	99300	7554942	76.08
2010-2019	6	0.00011	0.00011	0.5	99294	11	99289	7455642	75.09
2010-2019	7	0.00009	0.00009	0.5	99283	9	99279	7356353	74.09
2010-2019	8	0.00010	0.00010	0.5	99274	10	99269	7257074	73.10
2010-2019	9	0.00009	0.00009	0.5	99265	9	99260	7157805	72.11
2010-2019	10	0.00010	0.00010	0.5	99255	10	99250	7058545	71.12
2010-2019	11	0.00011	0.00011	0.5	99245	11	99239	6959295	70.12
2010-2019	12	0.00012	0.00012	0.5	99234	12	99228	6860056	69.13
2010-2019	13	0.00013	0.00013	0.5	99222	13	99215	6760828	68.14
2010-2019	14	0.00016	0.00016	0.5	99209	16	99201	6661613	67.15
2010-2019	15	0.00020	0.00020	0.5	99193	20	99183	6562412	66.16
2010-2019	16	0.00024	0.00024	0.5	99173	24	99161	6463229	65.17
2010-2019	17	0.00028	0.00028	0.5	99149	28	99135	6364069	64.19
2010-2019	18	0.00036	0.00036	0.5	99121	36	99103	6264934	63.20
2010-2019	19	0.00038	0.00038	0.5	99085	38	99066	6165831	62.23
2010-2019	20	0.00043	0.00043	0.5	99047	42	99026	6066764	61.25
2010-2019	21	0.00047	0.00047	0.5	99005	46	98982	5967738	60.28
2010-2019	22	0.00050	0.00050	0.5	98959	49	98934	5868756	59.30
2010-2019	23	0.00055	0.00055	0.5	98910	54	98883	5769822	58.33
2010-2019	24	0.00055	0.00055	0.5	98856	55	98828	5670939	57.37
2010-2019	25	0.00061	0.00061	0.5	98801	61	98771	5572111	56.40
2010-2019	26	0.00066	0.00066	0.5	98740	65	98708	5473340	55.43
2010-2019	27	0.00068	0.00068	0.5	98675	67	98642	5374632	54.47
2010-2019	28	0.00075	0.00075	0.5	98608	74	98571	5275991	53.50
2010-2019	29	0.00079	0.00079	0.5	98535	78	98496	5177419	52.54
2010-2019	30	0.00080	0.00080	0.5	98457	79	98417	5078924	51.59
2010-2019	31	0.00086	0.00086	0.5	98377	85	98335	4980507	50.63
2010-2019	32	0.00092	0.00092	0.5	98293	90	98248	4882172	49.67
2010-2019	33	0.00096	0.00096	0.5	98202	94	98155	4783924	48.71
2010-2019	34	0.00102	0.00102	0.5	98108	100	98058	4685769	47.76
2010-2019	35	0.00109	0.00109	0.5	98008	107	97955	4587711	46.81
2010-2019	36	0.00112	0.00111	0.5	97901	109	97847	4489756	45.86
2010-2019	37	0.00118	0.00118	0.5	97792	116	97734	4391910	44.91
2010-2019	38	0.00123	0.00123	0.5	97676	120	97617	4294176	43.96
2010-2019	39	0.00133	0.00133	0.5	97557	130	97492	4196559	43.02
2010-2019	40	0.00141	0.00141	0.5	97427	137	97358	4099067	42.07
2010-2019	41	0.00155	0.00155	0.5	97289	151	97214	4001709	41.13
2010-2019	42	0.00162	0.00162	0.5	97139	157	97060	3904495	40.19
2010-2019	43	0.00176	0.00176	0.5	96982	171	96896	3807435	39.26
2010-2019	44	0.00197	0.00197	0.5	96811	191	96715	3710539	38.33
2010-2019	45	0.00212	0.00211	0.5	96620	204	96518	3613823	37.40
2010-2019	46	0.00240	0.00240	0.5	96416	231	96300	3517305	36.48
2010-2019	47	0.00253	0.00252	0.5	96185	243	96063	3421005	35.57
2010-2019	48	0.00278	0.00277	0.5	95942	266	95809	3324942	34.66
2010-2019	49	0.00299	0.00299	0.5	95676	286	95533	3229133	33.75
2010-2019	50	0.00329	0.00329	0.5	95390	314	95233	3133600	32.85
2010-2019	51	0.00356	0.00356	0.5	95077	338	94908	3038366	31.96
2010-2019	52	0.00389	0.00388	0.5	94738	368	94554	2943459	31.07
2010-2019	53	0.00422	0.00421	0.5	94371	398	94172	2848904	30.19
2010-2019	54	0.00458	0.00457	0.5	93973	429	93758	2754733	29.31
2010-2019	55	0.00491	0.00489	0.5	93544	458	93315	2660974	28.45
2010-2019	56	0.00533	0.00531	0.5	93086	494	92839	2567660	27.58
2010-2019	57	0.00573	0.00572	0.5	92591	529	92327	2474821	26.73
2010-2019	58	0.00613	0.00611	0.5	92062	563	91781	2382494	25.88
2010-2019	59	0.00656	0.00654	0.5	91499	599	91200	2290713	25.04
2010-2019	60	0.00706	0.00703	0.5	90901	639	90581	2199513	24.20
2010-2019	61	0.00760	0.00757	0.5	90261	683	89920	2108932	23.36
2010-2019	62	0.00822	0.00819	0.5	89578	733	89212	2019012	22.54
2010-2019	63	0.00904	0.00900	0.5	88845	800	88445	1929800	21.72
2010-2019	64	0.00971	0.00967	0.5	88046	851	87620	1841355	20.91
2010-2019	65	0.01058	0.01052	0.5	87194	918	86736	1753735	20.11
2010-2019	66	0.01145	0.01138	0.5	86277	982	85786	1667000	19.32
2010-2019	67	0.01250	0.01242	0.5	85295	1060	84765	1581214	18.54
2010-2019	68	0.01369	0.01359	0.5	84235	1145	83663	1496449	17.77
2010-2019	69	0.01512	0.01500	0.5	83090	1247	82467	1412786	17.00
2010-2019	70	0.01667	0.01653	0.5	81843	1353	81167	1330320	16.25
2010-2019	71	0.01833	0.01816	0.5	80490	1462	79759	1249153	15.52
2010-2019	72	0.02035	0.02014	0.5	79029	1592	78233	1169393	14.80
2010-2019	73	0.02208	0.02184	0.5	77437	1691	76591	1091161	14.09
2010-2019	74	0.02432	0.02403	0.5	75746	1820	74836	1014570	13.39
2010-2019	75	0.02684	0.02649	0.5	73925	1958	72946	939734	12.71
2010-2019	76	0.02956	0.02913	0.5	71967	2097	70919	866788	12.04
2010-2019	77	0.03252	0.03200	0.5	69871	2236	68753	795869	11.39
2010-2019	78	0.03590	0.03526	0.5	67635	2385	66443	727116	10.75
2010-2019	79	0.03994	0.03916	0.5	65250	2555	63973	660673	10.13
2010-2019	80	0.04603	0.04499	0.5	62695	2821	61285	596701	9.52
2010-2019	81	0.05115	0.04987	0.5	59874	2986	58381	535416	8.94
2010-2019	82	0.05726	0.05566	0.5	56888	3167	55305	477035	8.39
2010-2019	83	0.06385	0.06188	0.5	53722	3324	52059	421730	7.85
2010-2019	84	0.07140	0.06894	0.5	50397	3474	48660	369671	7.34
2010-2019	85	0.08026	0.07717	0.5	46923	3621	45113	321011	6.84
2010-2019	86	0.08920	0.08539	0.5	43302	3698	41453	275898	6.37
2010-2019	87	0.10067	0.09585	0.5	39605	3796	37707	234445	5.92
2010-2019	88	0.11301	0.10697	0.5	35809	3830	33893	196738	5.49
2010-2019	89	0.12733	0.11971	0.5	31978	3828	30064	162845	5.09
2010-2019	90	0.14397	0.13430	0.5	28150	3781	26260	132780	4.72
2010-2019	91	0.16163	0.14954	0.5	24370	3644	22547	106521	4.37
2010-2019	92	0.18057	0.16562	0.5	20725	3433	19009	83973	4.05
2010-2019	93	0.20137	0.18295	0.5	17293	3164	15711	64964	3.76
2010-2019	94	0.22506	0.20229	0.5	14129	2858	12700	49253	3.49
2010-2019	95	0.24686	0.21974	0.5	11271	2477	10033	36553	3.24
2010-2019	96	0.27204	0.23947	0.5	8794	2106	7741	26521	3.02
2010-2019	97	0.29876	0.25993	0.5	6688	1739	5819	18779	2.81
2010-2019	98	0.32693	0.28100	0.5	4950	1391	4254	12960	2.62
2010-2019	99	0.35641	0.30250	0.5	3559	1077	3021	8706	2.45
2010-2019	100	0.38702	0.32427	0.5	2482	805	2080	5685	2.29
2010-2019	101	0.41855	0.34611	0.5	1677	581	1387	3606	2.15
2010-2019	102	0.45075	0.36785	0.5	1097	403	895	2218	2.02
2010-2019	103	0.48338	0.38929	0.5	693	270	558	1323	1.91
2010-2019	104	0.51614	0.41027	0.5	423	174	337	765	1.81
2010-2019	105	0.54877	0.43062	0.5	250	108	196	428	1.72
2010-2019	106	0.58099	0.45021	0.5	142	64	110	232	1.64
2010-2019	107	0.61253	0.46891	0.5	78	37	60	122	1.56
2010-2019	108	0.64315	0.48665	0.5	42	20	31	62	1.50
2010-2019	109	0.67264	0.50335	0.5	21	11	16	31	1.46
2010-2019	110+	0.70084	1.00000	1.43	11	11	15	15	1.43
2020-2022	0	0.00580	0.00577	0.07	100000	577	99463	7910609	79.11
2020-2022	1	0.00038	0.00038	0.5	99423	38	99404	7811146	78.56
2020-2022	2	0.00027	0.00027	0.5	99385	27	99372	7711742	77.59
2020-2022	3	0.00019	0.00019	0.5	99359	19	99349	7612370	76.62
2020-2022	4	0.00012	0.00012	0.5	99340	12	99334	7513020	75.63
2020-2022	5	0.00012	0.00012	0.5	99328	12	99322	7413687	74.64
2020-2022	6	0.00012	0.00012	0.5	99316	12	99310	7314365	73.65
2020-2022	7	0.00012	0.00012	0.5	99304	12	99298	7215055	72.66
2020-2022	8	0.00012	0.00012	0.5	99293	12	99287	7115756	71.66
2020-2022	9	0.00010	0.00010	0.5	99281	10	99276	7016470	70.67
2020-2022	10	0.00011	0.00011	0.5	99271	11	99265	6917194	69.68
2020-2022	11	0.00011	0.00011	0.5	99260	11	99254	6817929	68.69
2020-2022	12	0.00014	0.00014	0.5	99248	14	99242	6718675	67.70
2020-2022	13	0.00016	0.00016	0.5	99235	16	99227	6619433	66.70
2020-2022	14	0.00019	0.00019	0.5	99219	19	99209	6520207	65.72
2020-2022	15	0.00021	0.00021	0.5	99200	21	99189	6420998	64.73
2020-2022	16	0.00025	0.00025	0.5	99179	25	99166	6321808	63.74
2020-2022	17	0.00030	0.00030	0.5	99154	30	99139	6222642	62.76
2020-2022	18	0.00042	0.00042	0.5	99124	42	99103	6123503	61.78
2020-2022	19	0.00046	0.00046	0.5	99082	46	99059	6024400	60.80
2020-2022	20	0.00048	0.00048	0.5	99036	48	99012	5925341	59.83
2020-2022	21	0.00057	0.00057	0.5	98988	57	98960	5826329	58.86
2020-2022	22	0.00063	0.00063	0.5	98932	62	98901	5727368	57.89
2020-2022	23	0.00067	0.00067	0.5	98870	66	98837	5628468	56.93
2020-2022	24	0.00074	0.00074	0.5	98804	73	98767	5529631	55.97
2020-2022	25	0.00074	0.00074	0.5	98730	73	98694	5430864	55.01
2020-2022	26	0.00083	0.00083	0.5	98657	82	98616	5332170	54.05
2020-2022	27	0.00090	0.00090	0.5	98575	89	98531	5233554	53.09
2020-2022	28	0.00098	0.00098	0.5	98486	96	98438	5135023	52.14
2020-2022	29	0.00108	0.00108	0.5	98390	106	98337	5036585	51.19
2020-2022	30	0.00116	0.00116	0.5	98284	114	98227	4938249	50.24
2020-2022	31	0.00118	0.00118	0.5	98169	116	98112	4840022	49.30
2020-2022	32	0.00135	0.00135	0.5	98054	133	97988	4741910	48.36
2020-2022	33	0.00136	0.00136	0.5	97921	133	97855	4643923	47.43
2020-2022	34	0.00140	0.00140	0.5	97788	136	97720	4546068	46.49
2020-2022	35	0.00160	0.00160	0.5	97652	156	97574	4448348	45.55
2020-2022	36	0.00155	0.00155	0.5	97496	151	97420	4350775	44.63
2020-2022	37	0.00165	0.00165	0.5	97344	161	97264	4253355	43.69
2020-2022	38	0.00172	0.00172	0.5	97183	167	97100	4156091	42.77
2020-2022	39	0.00183	0.00183	0.5	97017	177	96928	4058991	41.84
2020-2022	40	0.00189	0.00188	0.5	96839	182	96748	3962063	40.91
2020-2022	41	0.00205	0.00205	0.5	96657	198	96558	3865315	39.99
2020-2022	42	0.00217	0.00217	0.5	96459	209	96354	3768757	39.07
2020-2022	43	0.00230	0.00229	0.5	96250	221	96139	3672403	38.15
2020-2022	44	0.00245	0.00245	0.5	96029	235	95912	3576264	37.24
2020-2022	45	0.00253	0.00252	0.5	95794	242	95673	3480352	36.33
2020-2022	46	0.00281	0.00280	0.5	95552	268	95419	3384679	35.42
2020-2022	47	0.00302	0.00301	0.5	95285	287	95141	3289261	34.52
2020-2022	48	0.00317	0.00317	0.5	94997	301	94847	3194120	33.62
2020-2022	49	0.00352	0.00351	0.5	94696	333	94530	3099273	32.73
2020-2022	50	0.00390	0.00389	0.5	94364	367	94180	3004742	31.84
2020-2022	51	0.00407	0.00406	0.5	93997	382	93806	2910562	30.96
2020-2022	52	0.00444	0.00443	0.5	93615	415	93407	2816757	30.09
2020-2022	53	0.00471	0.00470	0.5	93200	438	92981	2723349	29.22
2020-2022	54	0.00507	0.00506	0.5	92762	469	92527	2630368	28.36
2020-2022	55	0.00559	0.00557	0.5	92293	514	92036	2537841	27.50
2020-2022	56	0.00613	0.00611	0.5	91778	561	91498	2445805	26.65
2020-2022	57	0.00655	0.00653	0.5	91217	596	90920	2354308	25.81
2020-2022	58	0.00701	0.00698	0.5	90622	633	90305	2263388	24.98
2020-2022	59	0.00788	0.00785	0.5	89989	706	89636	2173083	24.15
2020-2022	60	0.00852	0.00848	0.5	89283	757	88904	2083447	23.34
2020-2022	61	0.00920	0.00916	0.5	88526	811	88120	1994542	22.53
2020-2022	62	0.00979	0.00975	0.5	87715	855	87287	1906422	21.73
2020-2022	63	0.01065	0.01060	0.5	86860	920	86399	1819135	20.94
2020-2022	64	0.01152	0.01146	0.5	85939	985	85447	1732736	20.16
2020-2022	65	0.01248	0.01240	0.5	84954	1054	84428	1647289	19.39
2020-2022	66	0.01308	0.01299	0.5	83901	1090	83356	1562861	18.63
2020-2022	67	0.01399	0.01389	0.5	82811	1150	82236	1479505	17.87
2020-2022	68	0.01494	0.01482	0.5	81661	1211	81055	1397270	17.11
2020-2022	69	0.01622	0.01609	0.5	80450	1294	79803	1316214	16.36
2020-2022	70	0.01814	0.01797	0.5	79156	1423	78444	1236411	15.62
2020-2022	71	0.01997	0.01977	0.5	77733	1537	76964	1157967	14.90
2020-2022	72	0.02179	0.02155	0.5	76196	1642	75375	1081003	14.19
2020-2022	73	0.02449	0.02420	0.5	74553	1804	73652	1005628	13.49
2020-2022	74	0.02648	0.02614	0.5	72750	1902	71799	931977	12.81
2020-2022	75	0.02931	0.02889	0.5	70848	2047	69825	860178	12.14
2020-2022	76	0.03243	0.03192	0.5	68801	2196	67703	790353	11.49
2020-2022	77	0.03725	0.03656	0.5	66605	2435	65388	722650	10.85
2020-2022	78	0.04064	0.03983	0.5	64170	2556	62892	657262	10.24
2020-2022	79	0.04518	0.04418	0.5	61614	2722	60253	594370	9.65
2020-2022	80	0.04962	0.04842	0.5	58892	2851	57466	534117	9.07
2020-2022	81	0.05487	0.05341	0.5	56041	2993	54544	476651	8.51
2020-2022	82	0.06278	0.06087	0.5	53048	3229	51433	422107	7.96
2020-2022	83	0.06940	0.06707	0.5	49818	3341	48148	370674	7.44
2020-2022	84	0.07870	0.07572	0.5	46477	3519	44718	322526	6.94
2020-2022	85	0.08851	0.08476	0.5	42958	3641	41138	277809	6.47
2020-2022	86	0.09815	0.09356	0.5	39317	3678	37478	236671	6.02
2020-2022	87	0.10991	0.10418	0.5	35639	3713	33782	199193	5.59
2020-2022	88	0.12335	0.11618	0.5	31926	3709	30071	165411	5.18
2020-2022	89	0.13974	0.13061	0.5	28216	3685	26374	135340	4.80
2020-2022	90	0.15713	0.14568	0.5	24531	3574	22744	108966	4.44
2020-2022	91	0.17450	0.16049	0.5	20957	3364	19276	86222	4.11
2020-2022	92	0.19544	0.17804	0.5	17594	3132	16028	66947	3.81
2020-2022	93	0.22147	0.19939	0.5	14461	2883	13020	50919	3.52
2020-2022	94	0.24230	0.21612	0.5	11578	2502	10327	37899	3.27
2020-2022	95	0.26872	0.23689	0.5	9076	2150	8001	27573	3.04
2020-2022	96	0.29561	0.25755	0.5	6926	1784	6034	19572	2.83
2020-2022	97	0.32400	0.27883	0.5	5142	1434	4425	13538	2.63
2020-2022	98	0.35375	0.30059	0.5	3708	1115	3151	9113	2.46
2020-2022	99	0.38468	0.32263	0.5	2594	837	2175	5962	2.30
2020-2022	100	0.41657	0.34476	0.5	1757	606	1454	3787	2.16
2020-2022	101	0.44917	0.36679	0.5	1151	422	940	2333	2.03
2020-2022	102	0.48221	0.38854	0.5	729	283	587	1393	1.91
2020-2022	103	0.51542	0.40981	0.5	446	183	354	805	1.81
2020-2022	104	0.54848	0.43044	0.5	263	113	206	451	1.71
2020-2022	105	0.58112	0.45029	0.5	150	67	116	245	1.63
2020-2022	106	0.61307	0.46923	0.5	82	39	63	128	1.56
2020-2022	107	0.64407	0.48718	0.5	44	21	33	65	1.50
2020-2022	108	0.67391	0.50407	0.5	22	11	17	32	1.44
2020-2022	109	0.70241	0.51984	0.5	11	6	8	16	1.40
2020-2022	110+	0.72941	1.00000	1.37	5	5	7	7	1.37
