Div3: Div3, Lifetables (period 1x10), Males Last modified: February 4 2025, MPv5 (May07) 

Year     	Age	mx	qx	ax	lx	dx	Lx	Tx	ex
1941-1949	0	0.03878	0.03755	0.15	100000	3755	96805	6452057	64.52
1941-1949	1	0.00303	0.00303	0.5	96245	292	96100	6355251	66.03
1941-1949	2	0.00183	0.00183	0.5	95954	176	95866	6259152	65.23
1941-1949	3	0.00145	0.00145	0.5	95778	139	95709	6163285	64.35
1941-1949	4	0.00117	0.00117	0.5	95639	112	95584	6067576	63.44
1941-1949	5	0.00106	0.00106	0.5	95528	101	95477	5971993	62.52
1941-1949	6	0.00102	0.00102	0.5	95426	97	95378	5876516	61.58
1941-1949	7	0.00099	0.00099	0.5	95329	94	95282	5781138	60.64
1941-1949	8	0.00095	0.00095	0.5	95235	91	95189	5685857	59.70
1941-1949	9	0.00091	0.00090	0.5	95144	86	95101	5590668	58.76
1941-1949	10	0.00086	0.00086	0.5	95058	82	95017	5495567	57.81
1941-1949	11	0.00086	0.00086	0.5	94976	81	94935	5400550	56.86
1941-1949	12	0.00091	0.00091	0.5	94894	87	94851	5305615	55.91
1941-1949	13	0.00102	0.00102	0.5	94808	96	94760	5210764	54.96
1941-1949	14	0.00117	0.00117	0.5	94712	111	94656	5116004	54.02
1941-1949	15	0.00135	0.00135	0.5	94601	128	94537	5021347	53.08
1941-1949	16	0.00151	0.00151	0.5	94473	143	94402	4926810	52.15
1941-1949	17	0.00164	0.00164	0.5	94330	154	94253	4832409	51.23
1941-1949	18	0.00174	0.00173	0.5	94176	163	94094	4738155	50.31
1941-1949	19	0.00180	0.00180	0.5	94013	169	93928	4644061	49.40
1941-1949	20	0.00184	0.00184	0.5	93843	173	93757	4550133	48.49
1941-1949	21	0.00188	0.00188	0.5	93671	176	93583	4456376	47.57
1941-1949	22	0.00191	0.00191	0.5	93495	178	93406	4362794	46.66
1941-1949	23	0.00192	0.00192	0.5	93317	179	93227	4269388	45.75
1941-1949	24	0.00193	0.00192	0.5	93137	179	93048	4176161	44.84
1941-1949	25	0.00192	0.00192	0.5	92958	179	92869	4083113	43.92
1941-1949	26	0.00194	0.00194	0.5	92780	180	92690	3990244	43.01
1941-1949	27	0.00198	0.00198	0.5	92600	183	92508	3897555	42.09
1941-1949	28	0.00205	0.00205	0.5	92417	190	92322	3805047	41.17
1941-1949	29	0.00215	0.00215	0.5	92227	198	92128	3712725	40.26
1941-1949	30	0.00228	0.00227	0.5	92029	209	91924	3620597	39.34
1941-1949	31	0.00241	0.00241	0.5	91819	221	91709	3528673	38.43
1941-1949	32	0.00256	0.00256	0.5	91598	235	91481	3436964	37.52
1941-1949	33	0.00274	0.00273	0.5	91364	250	91239	3345483	36.62
1941-1949	34	0.00293	0.00292	0.5	91114	266	90981	3254245	35.72
1941-1949	35	0.00315	0.00315	0.5	90847	286	90704	3163264	34.82
1941-1949	36	0.00340	0.00340	0.5	90561	307	90408	3072560	33.93
1941-1949	37	0.00368	0.00368	0.5	90254	332	90088	2982152	33.04
1941-1949	38	0.00402	0.00401	0.5	89922	360	89742	2892064	32.16
1941-1949	39	0.00438	0.00437	0.5	89562	392	89366	2802322	31.29
1941-1949	40	0.00477	0.00476	0.5	89170	425	88958	2712956	30.42
1941-1949	41	0.00518	0.00516	0.5	88745	458	88516	2623999	29.57
1941-1949	42	0.00567	0.00566	0.5	88287	500	88037	2535483	28.72
1941-1949	43	0.00623	0.00621	0.5	87788	545	87515	2447445	27.88
1941-1949	44	0.00678	0.00676	0.5	87243	590	86948	2359930	27.05
1941-1949	45	0.00742	0.00739	0.5	86653	641	86333	2272982	26.23
1941-1949	46	0.00809	0.00806	0.5	86012	693	85666	2186649	25.42
1941-1949	47	0.00881	0.00877	0.5	85319	748	84945	2100983	24.62
1941-1949	48	0.00962	0.00957	0.5	84571	810	84166	2016038	23.84
1941-1949	49	0.01056	0.01050	0.5	83762	880	83322	1931872	23.06
1941-1949	50	0.01163	0.01156	0.5	82882	958	82403	1848550	22.30
1941-1949	51	0.01261	0.01253	0.5	81923	1026	81410	1766147	21.56
1941-1949	52	0.01364	0.01355	0.5	80897	1096	80349	1684737	20.83
1941-1949	53	0.01478	0.01467	0.5	79801	1171	79215	1604389	20.10
1941-1949	54	0.01596	0.01584	0.5	78630	1245	78007	1525173	19.40
1941-1949	55	0.01728	0.01713	0.5	77384	1326	76721	1447166	18.70
1941-1949	56	0.01863	0.01846	0.5	76059	1404	75357	1370445	18.02
1941-1949	57	0.02010	0.01990	0.5	74655	1485	73912	1295088	17.35
1941-1949	58	0.02168	0.02145	0.5	73169	1569	72385	1221176	16.69
1941-1949	59	0.02332	0.02305	0.5	71600	1651	70775	1148792	16.04
1941-1949	60	0.02511	0.02479	0.5	69949	1734	69082	1078017	15.41
1941-1949	61	0.02692	0.02656	0.5	68215	1812	67309	1008935	14.79
1941-1949	62	0.02901	0.02860	0.5	66403	1899	65454	941626	14.18
1941-1949	63	0.03138	0.03090	0.5	64504	1993	63508	876172	13.58
1941-1949	64	0.03378	0.03322	0.5	62511	2077	61473	812664	13.00
1941-1949	65	0.03648	0.03583	0.5	60434	2165	59352	751192	12.43
1941-1949	66	0.03926	0.03850	0.5	58269	2243	57147	691840	11.87
1941-1949	67	0.04234	0.04147	0.5	56026	2323	54864	634693	11.33
1941-1949	68	0.04593	0.04489	0.5	53702	2411	52497	579829	10.80
1941-1949	69	0.04963	0.04843	0.5	51291	2484	50049	527332	10.28
1941-1949	70	0.05372	0.05231	0.5	48807	2553	47531	477282	9.78
1941-1949	71	0.05775	0.05613	0.5	46254	2596	44956	429752	9.29
1941-1949	72	0.06252	0.06062	0.5	43658	2647	42335	384796	8.81
1941-1949	73	0.06822	0.06597	0.5	41011	2706	39658	342461	8.35
1941-1949	74	0.07437	0.07170	0.5	38306	2747	36932	302803	7.90
1941-1949	75	0.08149	0.07830	0.5	35559	2784	34167	265870	7.48
1941-1949	76	0.08877	0.08500	0.5	32775	2786	31382	231703	7.07
1941-1949	77	0.09626	0.09184	0.5	29989	2754	28612	200321	6.68
1941-1949	78	0.10493	0.09970	0.5	27235	2715	25877	171709	6.30
1941-1949	79	0.11430	0.10812	0.5	24520	2651	23194	145832	5.95
1941-1949	80	0.12314	0.11600	0.5	21869	2537	20600	122638	5.61
1941-1949	81	0.13437	0.12591	0.5	19332	2434	18115	102038	5.28
1941-1949	82	0.14660	0.13659	0.5	16898	2308	15744	83923	4.97
1941-1949	83	0.15980	0.14798	0.5	14590	2159	13510	68179	4.67
1941-1949	84	0.17365	0.15978	0.5	12431	1986	11438	54669	4.40
1941-1949	85	0.18795	0.17181	0.5	10445	1794	9547	43232	4.14
1941-1949	86	0.20384	0.18499	0.5	8650	1600	7850	33684	3.89
1941-1949	87	0.22201	0.19983	0.5	7050	1409	6346	25834	3.66
1941-1949	88	0.24224	0.21607	0.5	5641	1219	5032	19489	3.45
1941-1949	89	0.26314	0.23254	0.5	4422	1028	3908	14457	3.27
1941-1949	90	0.28210	0.24723	0.5	3394	839	2974	10549	3.11
1941-1949	91	0.29864	0.25984	0.5	2555	664	2223	7574	2.96
1941-1949	92	0.31219	0.27004	0.5	1891	511	1636	5351	2.83
1941-1949	93	0.32207	0.27740	0.5	1380	383	1189	3716	2.69
1941-1949	94	0.33441	0.28650	0.5	997	286	855	2527	2.53
1941-1949	95	0.38585	0.32345	0.5	712	230	597	1672	2.35
1941-1949	96	0.40971	0.34005	0.5	481	164	400	1076	2.23
1941-1949	97	0.43400	0.35662	0.5	318	113	261	676	2.13
1941-1949	98	0.45862	0.37307	0.5	204	76	166	415	2.03
1941-1949	99	0.48344	0.38933	0.5	128	50	103	248	1.94
1941-1949	100	0.50834	0.40532	0.5	78	32	62	145	1.86
1941-1949	101	0.53321	0.42097	0.5	47	20	37	83	1.78
1941-1949	102	0.55790	0.43622	0.5	27	12	21	46	1.71
1941-1949	103	0.58232	0.45100	0.5	15	7	12	25	1.65
1941-1949	104	0.60633	0.46528	0.5	8	4	6	13	1.59
1941-1949	105	0.62985	0.47900	0.5	4	2	3	7	1.54
1941-1949	106	0.65276	0.49214	0.5	2	1	2	3	1.49
1941-1949	107	0.67499	0.50467	0.5	1	1	1	2	1.44
1941-1949	108	0.69646	0.51657	0.5	1	0	0	1	1.41
1941-1949	109	0.71710	0.52784	0.5	0	0	0	0	1.38
1941-1949	110+	0.73687	1.00000	1.36	0	0	0	0	1.36
1950-1959	0	0.02923	0.02850	0.12	100000	2850	97502	6661976	66.62
1950-1959	1	0.00186	0.00186	0.5	97150	181	97060	6564474	67.57
1950-1959	2	0.00120	0.00120	0.5	96969	117	96911	6467415	66.70
1950-1959	3	0.00092	0.00092	0.5	96853	89	96808	6370504	65.78
1950-1959	4	0.00074	0.00074	0.5	96764	72	96728	6273696	64.84
1950-1959	5	0.00068	0.00068	0.5	96692	66	96659	6176968	63.88
1950-1959	6	0.00064	0.00064	0.5	96627	62	96595	6080309	62.93
1950-1959	7	0.00060	0.00060	0.5	96564	58	96535	5983713	61.97
1950-1959	8	0.00056	0.00056	0.5	96506	54	96479	5887178	61.00
1950-1959	9	0.00054	0.00054	0.5	96452	52	96426	5790699	60.04
1950-1959	10	0.00052	0.00052	0.5	96400	50	96375	5694273	59.07
1950-1959	11	0.00054	0.00054	0.5	96350	52	96324	5597898	58.10
1950-1959	12	0.00059	0.00059	0.5	96298	57	96270	5501574	57.13
1950-1959	13	0.00067	0.00067	0.5	96241	65	96209	5405304	56.16
1950-1959	14	0.00082	0.00082	0.5	96176	78	96137	5309096	55.20
1950-1959	15	0.00102	0.00102	0.5	96098	98	96049	5212959	54.25
1950-1959	16	0.00123	0.00123	0.5	96000	118	95941	5116910	53.30
1950-1959	17	0.00142	0.00142	0.5	95882	136	95814	5020969	52.37
1950-1959	18	0.00155	0.00155	0.5	95746	149	95671	4925155	51.44
1950-1959	19	0.00166	0.00165	0.5	95597	158	95518	4829484	50.52
1950-1959	20	0.00170	0.00170	0.5	95439	162	95358	4733966	49.60
1950-1959	21	0.00175	0.00175	0.5	95277	167	95193	4638608	48.69
1950-1959	22	0.00174	0.00174	0.5	95110	166	95027	4543415	47.77
1950-1959	23	0.00173	0.00173	0.5	94944	164	94862	4448388	46.85
1950-1959	24	0.00172	0.00172	0.5	94780	163	94699	4353526	45.93
1950-1959	25	0.00169	0.00169	0.5	94618	160	94538	4258827	45.01
1950-1959	26	0.00167	0.00167	0.5	94458	157	94379	4164289	44.09
1950-1959	27	0.00168	0.00168	0.5	94300	158	94221	4069910	43.16
1950-1959	28	0.00168	0.00168	0.5	94142	158	94063	3975689	42.23
1950-1959	29	0.00171	0.00171	0.5	93984	161	93904	3881626	41.30
1950-1959	30	0.00177	0.00177	0.5	93823	166	93740	3787722	40.37
1950-1959	31	0.00184	0.00184	0.5	93657	172	93571	3693982	39.44
1950-1959	32	0.00194	0.00194	0.5	93485	181	93394	3600411	38.51
1950-1959	33	0.00206	0.00206	0.5	93304	192	93208	3507017	37.59
1950-1959	34	0.00221	0.00221	0.5	93111	206	93009	3413809	36.66
1950-1959	35	0.00236	0.00235	0.5	92906	219	92796	3320801	35.74
1950-1959	36	0.00257	0.00257	0.5	92687	238	92568	3228004	34.83
1950-1959	37	0.00282	0.00281	0.5	92449	260	92319	3135437	33.92
1950-1959	38	0.00310	0.00309	0.5	92189	285	92046	3043118	33.01
1950-1959	39	0.00340	0.00339	0.5	91904	312	91748	2951071	32.11
1950-1959	40	0.00379	0.00379	0.5	91592	347	91419	2859323	31.22
1950-1959	41	0.00416	0.00415	0.5	91245	379	91056	2767905	30.33
1950-1959	42	0.00466	0.00465	0.5	90867	422	90655	2676849	29.46
1950-1959	43	0.00514	0.00513	0.5	90444	464	90212	2586193	28.59
1950-1959	44	0.00569	0.00568	0.5	89981	511	89725	2495981	27.74
1950-1959	45	0.00626	0.00624	0.5	89470	558	89191	2406256	26.89
1950-1959	46	0.00693	0.00691	0.5	88912	614	88605	2317065	26.06
1950-1959	47	0.00766	0.00764	0.5	88298	674	87961	2228460	25.24
1950-1959	48	0.00848	0.00844	0.5	87624	740	87254	2140499	24.43
1950-1959	49	0.00932	0.00928	0.5	86884	806	86481	2053245	23.63
1950-1959	50	0.01019	0.01014	0.5	86078	872	85642	1966764	22.85
1950-1959	51	0.01117	0.01111	0.5	85206	946	84732	1881122	22.08
1950-1959	52	0.01232	0.01224	0.5	84259	1031	83743	1796390	21.32
1950-1959	53	0.01339	0.01330	0.5	83228	1107	82674	1712647	20.58
1950-1959	54	0.01457	0.01446	0.5	82121	1188	81527	1629972	19.85
1950-1959	55	0.01594	0.01581	0.5	80933	1280	80293	1548445	19.13
1950-1959	56	0.01724	0.01709	0.5	79653	1361	78973	1468152	18.43
1950-1959	57	0.01854	0.01837	0.5	78292	1438	77573	1389180	17.74
1950-1959	58	0.02021	0.02001	0.5	76854	1538	76085	1311607	17.07
1950-1959	59	0.02207	0.02183	0.5	75316	1644	74494	1235522	16.40
1950-1959	60	0.02390	0.02361	0.5	73672	1740	72802	1161029	15.76
1950-1959	61	0.02580	0.02547	0.5	71932	1832	71016	1088227	15.13
1950-1959	62	0.02804	0.02765	0.5	70100	1938	69131	1017211	14.51
1950-1959	63	0.03039	0.02994	0.5	68161	2041	67141	948081	13.91
1950-1959	64	0.03292	0.03239	0.5	66121	2142	65050	880940	13.32
1950-1959	65	0.03580	0.03517	0.5	63979	2250	62854	815890	12.75
1950-1959	66	0.03871	0.03798	0.5	61729	2344	60557	753035	12.20
1950-1959	67	0.04182	0.04097	0.5	59385	2433	58169	692478	11.66
1950-1959	68	0.04483	0.04385	0.5	56952	2497	55703	634309	11.14
1950-1959	69	0.04831	0.04717	0.5	54455	2569	53171	578606	10.63
1950-1959	70	0.05181	0.05051	0.5	51886	2621	50576	525435	10.13
1950-1959	71	0.05575	0.05424	0.5	49266	2672	47930	474860	9.64
1950-1959	72	0.06042	0.05865	0.5	46593	2733	45227	426930	9.16
1950-1959	73	0.06492	0.06288	0.5	43861	2758	42482	381703	8.70
1950-1959	74	0.07061	0.06820	0.5	41103	2803	39701	339221	8.25
1950-1959	75	0.07688	0.07404	0.5	38300	2836	36882	299520	7.82
1950-1959	76	0.08314	0.07982	0.5	35464	2831	34049	262638	7.41
1950-1959	77	0.08986	0.08600	0.5	32633	2806	31230	228589	7.00
1950-1959	78	0.09779	0.09323	0.5	29827	2781	28436	197359	6.62
1950-1959	79	0.10618	0.10083	0.5	27046	2727	25683	168923	6.25
1950-1959	80	0.11540	0.10911	0.5	24319	2653	22992	143240	5.89
1950-1959	81	0.12527	0.11789	0.5	21666	2554	20389	120248	5.55
1950-1959	82	0.13635	0.12765	0.5	19112	2440	17892	99859	5.23
1950-1959	83	0.14911	0.13877	0.5	16672	2314	15515	81967	4.92
1950-1959	84	0.16229	0.15011	0.5	14358	2155	13281	66452	4.63
1950-1959	85	0.17546	0.16131	0.5	12203	1968	11219	53171	4.36
1950-1959	86	0.19043	0.17388	0.5	10235	1780	9345	41952	4.10
1950-1959	87	0.20672	0.18735	0.5	8455	1584	7663	32607	3.86
1950-1959	88	0.22513	0.20235	0.5	6871	1390	6176	24944	3.63
1950-1959	89	0.24479	0.21809	0.5	5481	1195	4883	18768	3.42
1950-1959	90	0.26104	0.23090	0.5	4285	990	3791	13885	3.24
1950-1959	91	0.27940	0.24515	0.5	3296	808	2892	10095	3.06
1950-1959	92	0.29787	0.25926	0.5	2488	645	2165	7203	2.90
1950-1959	93	0.32108	0.27667	0.5	1843	510	1588	5038	2.73
1950-1959	94	0.34466	0.29399	0.5	1333	392	1137	3450	2.59
1950-1959	95	0.36579	0.30923	0.5	941	291	796	2313	2.46
1950-1959	96	0.38912	0.32574	0.5	650	212	544	1517	2.33
1950-1959	97	0.41296	0.34229	0.5	438	150	363	973	2.22
1950-1959	98	0.43723	0.35879	0.5	288	103	237	609	2.11
1950-1959	99	0.46179	0.37517	0.5	185	69	150	373	2.02
1950-1959	100	0.48654	0.39134	0.5	116	45	93	223	1.93
1950-1959	101	0.51136	0.40724	0.5	70	29	56	130	1.85
1950-1959	102	0.53613	0.42279	0.5	42	18	33	74	1.77
1950-1959	103	0.56071	0.43794	0.5	24	11	19	41	1.70
1950-1959	104	0.58501	0.45262	0.5	14	6	10	22	1.64
1950-1959	105	0.60889	0.46678	0.5	7	3	6	12	1.58
1950-1959	106	0.63227	0.48040	0.5	4	2	3	6	1.53
1950-1959	107	0.65504	0.49343	0.5	2	1	2	3	1.49
1950-1959	108	0.67712	0.50586	0.5	1	1	1	2	1.44
1950-1959	109	0.69843	0.51766	0.5	1	0	0	1	1.41
1950-1959	110+	0.71893	1.00000	1.39	0	0	0	0	1.39
1960-1969	0	0.02601	0.02542	0.11	100000	2542	97750	6704394	67.04
1960-1969	1	0.00144	0.00144	0.5	97458	140	97388	6606644	67.79
1960-1969	2	0.00095	0.00095	0.5	97318	92	97272	6509257	66.89
1960-1969	3	0.00075	0.00075	0.5	97225	73	97189	6411985	65.95
1960-1969	4	0.00065	0.00065	0.5	97152	63	97120	6314796	65.00
1960-1969	5	0.00060	0.00060	0.5	97089	58	97060	6217676	64.04
1960-1969	6	0.00053	0.00053	0.5	97031	52	97005	6120616	63.08
1960-1969	7	0.00048	0.00048	0.5	96979	47	96956	6023611	62.11
1960-1969	8	0.00044	0.00044	0.5	96933	43	96911	5926655	61.14
1960-1969	9	0.00044	0.00044	0.5	96890	43	96868	5829744	60.17
1960-1969	10	0.00040	0.00040	0.5	96847	39	96827	5732876	59.20
1960-1969	11	0.00043	0.00043	0.5	96808	42	96787	5636048	58.22
1960-1969	12	0.00047	0.00047	0.5	96766	46	96743	5539261	57.24
1960-1969	13	0.00053	0.00053	0.5	96721	51	96695	5442518	56.27
1960-1969	14	0.00066	0.00066	0.5	96669	64	96637	5345823	55.30
1960-1969	15	0.00081	0.00081	0.5	96605	78	96566	5249186	54.34
1960-1969	16	0.00113	0.00113	0.5	96527	109	96472	5152619	53.38
1960-1969	17	0.00141	0.00141	0.5	96418	136	96350	5056147	52.44
1960-1969	18	0.00176	0.00176	0.5	96282	170	96197	4959797	51.51
1960-1969	19	0.00179	0.00179	0.5	96112	172	96026	4863600	50.60
1960-1969	20	0.00176	0.00175	0.5	95940	168	95856	4767574	49.69
1960-1969	21	0.00188	0.00188	0.5	95772	180	95682	4671718	48.78
1960-1969	22	0.00187	0.00187	0.5	95592	178	95503	4576035	47.87
1960-1969	23	0.00178	0.00178	0.5	95414	170	95329	4480532	46.96
1960-1969	24	0.00175	0.00175	0.5	95244	166	95161	4385203	46.04
1960-1969	25	0.00171	0.00171	0.5	95078	162	94997	4290042	45.12
1960-1969	26	0.00168	0.00168	0.5	94915	159	94836	4195046	44.20
1960-1969	27	0.00167	0.00167	0.5	94756	158	94677	4100210	43.27
1960-1969	28	0.00168	0.00168	0.5	94598	159	94519	4005533	42.34
1960-1969	29	0.00169	0.00169	0.5	94439	159	94360	3911014	41.41
1960-1969	30	0.00177	0.00177	0.5	94280	167	94197	3816655	40.48
1960-1969	31	0.00183	0.00182	0.5	94114	172	94028	3722458	39.55
1960-1969	32	0.00194	0.00194	0.5	93942	183	93851	3628430	38.62
1960-1969	33	0.00202	0.00201	0.5	93759	189	93665	3534580	37.70
1960-1969	34	0.00217	0.00216	0.5	93570	202	93469	3440915	36.77
1960-1969	35	0.00232	0.00232	0.5	93368	217	93260	3347446	35.85
1960-1969	36	0.00254	0.00254	0.5	93151	237	93033	3254186	34.93
1960-1969	37	0.00271	0.00271	0.5	92915	252	92789	3161153	34.02
1960-1969	38	0.00300	0.00299	0.5	92663	277	92524	3068364	33.11
1960-1969	39	0.00326	0.00326	0.5	92386	301	92235	2975840	32.21
1960-1969	40	0.00367	0.00367	0.5	92084	338	91916	2883605	31.31
1960-1969	41	0.00394	0.00393	0.5	91747	361	91566	2791690	30.43
1960-1969	42	0.00449	0.00448	0.5	91386	409	91181	2700123	29.55
1960-1969	43	0.00482	0.00481	0.5	90977	438	90758	2608942	28.68
1960-1969	44	0.00522	0.00521	0.5	90539	471	90303	2518184	27.81
1960-1969	45	0.00597	0.00595	0.5	90067	536	89799	2427881	26.96
1960-1969	46	0.00635	0.00633	0.5	89531	567	89248	2338082	26.11
1960-1969	47	0.00712	0.00709	0.5	88964	631	88649	2248834	25.28
1960-1969	48	0.00788	0.00785	0.5	88333	693	87987	2160185	24.45
1960-1969	49	0.00872	0.00869	0.5	87640	761	87260	2072198	23.64
1960-1969	50	0.00992	0.00987	0.5	86879	857	86450	1984939	22.85
1960-1969	51	0.01070	0.01065	0.5	86022	916	85564	1898488	22.07
1960-1969	52	0.01192	0.01184	0.5	85106	1008	84602	1812925	21.30
1960-1969	53	0.01288	0.01280	0.5	84098	1076	83560	1728323	20.55
1960-1969	54	0.01437	0.01427	0.5	83021	1185	82429	1644763	19.81
1960-1969	55	0.01551	0.01539	0.5	81837	1259	81207	1562334	19.09
1960-1969	56	0.01677	0.01663	0.5	80577	1340	79907	1481127	18.38
1960-1969	57	0.01853	0.01836	0.5	79237	1455	78510	1401220	17.68
1960-1969	58	0.02018	0.01998	0.5	77783	1554	77006	1322709	17.01
1960-1969	59	0.02202	0.02178	0.5	76228	1660	75398	1245704	16.34
1960-1969	60	0.02399	0.02371	0.5	74568	1768	73684	1170306	15.69
1960-1969	61	0.02571	0.02539	0.5	72800	1848	71876	1096622	15.06
1960-1969	62	0.02850	0.02810	0.5	70952	1994	69955	1024745	14.44
1960-1969	63	0.03059	0.03013	0.5	68958	2077	67920	954790	13.85
1960-1969	64	0.03282	0.03229	0.5	66881	2159	65801	886871	13.26
1960-1969	65	0.03645	0.03580	0.5	64722	2317	63563	821069	12.69
1960-1969	66	0.03796	0.03725	0.5	62404	2325	61242	757506	12.14
1960-1969	67	0.04222	0.04134	0.5	60080	2484	58838	696264	11.59
1960-1969	68	0.04517	0.04417	0.5	57596	2544	56324	637426	11.07
1960-1969	69	0.04832	0.04718	0.5	55052	2598	53753	581103	10.56
1960-1969	70	0.05343	0.05204	0.5	52454	2730	51089	527349	10.05
1960-1969	71	0.05630	0.05476	0.5	49725	2723	48363	476260	9.58
1960-1969	72	0.06327	0.06133	0.5	47002	2882	45561	427897	9.10
1960-1969	73	0.06673	0.06457	0.5	44119	2849	42695	382336	8.67
1960-1969	74	0.07293	0.07036	0.5	41270	2904	39819	339641	8.23
1960-1969	75	0.07866	0.07568	0.5	38367	2904	36915	299823	7.81
1960-1969	76	0.08337	0.08003	0.5	35463	2838	34044	262908	7.41
1960-1969	77	0.08985	0.08599	0.5	32625	2805	31222	228864	7.02
1960-1969	78	0.09730	0.09279	0.5	29819	2767	28436	197642	6.63
1960-1969	79	0.10487	0.09964	0.5	27052	2696	25705	169206	6.25
1960-1969	80	0.11678	0.11034	0.5	24357	2688	23013	143501	5.89
1960-1969	81	0.12340	0.11623	0.5	21669	2519	20410	120488	5.56
1960-1969	82	0.13654	0.12782	0.5	19151	2448	17927	100078	5.23
1960-1969	83	0.14957	0.13917	0.5	16703	2324	15541	82151	4.92
1960-1969	84	0.16203	0.14988	0.5	14379	2155	13301	66610	4.63
1960-1969	85	0.17686	0.16249	0.5	12223	1986	11230	53309	4.36
1960-1969	86	0.19060	0.17402	0.5	10237	1781	9347	42079	4.11
1960-1969	87	0.20747	0.18797	0.5	8456	1589	7661	32732	3.87
1960-1969	88	0.22387	0.20133	0.5	6866	1382	6175	25071	3.65
1960-1969	89	0.23991	0.21421	0.5	5484	1175	4897	18896	3.45
1960-1969	90	0.25892	0.22924	0.5	4309	988	3815	14000	3.25
1960-1969	91	0.27215	0.23955	0.5	3321	796	2924	10184	3.07
1960-1969	92	0.30256	0.26280	0.5	2526	664	2194	7261	2.87
1960-1969	93	0.32779	0.28163	0.5	1862	524	1600	5067	2.72
1960-1969	94	0.34768	0.29619	0.5	1338	396	1139	3467	2.59
1960-1969	95	0.36344	0.30755	0.5	941	290	797	2327	2.47
1960-1969	96	0.38650	0.32391	0.5	652	211	546	1531	2.35
1960-1969	97	0.41008	0.34031	0.5	441	150	366	985	2.23
1960-1969	98	0.43409	0.35667	0.5	291	104	239	619	2.13
1960-1969	99	0.45840	0.37293	0.5	187	70	152	380	2.03
1960-1969	100	0.48292	0.38899	0.5	117	46	94	228	1.94
1960-1969	101	0.50752	0.40480	0.5	72	29	57	133	1.86
1960-1969	102	0.53208	0.42027	0.5	43	18	34	76	1.78
1960-1969	103	0.55649	0.43535	0.5	25	11	19	42	1.72
1960-1969	104	0.58062	0.44999	0.5	14	6	11	23	1.65
1960-1969	105	0.60438	0.46413	0.5	8	4	6	12	1.59
1960-1969	106	0.62766	0.47773	0.5	4	2	3	6	1.54
1960-1969	107	0.65035	0.49077	0.5	2	1	2	3	1.50
1960-1969	108	0.67239	0.50321	0.5	1	1	1	2	1.45
1960-1969	109	0.69369	0.51505	0.5	1	0	0	1	1.42
1960-1969	110+	0.71420	1.00000	1.4	0	0	0	0	1.40
1970-1979	0	0.01895	0.01863	0.1	100000	1863	98315	6839222	68.39
1970-1979	1	0.00110	0.00110	0.5	98137	108	98083	6740906	68.69
1970-1979	2	0.00077	0.00077	0.5	98028	76	97991	6642824	67.76
1970-1979	3	0.00065	0.00065	0.5	97953	64	97921	6544833	66.82
1970-1979	4	0.00054	0.00054	0.5	97889	53	97863	6446912	65.86
1970-1979	5	0.00049	0.00049	0.5	97836	48	97812	6349050	64.89
1970-1979	6	0.00045	0.00045	0.5	97789	44	97767	6251237	63.93
1970-1979	7	0.00041	0.00041	0.5	97745	41	97724	6153471	62.95
1970-1979	8	0.00037	0.00037	0.5	97704	36	97686	6055746	61.98
1970-1979	9	0.00036	0.00036	0.5	97668	35	97650	5958060	61.00
1970-1979	10	0.00036	0.00036	0.5	97632	35	97615	5860410	60.03
1970-1979	11	0.00036	0.00036	0.5	97598	35	97580	5762795	59.05
1970-1979	12	0.00041	0.00041	0.5	97563	40	97543	5665215	58.07
1970-1979	13	0.00048	0.00048	0.5	97522	47	97499	5567673	57.09
1970-1979	14	0.00063	0.00063	0.5	97475	61	97445	5470174	56.12
1970-1979	15	0.00081	0.00081	0.5	97414	78	97375	5372729	55.15
1970-1979	16	0.00116	0.00116	0.5	97335	113	97279	5275355	54.20
1970-1979	17	0.00147	0.00147	0.5	97223	143	97151	5178075	53.26
1970-1979	18	0.00188	0.00188	0.5	97080	182	96989	5080924	52.34
1970-1979	19	0.00196	0.00196	0.5	96898	190	96803	4983935	51.44
1970-1979	20	0.00201	0.00201	0.5	96708	195	96611	4887133	50.54
1970-1979	21	0.00210	0.00210	0.5	96513	203	96412	4790522	49.64
1970-1979	22	0.00217	0.00217	0.5	96310	209	96206	4694110	48.74
1970-1979	23	0.00209	0.00209	0.5	96102	201	96001	4597904	47.84
1970-1979	24	0.00205	0.00205	0.5	95901	196	95803	4501903	46.94
1970-1979	25	0.00190	0.00190	0.5	95705	182	95614	4406100	46.04
1970-1979	26	0.00183	0.00183	0.5	95523	174	95436	4310486	45.13
1970-1979	27	0.00186	0.00185	0.5	95348	177	95260	4215051	44.21
1970-1979	28	0.00175	0.00174	0.5	95172	166	95089	4119791	43.29
1970-1979	29	0.00177	0.00177	0.5	95006	168	94921	4024702	42.36
1970-1979	30	0.00183	0.00182	0.5	94837	173	94751	3929780	41.44
1970-1979	31	0.00185	0.00185	0.5	94664	175	94577	3835030	40.51
1970-1979	32	0.00185	0.00185	0.5	94489	174	94402	3740453	39.59
1970-1979	33	0.00196	0.00195	0.5	94315	184	94223	3646051	38.66
1970-1979	34	0.00206	0.00206	0.5	94131	194	94034	3551828	37.73
1970-1979	35	0.00224	0.00224	0.5	93937	210	93832	3457794	36.81
1970-1979	36	0.00242	0.00241	0.5	93726	226	93613	3363962	35.89
1970-1979	37	0.00258	0.00258	0.5	93500	241	93380	3270349	34.98
1970-1979	38	0.00279	0.00279	0.5	93259	260	93129	3176970	34.07
1970-1979	39	0.00305	0.00305	0.5	92999	283	92857	3083841	33.16
1970-1979	40	0.00332	0.00332	0.5	92716	308	92562	2990983	32.26
1970-1979	41	0.00360	0.00359	0.5	92408	332	92242	2898421	31.37
1970-1979	42	0.00402	0.00402	0.5	92076	370	91891	2806179	30.48
1970-1979	43	0.00447	0.00446	0.5	91706	409	91501	2714288	29.60
1970-1979	44	0.00484	0.00483	0.5	91297	441	91076	2622787	28.73
1970-1979	45	0.00556	0.00554	0.5	90856	504	90604	2531711	27.87
1970-1979	46	0.00606	0.00604	0.5	90352	546	90079	2441107	27.02
1970-1979	47	0.00659	0.00657	0.5	89807	590	89512	2351027	26.18
1970-1979	48	0.00722	0.00719	0.5	89217	642	88896	2261516	25.35
1970-1979	49	0.00802	0.00798	0.5	88575	707	88221	2172620	24.53
1970-1979	50	0.00862	0.00859	0.5	87868	754	87491	2084399	23.72
1970-1979	51	0.00953	0.00949	0.5	87113	827	86700	1996908	22.92
1970-1979	52	0.01050	0.01045	0.5	86287	902	85836	1910208	22.14
1970-1979	53	0.01125	0.01119	0.5	85385	955	84908	1824372	21.37
1970-1979	54	0.01248	0.01241	0.5	84430	1047	83906	1739464	20.60
1970-1979	55	0.01366	0.01357	0.5	83382	1131	82817	1655558	19.85
1970-1979	56	0.01485	0.01474	0.5	82251	1212	81645	1572741	19.12
1970-1979	57	0.01650	0.01637	0.5	81039	1326	80376	1491096	18.40
1970-1979	58	0.01787	0.01771	0.5	79713	1412	79007	1410720	17.70
1970-1979	59	0.01965	0.01946	0.5	78301	1523	77539	1331713	17.01
1970-1979	60	0.02173	0.02150	0.5	76778	1650	75952	1254174	16.34
1970-1979	61	0.02314	0.02288	0.5	75127	1719	74268	1178222	15.68
1970-1979	62	0.02584	0.02551	0.5	73408	1873	72472	1103954	15.04
1970-1979	63	0.02821	0.02782	0.5	71536	1990	70540	1031482	14.42
1970-1979	64	0.03058	0.03012	0.5	69545	2095	68498	960941	13.82
1970-1979	65	0.03343	0.03288	0.5	67451	2218	66342	892444	13.23
1970-1979	66	0.03567	0.03505	0.5	65233	2286	64089	826102	12.66
1970-1979	67	0.03914	0.03839	0.5	62946	2417	61738	762012	12.11
1970-1979	68	0.04177	0.04092	0.5	60530	2477	59291	700275	11.57
1970-1979	69	0.04543	0.04442	0.5	58053	2579	56764	640983	11.04
1970-1979	70	0.04927	0.04808	0.5	55475	2667	54141	584219	10.53
1970-1979	71	0.05229	0.05096	0.5	52807	2691	51462	530079	10.04
1970-1979	72	0.05777	0.05615	0.5	50116	2814	48709	478617	9.55
1970-1979	73	0.06204	0.06018	0.5	47302	2846	45879	429908	9.09
1970-1979	74	0.06800	0.06576	0.5	44456	2923	42994	384029	8.64
1970-1979	75	0.07321	0.07062	0.5	41532	2933	40066	341035	8.21
1970-1979	76	0.07954	0.07650	0.5	38599	2953	37123	300970	7.80
1970-1979	77	0.08569	0.08217	0.5	35646	2929	34182	263847	7.40
1970-1979	78	0.09270	0.08860	0.5	32717	2899	31268	229665	7.02
1970-1979	79	0.10065	0.09583	0.5	29819	2857	28390	198397	6.65
1970-1979	80	0.10714	0.10170	0.5	26961	2742	25590	170007	6.31
1970-1979	81	0.11566	0.10933	0.5	24219	2648	22895	144417	5.96
1970-1979	82	0.12482	0.11749	0.5	21571	2534	20304	121522	5.63
1970-1979	83	0.13529	0.12672	0.5	19037	2412	17831	101218	5.32
1970-1979	84	0.14744	0.13731	0.5	16624	2283	15483	83387	5.02
1970-1979	85	0.15895	0.14725	0.5	14342	2112	13286	67904	4.73
1970-1979	86	0.17152	0.15798	0.5	12230	1932	11264	54618	4.47
1970-1979	87	0.18622	0.17036	0.5	10298	1754	9421	43354	4.21
1970-1979	88	0.19846	0.18055	0.5	8544	1543	7772	33933	3.97
1970-1979	89	0.21935	0.19767	0.5	7001	1384	6309	26161	3.74
1970-1979	90	0.23439	0.20980	0.5	5617	1179	5028	19852	3.53
1970-1979	91	0.25176	0.22361	0.5	4439	993	3942	14824	3.34
1970-1979	92	0.26897	0.23709	0.5	3446	817	3038	10882	3.16
1970-1979	93	0.29490	0.25700	0.5	2629	676	2291	7844	2.98
1970-1979	94	0.31163	0.26962	0.5	1953	527	1690	5553	2.84
1970-1979	95	0.32731	0.28128	0.5	1427	401	1226	3863	2.71
1970-1979	96	0.34834	0.29667	0.5	1025	304	873	2637	2.57
1970-1979	97	0.36997	0.31222	0.5	721	225	609	1763	2.44
1970-1979	98	0.39214	0.32786	0.5	496	163	415	1155	2.33
1970-1979	99	0.41477	0.34352	0.5	333	115	276	740	2.22
1970-1979	100	0.43775	0.35915	0.5	219	79	180	464	2.12
1970-1979	101	0.46101	0.37465	0.5	140	53	114	284	2.03
1970-1979	102	0.48444	0.38998	0.5	88	34	71	170	1.94
1970-1979	103	0.50794	0.40507	0.5	54	22	43	100	1.86
1970-1979	104	0.53141	0.41985	0.5	32	13	25	57	1.79
1970-1979	105	0.55473	0.43428	0.5	18	8	14	32	1.72
1970-1979	106	0.57782	0.44830	0.5	10	5	8	17	1.66
1970-1979	107	0.60057	0.46187	0.5	6	3	4	9	1.61
1970-1979	108	0.62289	0.47497	0.5	3	1	2	5	1.56
1970-1979	109	0.64471	0.48755	0.5	2	1	1	2	1.53
1970-1979	110+	0.66594	1.00000	1.5	1	1	1	1	1.50
1980-1989	0	0.01279	0.01264	0.08	100000	1264	98836	7101664	71.02
1980-1989	1	0.00086	0.00086	0.5	98736	85	98694	7002828	70.92
1980-1989	2	0.00057	0.00057	0.5	98651	57	98623	6904134	69.99
1980-1989	3	0.00047	0.00047	0.5	98595	46	98572	6805511	69.03
1980-1989	4	0.00039	0.00039	0.5	98548	38	98529	6706939	68.06
1980-1989	5	0.00032	0.00032	0.5	98510	31	98495	6608410	67.08
1980-1989	6	0.00030	0.00030	0.5	98479	30	98464	6509916	66.10
1980-1989	7	0.00029	0.00029	0.5	98449	28	98435	6411452	65.12
1980-1989	8	0.00028	0.00028	0.5	98421	28	98407	6313017	64.14
1980-1989	9	0.00026	0.00026	0.5	98393	26	98380	6214610	63.16
1980-1989	10	0.00025	0.00025	0.5	98367	24	98355	6116229	62.18
1980-1989	11	0.00027	0.00027	0.5	98343	26	98330	6017874	61.19
1980-1989	12	0.00031	0.00031	0.5	98317	30	98302	5919544	60.21
1980-1989	13	0.00038	0.00038	0.5	98287	38	98268	5821242	59.23
1980-1989	14	0.00047	0.00047	0.5	98249	46	98226	5722974	58.25
1980-1989	15	0.00062	0.00062	0.5	98203	61	98172	5624748	57.28
1980-1989	16	0.00095	0.00095	0.5	98141	93	98095	5526576	56.31
1980-1989	17	0.00118	0.00117	0.5	98049	115	97991	5428481	55.37
1980-1989	18	0.00146	0.00146	0.5	97933	143	97862	5330490	54.43
1980-1989	19	0.00150	0.00150	0.5	97790	147	97717	5232629	53.51
1980-1989	20	0.00152	0.00151	0.5	97643	148	97569	5134912	52.59
1980-1989	21	0.00164	0.00164	0.5	97495	160	97416	5037342	51.67
1980-1989	22	0.00159	0.00158	0.5	97336	154	97259	4939927	50.75
1980-1989	23	0.00162	0.00162	0.5	97181	157	97103	4842668	49.83
1980-1989	24	0.00156	0.00156	0.5	97024	151	96949	4745565	48.91
1980-1989	25	0.00159	0.00159	0.5	96873	154	96796	4648617	47.99
1980-1989	26	0.00157	0.00157	0.5	96719	152	96643	4551821	47.06
1980-1989	27	0.00162	0.00162	0.5	96567	156	96489	4455178	46.14
1980-1989	28	0.00169	0.00168	0.5	96411	162	96330	4358689	45.21
1980-1989	29	0.00158	0.00158	0.5	96249	152	96173	4262359	44.28
1980-1989	30	0.00163	0.00163	0.5	96097	156	96019	4166186	43.35
1980-1989	31	0.00175	0.00174	0.5	95941	167	95857	4070167	42.42
1980-1989	32	0.00179	0.00178	0.5	95773	171	95688	3974310	41.50
1980-1989	33	0.00185	0.00185	0.5	95602	176	95514	3878622	40.57
1980-1989	34	0.00183	0.00183	0.5	95426	174	95339	3783108	39.64
1980-1989	35	0.00198	0.00198	0.5	95251	189	95157	3687769	38.72
1980-1989	36	0.00207	0.00207	0.5	95063	197	94964	3592612	37.79
1980-1989	37	0.00215	0.00215	0.5	94866	204	94764	3497648	36.87
1980-1989	38	0.00244	0.00244	0.5	94662	231	94546	3402884	35.95
1980-1989	39	0.00240	0.00240	0.5	94431	226	94318	3308338	35.03
1980-1989	40	0.00261	0.00261	0.5	94205	246	94082	3214020	34.12
1980-1989	41	0.00287	0.00286	0.5	93959	269	93825	3119938	33.21
1980-1989	42	0.00315	0.00315	0.5	93690	295	93543	3026113	32.30
1980-1989	43	0.00332	0.00331	0.5	93395	309	93241	2932571	31.40
1980-1989	44	0.00358	0.00358	0.5	93086	333	92920	2839330	30.50
1980-1989	45	0.00408	0.00407	0.5	92753	378	92564	2746410	29.61
1980-1989	46	0.00445	0.00444	0.5	92376	410	92171	2653846	28.73
1980-1989	47	0.00505	0.00504	0.5	91965	463	91734	2561676	27.85
1980-1989	48	0.00556	0.00555	0.5	91502	508	91248	2469942	26.99
1980-1989	49	0.00587	0.00585	0.5	90994	532	90728	2378694	26.14
1980-1989	50	0.00673	0.00671	0.5	90462	607	90159	2287966	25.29
1980-1989	51	0.00751	0.00749	0.5	89855	673	89519	2197807	24.46
1980-1989	52	0.00840	0.00837	0.5	89183	746	88810	2108288	23.64
1980-1989	53	0.00921	0.00917	0.5	88436	811	88031	2019479	22.84
1980-1989	54	0.00988	0.00983	0.5	87626	862	87195	1931448	22.04
1980-1989	55	0.01115	0.01109	0.5	86764	962	86283	1844253	21.26
1980-1989	56	0.01220	0.01213	0.5	85802	1041	85282	1757969	20.49
1980-1989	57	0.01321	0.01312	0.5	84762	1112	84206	1672687	19.73
1980-1989	58	0.01508	0.01496	0.5	83649	1252	83024	1588482	18.99
1980-1989	59	0.01590	0.01577	0.5	82398	1300	81748	1505458	18.27
1980-1989	60	0.01764	0.01749	0.5	81098	1418	80389	1423710	17.56
1980-1989	61	0.01920	0.01901	0.5	79680	1515	78922	1343321	16.86
1980-1989	62	0.02190	0.02167	0.5	78165	1694	77318	1264399	16.18
1980-1989	63	0.02328	0.02302	0.5	76471	1760	75591	1187081	15.52
1980-1989	64	0.02458	0.02429	0.5	74711	1814	73804	1111489	14.88
1980-1989	65	0.02710	0.02674	0.5	72897	1949	71922	1037685	14.23
1980-1989	66	0.02977	0.02933	0.5	70948	2081	69907	965763	13.61
1980-1989	67	0.03230	0.03178	0.5	68867	2189	67772	895855	13.01
1980-1989	68	0.03576	0.03514	0.5	66678	2343	65506	828083	12.42
1980-1989	69	0.03808	0.03737	0.5	64335	2404	63133	762576	11.85
1980-1989	70	0.04243	0.04155	0.5	61931	2573	60644	699444	11.29
1980-1989	71	0.04586	0.04483	0.5	59358	2661	58027	638800	10.76
1980-1989	72	0.05020	0.04897	0.5	56697	2777	55308	580772	10.24
1980-1989	73	0.05539	0.05390	0.5	53920	2906	52467	525464	9.75
1980-1989	74	0.05883	0.05715	0.5	51014	2915	49556	472998	9.27
1980-1989	75	0.06378	0.06181	0.5	48098	2973	46612	423442	8.80
1980-1989	76	0.06878	0.06649	0.5	45125	3000	43625	376830	8.35
1980-1989	77	0.07465	0.07197	0.5	42125	3032	40609	333205	7.91
1980-1989	78	0.08180	0.07859	0.5	39093	3072	37557	292596	7.48
1980-1989	79	0.08881	0.08504	0.5	36021	3063	34489	255039	7.08
1980-1989	80	0.09700	0.09251	0.5	32958	3049	31433	220549	6.69
1980-1989	81	0.10560	0.10030	0.5	29909	3000	28409	189116	6.32
1980-1989	82	0.11379	0.10766	0.5	26909	2897	25460	160707	5.97
1980-1989	83	0.12400	0.11676	0.5	24012	2804	22610	135246	5.63
1980-1989	84	0.13551	0.12691	0.5	21208	2692	19863	112636	5.31
1980-1989	85	0.14514	0.13532	0.5	18517	2506	17264	92774	5.01
1980-1989	86	0.15911	0.14739	0.5	16011	2360	14831	75510	4.72
1980-1989	87	0.17167	0.15810	0.5	13651	2158	12572	60679	4.44
1980-1989	88	0.18691	0.17094	0.5	11493	1965	10511	48107	4.19
1980-1989	89	0.20053	0.18226	0.5	9528	1737	8660	37596	3.95
1980-1989	90	0.21797	0.19655	0.5	7792	1531	7026	28936	3.71
1980-1989	91	0.23439	0.20980	0.5	6260	1313	5604	21910	3.50
1980-1989	92	0.25276	0.22440	0.5	4947	1110	4392	16306	3.30
1980-1989	93	0.27826	0.24427	0.5	3837	937	3368	11914	3.11
1980-1989	94	0.29621	0.25800	0.5	2900	748	2526	8546	2.95
1980-1989	95	0.31315	0.27075	0.5	2151	583	1860	6021	2.80
1980-1989	96	0.33442	0.28651	0.5	1569	450	1344	4160	2.65
1980-1989	97	0.35639	0.30249	0.5	1119	339	950	2816	2.52
1980-1989	98	0.37898	0.31861	0.5	781	249	656	1866	2.39
1980-1989	99	0.40211	0.33480	0.5	532	178	443	1210	2.27
1980-1989	100	0.42569	0.35098	0.5	354	124	292	767	2.17
1980-1989	101	0.44960	0.36708	0.5	230	84	188	475	2.07
1980-1989	102	0.47375	0.38302	0.5	145	56	118	287	1.98
1980-1989	103	0.49803	0.39874	0.5	90	36	72	170	1.89
1980-1989	104	0.52231	0.41415	0.5	54	22	43	98	1.82
1980-1989	105	0.54649	0.42921	0.5	32	14	25	55	1.75
1980-1989	106	0.57045	0.44385	0.5	18	8	14	30	1.68
1980-1989	107	0.59409	0.45803	0.5	10	5	8	16	1.62
1980-1989	108	0.61730	0.47171	0.5	5	3	4	9	1.58
1980-1989	109	0.63998	0.48484	0.5	3	1	2	4	1.54
1980-1989	110+	0.66206	1.00000	1.51	1	1	2	2	1.51
1990-1999	0	0.01015	0.01006	0.07	100000	1006	99067	7276404	72.76
1990-1999	1	0.00069	0.00069	0.5	98994	68	98960	7177337	72.50
1990-1999	2	0.00047	0.00047	0.5	98926	46	98903	7078377	71.55
1990-1999	3	0.00038	0.00038	0.5	98880	38	98861	6979474	70.59
1990-1999	4	0.00028	0.00028	0.5	98842	28	98828	6880613	69.61
1990-1999	5	0.00025	0.00025	0.5	98814	25	98801	6781785	68.63
1990-1999	6	0.00023	0.00023	0.5	98789	22	98778	6682984	67.65
1990-1999	7	0.00021	0.00021	0.5	98766	21	98756	6584206	66.66
1990-1999	8	0.00020	0.00020	0.5	98746	19	98736	6485450	65.68
1990-1999	9	0.00019	0.00019	0.5	98727	19	98717	6386714	64.69
1990-1999	10	0.00020	0.00019	0.5	98707	19	98698	6287997	63.70
1990-1999	11	0.00020	0.00020	0.5	98688	20	98678	6189299	62.72
1990-1999	12	0.00025	0.00025	0.5	98669	25	98656	6090621	61.73
1990-1999	13	0.00033	0.00033	0.5	98644	32	98628	5991964	60.74
1990-1999	14	0.00045	0.00045	0.5	98612	45	98589	5893336	59.76
1990-1999	15	0.00062	0.00062	0.5	98567	61	98536	5794747	58.79
1990-1999	16	0.00095	0.00095	0.5	98506	94	98459	5696211	57.83
1990-1999	17	0.00109	0.00109	0.5	98412	108	98358	5597752	56.88
1990-1999	18	0.00139	0.00139	0.5	98304	137	98236	5499394	55.94
1990-1999	19	0.00149	0.00149	0.5	98167	146	98094	5401158	55.02
1990-1999	20	0.00146	0.00146	0.5	98021	143	97950	5303064	54.10
1990-1999	21	0.00155	0.00155	0.5	97878	152	97802	5205115	53.18
1990-1999	22	0.00150	0.00150	0.5	97726	147	97653	5107313	52.26
1990-1999	23	0.00148	0.00148	0.5	97579	144	97507	5009660	51.34
1990-1999	24	0.00145	0.00144	0.5	97435	141	97365	4912153	50.41
1990-1999	25	0.00138	0.00138	0.5	97294	134	97227	4814789	49.49
1990-1999	26	0.00145	0.00145	0.5	97160	141	97089	4717561	48.55
1990-1999	27	0.00145	0.00145	0.5	97019	141	96948	4620472	47.62
1990-1999	28	0.00151	0.00151	0.5	96878	146	96805	4523524	46.69
1990-1999	29	0.00150	0.00150	0.5	96732	145	96660	4426719	45.76
1990-1999	30	0.00160	0.00160	0.5	96587	155	96510	4330059	44.83
1990-1999	31	0.00170	0.00170	0.5	96432	164	96350	4233549	43.90
1990-1999	32	0.00180	0.00180	0.5	96269	173	96182	4137199	42.98
1990-1999	33	0.00185	0.00184	0.5	96095	177	96007	4041017	42.05
1990-1999	34	0.00190	0.00189	0.5	95918	182	95827	3945010	41.13
1990-1999	35	0.00203	0.00203	0.5	95736	194	95639	3849183	40.21
1990-1999	36	0.00208	0.00208	0.5	95542	198	95443	3753544	39.29
1990-1999	37	0.00223	0.00222	0.5	95344	212	95238	3658101	38.37
1990-1999	38	0.00240	0.00240	0.5	95132	228	95018	3562863	37.45
1990-1999	39	0.00240	0.00240	0.5	94903	227	94790	3467846	36.54
1990-1999	40	0.00269	0.00268	0.5	94676	254	94549	3373056	35.63
1990-1999	41	0.00291	0.00290	0.5	94422	274	94285	3278507	34.72
1990-1999	42	0.00305	0.00305	0.5	94148	287	94005	3184222	33.82
1990-1999	43	0.00335	0.00335	0.5	93861	314	93704	3090217	32.92
1990-1999	44	0.00347	0.00346	0.5	93547	324	93385	2996513	32.03
1990-1999	45	0.00371	0.00370	0.5	93223	345	93051	2903128	31.14
1990-1999	46	0.00415	0.00414	0.5	92878	385	92686	2810077	30.26
1990-1999	47	0.00443	0.00442	0.5	92494	409	92289	2717391	29.38
1990-1999	48	0.00486	0.00485	0.5	92085	447	91862	2625101	28.51
1990-1999	49	0.00503	0.00502	0.5	91639	460	91408	2533240	27.64
1990-1999	50	0.00537	0.00535	0.5	91178	488	90934	2441831	26.78
1990-1999	51	0.00620	0.00618	0.5	90690	561	90410	2350897	25.92
1990-1999	52	0.00675	0.00673	0.5	90130	607	89826	2260487	25.08
1990-1999	53	0.00726	0.00724	0.5	89523	648	89199	2170661	24.25
1990-1999	54	0.00794	0.00791	0.5	88875	703	88523	2081462	23.42
1990-1999	55	0.00889	0.00885	0.5	88172	781	87782	1992938	22.60
1990-1999	56	0.00977	0.00973	0.5	87391	850	86966	1905157	21.80
1990-1999	57	0.01059	0.01053	0.5	86541	912	86086	1818190	21.01
1990-1999	58	0.01198	0.01191	0.5	85630	1020	85120	1732105	20.23
1990-1999	59	0.01280	0.01272	0.5	84610	1076	84072	1646985	19.47
1990-1999	60	0.01441	0.01430	0.5	83534	1195	82937	1562913	18.71
1990-1999	61	0.01602	0.01589	0.5	82339	1309	81685	1479976	17.97
1990-1999	62	0.01753	0.01737	0.5	81030	1408	80327	1398291	17.26
1990-1999	63	0.01897	0.01879	0.5	79623	1496	78874	1317965	16.55
1990-1999	64	0.02090	0.02068	0.5	78126	1616	77318	1239090	15.86
1990-1999	65	0.02312	0.02286	0.5	76510	1749	75636	1161772	15.18
1990-1999	66	0.02560	0.02528	0.5	74762	1890	73817	1086136	14.53
1990-1999	67	0.02743	0.02706	0.5	72872	1972	71886	1012319	13.89
1990-1999	68	0.03084	0.03037	0.5	70900	2154	69823	940433	13.26
1990-1999	69	0.03315	0.03261	0.5	68746	2242	67626	870610	12.66
1990-1999	70	0.03599	0.03535	0.5	66505	2351	65329	802984	12.07
1990-1999	71	0.03959	0.03883	0.5	64154	2491	62908	737655	11.50
1990-1999	72	0.04238	0.04150	0.5	61663	2559	60384	674746	10.94
1990-1999	73	0.04588	0.04485	0.5	59104	2651	57779	614363	10.39
1990-1999	74	0.05002	0.04879	0.5	56453	2755	55076	556584	9.86
1990-1999	75	0.05357	0.05217	0.5	53699	2802	52298	501508	9.34
1990-1999	76	0.05926	0.05755	0.5	50897	2929	49433	449210	8.83
1990-1999	77	0.06556	0.06348	0.5	47968	3045	46446	399777	8.33
1990-1999	78	0.07119	0.06875	0.5	44923	3088	43379	353332	7.87
1990-1999	79	0.07792	0.07500	0.5	41835	3138	40266	309953	7.41
1990-1999	80	0.08739	0.08373	0.5	38697	3240	37077	269687	6.97
1990-1999	81	0.09591	0.09152	0.5	35457	3245	33834	232610	6.56
1990-1999	82	0.10433	0.09916	0.5	32212	3194	30615	198775	6.17
1990-1999	83	0.11615	0.10977	0.5	29018	3185	27425	168161	5.80
1990-1999	84	0.12569	0.11825	0.5	25832	3055	24305	140735	5.45
1990-1999	85	0.13874	0.12974	0.5	22778	2955	21300	116431	5.11
1990-1999	86	0.15123	0.14060	0.5	19822	2787	18429	95131	4.80
1990-1999	87	0.16620	0.15345	0.5	17035	2614	15728	76702	4.50
1990-1999	88	0.17927	0.16452	0.5	14421	2373	13235	60973	4.23
1990-1999	89	0.19494	0.17762	0.5	12049	2140	10979	47738	3.96
1990-1999	90	0.21388	0.19321	0.5	9909	1914	8951	36760	3.71
1990-1999	91	0.23262	0.20838	0.5	7994	1666	7161	27809	3.48
1990-1999	92	0.25491	0.22610	0.5	6328	1431	5613	20647	3.26
1990-1999	93	0.27564	0.24225	0.5	4897	1186	4304	15035	3.07
1990-1999	94	0.29790	0.25928	0.5	3711	962	3230	10730	2.89
1990-1999	95	0.31926	0.27531	0.5	2749	757	2370	7500	2.73
1990-1999	96	0.34288	0.29270	0.5	1992	583	1701	5130	2.58
1990-1999	97	0.36731	0.31032	0.5	1409	437	1190	3429	2.43
1990-1999	98	0.39244	0.32807	0.5	972	319	812	2239	2.30
1990-1999	99	0.41815	0.34584	0.5	653	226	540	1427	2.18
1990-1999	100	0.44432	0.36355	0.5	427	155	349	887	2.08
1990-1999	101	0.47079	0.38109	0.5	272	104	220	537	1.98
1990-1999	102	0.49744	0.39836	0.5	168	67	135	317	1.88
1990-1999	103	0.52409	0.41527	0.5	101	42	80	182	1.80
1990-1999	104	0.55062	0.43175	0.5	59	26	46	102	1.73
1990-1999	105	0.57685	0.44772	0.5	34	15	26	56	1.66
1990-1999	106	0.60266	0.46311	0.5	19	9	14	30	1.60
1990-1999	107	0.62791	0.47788	0.5	10	5	8	15	1.54
1990-1999	108	0.65248	0.49198	0.5	5	3	4	8	1.49
1990-1999	109	0.67627	0.50538	0.5	3	1	2	4	1.45
1990-1999	110+	0.69918	1.00000	1.43	1	1	2	2	1.43
2000-2009	0	0.00847	0.00840	0.07	100000	840	99217	7474997	74.75
2000-2009	1	0.00053	0.00053	0.5	99160	53	99133	7375781	74.38
2000-2009	2	0.00033	0.00033	0.5	99107	33	99090	7276648	73.42
2000-2009	3	0.00024	0.00024	0.5	99074	24	99062	7177557	72.45
2000-2009	4	0.00021	0.00021	0.5	99050	20	99040	7078496	71.46
2000-2009	5	0.00018	0.00018	0.5	99029	18	99020	6979456	70.48
2000-2009	6	0.00016	0.00016	0.5	99011	16	99003	6880436	69.49
2000-2009	7	0.00014	0.00014	0.5	98996	14	98988	6781432	68.50
2000-2009	8	0.00015	0.00015	0.5	98981	15	98974	6682444	67.51
2000-2009	9	0.00015	0.00015	0.5	98966	14	98959	6583470	66.52
2000-2009	10	0.00015	0.00015	0.5	98952	15	98944	6484511	65.53
2000-2009	11	0.00016	0.00016	0.5	98937	16	98929	6385566	64.54
2000-2009	12	0.00019	0.00019	0.5	98921	19	98912	6286637	63.55
2000-2009	13	0.00023	0.00023	0.5	98902	23	98891	6187726	62.56
2000-2009	14	0.00029	0.00029	0.5	98880	29	98865	6088835	61.58
2000-2009	15	0.00043	0.00043	0.5	98850	43	98829	5989970	60.60
2000-2009	16	0.00065	0.00065	0.5	98808	64	98775	5891141	59.62
2000-2009	17	0.00083	0.00083	0.5	98743	82	98702	5792365	58.66
2000-2009	18	0.00109	0.00109	0.5	98661	108	98607	5693663	57.71
2000-2009	19	0.00119	0.00119	0.5	98553	117	98495	5595056	56.77
2000-2009	20	0.00122	0.00122	0.5	98436	120	98376	5496561	55.84
2000-2009	21	0.00140	0.00140	0.5	98317	138	98248	5398185	54.91
2000-2009	22	0.00138	0.00138	0.5	98179	136	98111	5299937	53.98
2000-2009	23	0.00142	0.00142	0.5	98043	139	97974	5201825	53.06
2000-2009	24	0.00136	0.00136	0.5	97904	133	97837	5103852	52.13
2000-2009	25	0.00139	0.00139	0.5	97771	136	97703	5006014	51.20
2000-2009	26	0.00135	0.00135	0.5	97635	132	97569	4908311	50.27
2000-2009	27	0.00138	0.00137	0.5	97504	134	97436	4810742	49.34
2000-2009	28	0.00135	0.00135	0.5	97369	131	97304	4713306	48.41
2000-2009	29	0.00138	0.00138	0.5	97238	135	97171	4616002	47.47
2000-2009	30	0.00141	0.00141	0.5	97103	137	97035	4518831	46.54
2000-2009	31	0.00147	0.00146	0.5	96966	142	96895	4421796	45.60
2000-2009	32	0.00146	0.00145	0.5	96824	141	96754	4324901	44.67
2000-2009	33	0.00150	0.00150	0.5	96683	145	96611	4228147	43.73
2000-2009	34	0.00156	0.00156	0.5	96538	151	96463	4131537	42.80
2000-2009	35	0.00164	0.00164	0.5	96388	158	96308	4035074	41.86
2000-2009	36	0.00175	0.00174	0.5	96229	168	96145	3938765	40.93
2000-2009	37	0.00189	0.00189	0.5	96062	181	95971	3842620	40.00
2000-2009	38	0.00202	0.00202	0.5	95880	193	95784	3746649	39.08
2000-2009	39	0.00215	0.00215	0.5	95687	205	95584	3650865	38.15
2000-2009	40	0.00236	0.00236	0.5	95482	225	95369	3555281	37.24
2000-2009	41	0.00260	0.00260	0.5	95256	248	95132	3459912	36.32
2000-2009	42	0.00275	0.00274	0.5	95009	261	94878	3364780	35.42
2000-2009	43	0.00306	0.00306	0.5	94748	290	94603	3269901	34.51
2000-2009	44	0.00330	0.00330	0.5	94458	312	94302	3175298	33.62
2000-2009	45	0.00366	0.00366	0.5	94147	344	93975	3080996	32.73
2000-2009	46	0.00395	0.00394	0.5	93802	370	93617	2987021	31.84
2000-2009	47	0.00440	0.00439	0.5	93432	410	93227	2893404	30.97
2000-2009	48	0.00464	0.00463	0.5	93022	431	92807	2800176	30.10
2000-2009	49	0.00501	0.00500	0.5	92591	463	92360	2707370	29.24
2000-2009	50	0.00553	0.00551	0.5	92128	508	91874	2615010	28.38
2000-2009	51	0.00590	0.00588	0.5	91620	539	91351	2523135	27.54
2000-2009	52	0.00637	0.00635	0.5	91081	578	90792	2431785	26.70
2000-2009	53	0.00694	0.00691	0.5	90503	626	90190	2340993	25.87
2000-2009	54	0.00732	0.00730	0.5	89877	656	89550	2250802	25.04
2000-2009	55	0.00803	0.00800	0.5	89222	713	88865	2161253	24.22
2000-2009	56	0.00849	0.00845	0.5	88508	748	88134	2072388	23.41
2000-2009	57	0.00927	0.00923	0.5	87760	810	87355	1984253	22.61
2000-2009	58	0.00996	0.00991	0.5	86950	862	86519	1896898	21.82
2000-2009	59	0.01084	0.01078	0.5	86088	928	85624	1810378	21.03
2000-2009	60	0.01198	0.01191	0.5	85160	1014	84653	1724754	20.25
2000-2009	61	0.01289	0.01281	0.5	84146	1078	83607	1640101	19.49
2000-2009	62	0.01416	0.01406	0.5	83068	1168	82484	1556494	18.74
2000-2009	63	0.01558	0.01546	0.5	81900	1266	81267	1474009	18.00
2000-2009	64	0.01700	0.01685	0.5	80634	1359	79955	1392742	17.27
2000-2009	65	0.01839	0.01822	0.5	79275	1445	78553	1312787	16.56
2000-2009	66	0.02005	0.01985	0.5	77831	1545	77058	1234234	15.86
2000-2009	67	0.02176	0.02153	0.5	76286	1642	75465	1157176	15.17
2000-2009	68	0.02345	0.02318	0.5	74644	1730	73779	1081711	14.49
2000-2009	69	0.02584	0.02551	0.5	72913	1860	71983	1007932	13.82
2000-2009	70	0.02850	0.02810	0.5	71053	1996	70055	935949	13.17
2000-2009	71	0.03083	0.03036	0.5	69057	2097	68009	865894	12.54
2000-2009	72	0.03418	0.03361	0.5	66960	2250	65835	797885	11.92
2000-2009	73	0.03762	0.03693	0.5	64710	2390	63515	732050	11.31
2000-2009	74	0.04057	0.03977	0.5	62320	2478	61081	668535	10.73
2000-2009	75	0.04486	0.04388	0.5	59842	2626	58529	607453	10.15
2000-2009	76	0.04876	0.04760	0.5	57216	2724	55854	548924	9.59
2000-2009	77	0.05393	0.05251	0.5	54492	2862	53062	493070	9.05
2000-2009	78	0.05954	0.05782	0.5	51631	2985	50138	440008	8.52
2000-2009	79	0.06489	0.06285	0.5	48646	3057	47117	389870	8.01
2000-2009	80	0.07328	0.07069	0.5	45588	3222	43977	342753	7.52
2000-2009	81	0.08040	0.07729	0.5	42366	3274	40729	298776	7.05
2000-2009	82	0.08938	0.08556	0.5	39091	3345	37419	258047	6.60
2000-2009	83	0.09881	0.09416	0.5	35747	3366	34064	220628	6.17
2000-2009	84	0.10903	0.10339	0.5	32381	3348	30707	186564	5.76
2000-2009	85	0.12213	0.11510	0.5	29033	3342	27362	155857	5.37
2000-2009	86	0.13558	0.12697	0.5	25691	3262	24060	128495	5.00
2000-2009	87	0.14943	0.13904	0.5	22429	3119	20870	104435	4.66
2000-2009	88	0.16563	0.15296	0.5	19311	2954	17834	83565	4.33
2000-2009	89	0.18531	0.16960	0.5	16357	2774	14970	65731	4.02
2000-2009	90	0.20400	0.18511	0.5	13583	2514	12326	50761	3.74
2000-2009	91	0.22673	0.20365	0.5	11068	2254	9941	38435	3.47
2000-2009	92	0.25149	0.22340	0.5	8814	1969	7830	28494	3.23
2000-2009	93	0.27856	0.24450	0.5	6845	1674	6008	20664	3.02
2000-2009	94	0.30339	0.26343	0.5	5172	1362	4490	14655	2.83
2000-2009	95	0.32249	0.27771	0.5	3809	1058	3280	10165	2.67
2000-2009	96	0.34966	0.29762	0.5	2751	819	2342	6885	2.50
2000-2009	97	0.37784	0.31780	0.5	1933	614	1625	4543	2.35
2000-2009	98	0.40688	0.33810	0.5	1318	446	1095	2917	2.21
2000-2009	99	0.43658	0.35835	0.5	873	313	716	1822	2.09
2000-2009	100	0.46674	0.37843	0.5	560	212	454	1105	1.97
2000-2009	101	0.49715	0.39817	0.5	348	139	279	651	1.87
2000-2009	102	0.52758	0.41746	0.5	209	87	166	373	1.78
2000-2009	103	0.55780	0.43616	0.5	122	53	95	207	1.70
2000-2009	104	0.58760	0.45417	0.5	69	31	53	112	1.62
2000-2009	105	0.61678	0.47140	0.5	38	18	29	58	1.55
2000-2009	106	0.64513	0.48779	0.5	20	10	15	30	1.49
2000-2009	107	0.67251	0.50328	0.5	10	5	8	15	1.44
2000-2009	108	0.69875	0.51783	0.5	5	3	4	7	1.40
2000-2009	109	0.72376	0.53144	0.5	2	1	2	3	1.36
2000-2009	110+	0.74744	1.00000	1.34	1	1	2	2	1.34
2010-2019	0	0.00734	0.00729	0.06	100000	729	99318	7566591	75.67
2010-2019	1	0.00042	0.00042	0.5	99271	42	99250	7467273	75.22
2010-2019	2	0.00029	0.00029	0.5	99229	29	99214	7368023	74.25
2010-2019	3	0.00022	0.00022	0.5	99200	22	99189	7268808	73.27
2010-2019	4	0.00018	0.00018	0.5	99178	18	99170	7169619	72.29
2010-2019	5	0.00014	0.00014	0.5	99161	14	99154	7070450	71.30
2010-2019	6	0.00013	0.00013	0.5	99146	13	99140	6971296	70.31
2010-2019	7	0.00012	0.00012	0.5	99134	12	99128	6872156	69.32
2010-2019	8	0.00011	0.00011	0.5	99122	11	99116	6773028	68.33
2010-2019	9	0.00013	0.00013	0.5	99111	13	99104	6673912	67.34
2010-2019	10	0.00013	0.00013	0.5	99098	13	99091	6574808	66.35
2010-2019	11	0.00014	0.00014	0.5	99085	14	99078	6475717	65.36
2010-2019	12	0.00015	0.00015	0.5	99071	15	99063	6376639	64.36
2010-2019	13	0.00019	0.00019	0.5	99056	19	99047	6277576	63.37
2010-2019	14	0.00026	0.00026	0.5	99037	26	99024	6178529	62.39
2010-2019	15	0.00036	0.00036	0.5	99011	36	98993	6079505	61.40
2010-2019	16	0.00052	0.00052	0.5	98975	51	98950	5980511	60.42
2010-2019	17	0.00068	0.00068	0.5	98924	68	98890	5881562	59.46
2010-2019	18	0.00094	0.00094	0.5	98856	93	98810	5782672	58.50
2010-2019	19	0.00104	0.00104	0.5	98764	103	98712	5683862	57.55
2010-2019	20	0.00113	0.00113	0.5	98661	111	98605	5585150	56.61
2010-2019	21	0.00133	0.00133	0.5	98549	131	98484	5486545	55.67
2010-2019	22	0.00134	0.00134	0.5	98418	132	98352	5388061	54.75
2010-2019	23	0.00145	0.00145	0.5	98287	143	98215	5289709	53.82
2010-2019	24	0.00150	0.00150	0.5	98144	147	98070	5191494	52.90
2010-2019	25	0.00159	0.00159	0.5	97997	156	97919	5093423	51.98
2010-2019	26	0.00167	0.00166	0.5	97841	163	97759	4995505	51.06
2010-2019	27	0.00165	0.00165	0.5	97678	161	97597	4897745	50.14
2010-2019	28	0.00170	0.00170	0.5	97516	166	97434	4800148	49.22
2010-2019	29	0.00175	0.00175	0.5	97351	170	97266	4702715	48.31
2010-2019	30	0.00181	0.00181	0.5	97181	176	97093	4605449	47.39
2010-2019	31	0.00182	0.00182	0.5	97005	176	96916	4508357	46.48
2010-2019	32	0.00184	0.00184	0.5	96828	178	96739	4411440	45.56
2010-2019	33	0.00193	0.00193	0.5	96650	187	96556	4314701	44.64
2010-2019	34	0.00203	0.00203	0.5	96463	196	96365	4218145	43.73
2010-2019	35	0.00206	0.00206	0.5	96267	198	96168	4121779	42.82
2010-2019	36	0.00209	0.00209	0.5	96069	201	95969	4025611	41.90
2010-2019	37	0.00212	0.00212	0.5	95868	203	95767	3929643	40.99
2010-2019	38	0.00222	0.00221	0.5	95665	212	95559	3833876	40.08
2010-2019	39	0.00230	0.00230	0.5	95453	219	95344	3738317	39.16
2010-2019	40	0.00246	0.00245	0.5	95234	234	95117	3642973	38.25
2010-2019	41	0.00261	0.00261	0.5	95000	248	94877	3547856	37.35
2010-2019	42	0.00269	0.00268	0.5	94753	254	94626	3452979	36.44
2010-2019	43	0.00287	0.00286	0.5	94499	271	94363	3358354	35.54
2010-2019	44	0.00311	0.00310	0.5	94228	292	94082	3263990	34.64
2010-2019	45	0.00330	0.00330	0.5	93936	310	93781	3169908	33.75
2010-2019	46	0.00367	0.00366	0.5	93626	343	93455	3076128	32.86
2010-2019	47	0.00400	0.00399	0.5	93283	372	93097	2982673	31.97
2010-2019	48	0.00430	0.00429	0.5	92911	398	92712	2889576	31.10
2010-2019	49	0.00467	0.00466	0.5	92513	431	92297	2796864	30.23
2010-2019	50	0.00511	0.00509	0.5	92081	469	91847	2704567	29.37
2010-2019	51	0.00569	0.00567	0.5	91612	520	91352	2612720	28.52
2010-2019	52	0.00618	0.00616	0.5	91093	561	90812	2521367	27.68
2010-2019	53	0.00677	0.00675	0.5	90532	611	90226	2430555	26.85
2010-2019	54	0.00729	0.00727	0.5	89921	654	89594	2340329	26.03
2010-2019	55	0.00806	0.00803	0.5	89268	717	88909	2250734	25.21
2010-2019	56	0.00854	0.00851	0.5	88551	753	88174	2161825	24.41
2010-2019	57	0.00929	0.00925	0.5	87798	812	87392	2073651	23.62
2010-2019	58	0.01009	0.01004	0.5	86985	873	86549	1986259	22.83
2010-2019	59	0.01089	0.01083	0.5	86112	932	85646	1899711	22.06
2010-2019	60	0.01154	0.01147	0.5	85180	977	84691	1814064	21.30
2010-2019	61	0.01243	0.01235	0.5	84203	1040	83683	1729373	20.54
2010-2019	62	0.01335	0.01327	0.5	83163	1103	82611	1645690	19.79
2010-2019	63	0.01456	0.01445	0.5	82060	1186	81467	1563079	19.05
2010-2019	64	0.01539	0.01527	0.5	80874	1235	80256	1481612	18.32
2010-2019	65	0.01643	0.01630	0.5	79638	1298	78989	1401356	17.60
2010-2019	66	0.01759	0.01744	0.5	78340	1366	77657	1322367	16.88
2010-2019	67	0.01908	0.01890	0.5	76974	1455	76247	1244709	16.17
2010-2019	68	0.02055	0.02034	0.5	75520	1536	74752	1168462	15.47
2010-2019	69	0.02246	0.02221	0.5	73984	1643	73162	1093710	14.78
2010-2019	70	0.02437	0.02408	0.5	72341	1742	71470	1020548	14.11
2010-2019	71	0.02667	0.02632	0.5	70599	1858	69670	949078	13.44
2010-2019	72	0.02898	0.02857	0.5	68741	1964	67759	879408	12.79
2010-2019	73	0.03147	0.03098	0.5	66777	2069	65743	811649	12.15
2010-2019	74	0.03431	0.03373	0.5	64708	2182	63617	745906	11.53
2010-2019	75	0.03852	0.03779	0.5	62526	2363	61344	682289	10.91
2010-2019	76	0.04190	0.04104	0.5	60163	2469	58929	620945	10.32
2010-2019	77	0.04599	0.04495	0.5	57694	2594	56397	562016	9.74
2010-2019	78	0.05042	0.04918	0.5	55100	2710	53746	505619	9.18
2010-2019	79	0.05520	0.05372	0.5	52391	2814	50984	451873	8.63
2010-2019	80	0.06325	0.06131	0.5	49577	3040	48057	400890	8.09
2010-2019	81	0.07038	0.06799	0.5	46537	3164	44955	352833	7.58
2010-2019	82	0.07808	0.07515	0.5	43373	3259	41743	307878	7.10
2010-2019	83	0.08682	0.08321	0.5	40113	3338	38445	266135	6.63
2010-2019	84	0.09678	0.09231	0.5	36776	3395	35078	227691	6.19
2010-2019	85	0.10634	0.10097	0.5	33381	3370	31696	192612	5.77
2010-2019	86	0.11910	0.11240	0.5	30010	3373	28324	160917	5.36
2010-2019	87	0.13391	0.12551	0.5	26637	3343	24966	132593	4.98
2010-2019	88	0.14858	0.13830	0.5	23294	3222	21683	107627	4.62
2010-2019	89	0.16601	0.15328	0.5	20072	3077	18534	85944	4.28
2010-2019	90	0.18656	0.17064	0.5	16996	2900	15546	67410	3.97
2010-2019	91	0.20768	0.18814	0.5	14095	2652	12769	51865	3.68
2010-2019	92	0.23138	0.20739	0.5	11443	2373	10257	39095	3.42
2010-2019	93	0.25866	0.22904	0.5	9070	2077	8032	28838	3.18
2010-2019	94	0.27864	0.24456	0.5	6993	1710	6138	20807	2.98
2010-2019	95	0.30449	0.26426	0.5	5283	1396	4585	14669	2.78
2010-2019	96	0.33211	0.28481	0.5	3887	1107	3333	10085	2.59
2010-2019	97	0.36093	0.30575	0.5	2780	850	2355	6751	2.43
2010-2019	98	0.39078	0.32691	0.5	1930	631	1614	4397	2.28
2010-2019	99	0.42148	0.34812	0.5	1299	452	1073	2782	2.14
2010-2019	100	0.45280	0.36921	0.5	847	313	690	1710	2.02
2010-2019	101	0.48449	0.39001	0.5	534	208	430	1019	1.91
2010-2019	102	0.51632	0.41037	0.5	326	134	259	589	1.81
2010-2019	103	0.54800	0.43014	0.5	192	83	151	330	1.72
2010-2019	104	0.57931	0.44920	0.5	109	49	85	179	1.64
2010-2019	105	0.60999	0.46743	0.5	60	28	46	94	1.57
2010-2019	106	0.63982	0.48475	0.5	32	16	24	48	1.50
2010-2019	107	0.66861	0.50109	0.5	17	8	12	24	1.45
2010-2019	108	0.69619	0.51643	0.5	8	4	6	12	1.40
2010-2019	109	0.72243	0.53073	0.5	4	2	3	5	1.36
2010-2019	110+	0.74723	1.00000	1.34	2	2	3	3	1.34
2020-2022	0	0.00674	0.00670	0.06	100000	670	99372	7362866	73.63
2020-2022	1	0.00046	0.00046	0.5	99330	46	99307	7263493	73.12
2020-2022	2	0.00027	0.00027	0.5	99285	27	99271	7164186	72.16
2020-2022	3	0.00024	0.00024	0.5	99257	24	99245	7064915	71.18
2020-2022	4	0.00019	0.00019	0.5	99233	18	99224	6965670	70.20
2020-2022	5	0.00017	0.00017	0.5	99215	17	99206	6866446	69.21
2020-2022	6	0.00015	0.00015	0.5	99198	15	99191	6767240	68.22
2020-2022	7	0.00013	0.00013	0.5	99183	13	99177	6668049	67.23
2020-2022	8	0.00012	0.00012	0.5	99170	11	99164	6568872	66.24
2020-2022	9	0.00013	0.00013	0.5	99159	13	99152	6469708	65.25
2020-2022	10	0.00012	0.00012	0.5	99145	12	99139	6370556	64.25
2020-2022	11	0.00015	0.00015	0.5	99133	15	99126	6271417	63.26
2020-2022	12	0.00015	0.00015	0.5	99118	15	99111	6172291	62.27
2020-2022	13	0.00024	0.00024	0.5	99104	24	99092	6073180	61.28
2020-2022	14	0.00035	0.00035	0.5	99080	35	99062	5974088	60.30
2020-2022	15	0.00043	0.00043	0.5	99045	43	99024	5875026	59.32
2020-2022	16	0.00061	0.00061	0.5	99002	60	98972	5776002	58.34
2020-2022	17	0.00075	0.00075	0.5	98942	74	98905	5677030	57.38
2020-2022	18	0.00113	0.00113	0.5	98868	112	98812	5578125	56.42
2020-2022	19	0.00130	0.00129	0.5	98756	128	98693	5479313	55.48
2020-2022	20	0.00132	0.00132	0.5	98629	130	98563	5380620	54.55
2020-2022	21	0.00148	0.00147	0.5	98498	145	98426	5282057	53.63
2020-2022	22	0.00160	0.00160	0.5	98353	157	98274	5183631	52.70
2020-2022	23	0.00167	0.00167	0.5	98196	164	98114	5085356	51.79
2020-2022	24	0.00174	0.00173	0.5	98032	170	97947	4987243	50.87
2020-2022	25	0.00191	0.00190	0.5	97862	186	97768	4889296	49.96
2020-2022	26	0.00211	0.00211	0.5	97675	206	97572	4791528	49.06
2020-2022	27	0.00225	0.00225	0.5	97470	219	97360	4693955	48.16
2020-2022	28	0.00228	0.00228	0.5	97250	222	97139	4596595	47.27
2020-2022	29	0.00242	0.00242	0.5	97029	234	96911	4499456	46.37
2020-2022	30	0.00254	0.00253	0.5	96794	245	96672	4402544	45.48
2020-2022	31	0.00267	0.00267	0.5	96549	257	96420	4305873	44.60
2020-2022	32	0.00279	0.00279	0.5	96292	269	96157	4209453	43.72
2020-2022	33	0.00297	0.00297	0.5	96023	285	95880	4113295	42.84
2020-2022	34	0.00289	0.00289	0.5	95738	276	95600	4017415	41.96
2020-2022	35	0.00299	0.00298	0.5	95462	285	95319	3921815	41.08
2020-2022	36	0.00307	0.00307	0.5	95177	292	95031	3826496	40.20
2020-2022	37	0.00315	0.00314	0.5	94885	298	94736	3731465	39.33
2020-2022	38	0.00328	0.00328	0.5	94587	310	94432	3636729	38.45
2020-2022	39	0.00337	0.00337	0.5	94277	317	94118	3542297	37.57
2020-2022	40	0.00363	0.00362	0.5	93960	340	93790	3448179	36.70
2020-2022	41	0.00372	0.00372	0.5	93619	348	93445	3354390	35.83
2020-2022	42	0.00379	0.00378	0.5	93271	353	93095	3260944	34.96
2020-2022	43	0.00401	0.00400	0.5	92919	372	92733	3167849	34.09
2020-2022	44	0.00417	0.00416	0.5	92547	385	92354	3075116	33.23
2020-2022	45	0.00450	0.00449	0.5	92162	414	91955	2982762	32.36
2020-2022	46	0.00478	0.00477	0.5	91748	438	91529	2890807	31.51
2020-2022	47	0.00517	0.00516	0.5	91310	471	91075	2799278	30.66
2020-2022	48	0.00550	0.00548	0.5	90839	498	90590	2708203	29.81
2020-2022	49	0.00587	0.00585	0.5	90341	529	90077	2617612	28.97
2020-2022	50	0.00629	0.00627	0.5	89813	563	89531	2527535	28.14
2020-2022	51	0.00686	0.00683	0.5	89249	610	88944	2438004	27.32
2020-2022	52	0.00726	0.00723	0.5	88640	641	88319	2349060	26.50
2020-2022	53	0.00775	0.00772	0.5	87998	680	87658	2260741	25.69
2020-2022	54	0.00830	0.00826	0.5	87319	722	86958	2173082	24.89
2020-2022	55	0.00918	0.00914	0.5	86597	791	86201	2086124	24.09
2020-2022	56	0.01002	0.00997	0.5	85806	855	85378	1999923	23.31
2020-2022	57	0.01074	0.01068	0.5	84951	907	84497	1914545	22.54
2020-2022	58	0.01185	0.01178	0.5	84043	990	83548	1830048	21.78
2020-2022	59	0.01251	0.01244	0.5	83053	1033	82537	1746500	21.03
2020-2022	60	0.01409	0.01399	0.5	82020	1148	81446	1663963	20.29
2020-2022	61	0.01470	0.01459	0.5	80873	1180	80282	1582517	19.57
2020-2022	62	0.01576	0.01563	0.5	79692	1246	79069	1502234	18.85
2020-2022	63	0.01724	0.01710	0.5	78446	1341	77776	1423165	18.14
2020-2022	64	0.01864	0.01847	0.5	77105	1424	76393	1345389	17.45
2020-2022	65	0.01952	0.01933	0.5	75681	1463	74950	1268996	16.77
2020-2022	66	0.02095	0.02073	0.5	74219	1538	73449	1194046	16.09
2020-2022	67	0.02214	0.02189	0.5	72680	1591	71885	1120597	15.42
2020-2022	68	0.02374	0.02346	0.5	71089	1668	70255	1048712	14.75
2020-2022	69	0.02535	0.02503	0.5	69421	1738	68552	978457	14.09
2020-2022	70	0.02749	0.02711	0.5	67683	1835	66766	909905	13.44
2020-2022	71	0.02946	0.02903	0.5	65848	1912	64892	843139	12.80
2020-2022	72	0.03197	0.03147	0.5	63937	2012	62931	778247	12.17
2020-2022	73	0.03532	0.03471	0.5	61924	2149	60850	715316	11.55
2020-2022	74	0.03763	0.03693	0.5	59775	2208	58671	654466	10.95
2020-2022	75	0.04125	0.04042	0.5	57568	2327	56404	595795	10.35
2020-2022	76	0.04535	0.04435	0.5	55241	2450	54016	539391	9.76
2020-2022	77	0.05136	0.05008	0.5	52791	2644	51469	485375	9.19
2020-2022	78	0.05726	0.05566	0.5	50147	2791	48752	433906	8.65
2020-2022	79	0.06362	0.06166	0.5	47356	2920	45896	385154	8.13
2020-2022	80	0.06902	0.06672	0.5	44436	2965	42954	339258	7.63
2020-2022	81	0.07594	0.07316	0.5	41471	3034	39954	296304	7.14
2020-2022	82	0.08527	0.08179	0.5	38437	3144	36865	256350	6.67
2020-2022	83	0.09635	0.09192	0.5	35294	3244	33672	219484	6.22
2020-2022	84	0.10647	0.10109	0.5	32049	3240	30429	185813	5.80
2020-2022	85	0.12087	0.11398	0.5	28809	3284	27168	155384	5.39
2020-2022	86	0.13074	0.12272	0.5	25526	3132	23959	128216	5.02
2020-2022	87	0.14892	0.13860	0.5	22393	3104	20841	104257	4.66
2020-2022	88	0.16279	0.15053	0.5	19290	2904	17838	83415	4.32
2020-2022	89	0.18327	0.16789	0.5	16386	2751	15010	65577	4.00
2020-2022	90	0.20235	0.18376	0.5	13635	2506	12382	50567	3.71
2020-2022	91	0.22469	0.20200	0.5	11129	2248	10005	38185	3.43
2020-2022	92	0.25450	0.22577	0.5	8881	2005	7879	28180	3.17
2020-2022	93	0.28343	0.24825	0.5	6876	1707	6023	20301	2.95
2020-2022	94	0.30710	0.26622	0.5	5169	1376	4481	14278	2.76
2020-2022	95	0.33320	0.28562	0.5	3793	1083	3251	9797	2.58
2020-2022	96	0.36258	0.30694	0.5	2710	832	2294	6546	2.42
2020-2022	97	0.39303	0.32848	0.5	1878	617	1570	4252	2.26
2020-2022	98	0.42434	0.35006	0.5	1261	441	1040	2683	2.13
2020-2022	99	0.45626	0.37151	0.5	820	304	667	1642	2.00
2020-2022	100	0.48855	0.39264	0.5	515	202	414	975	1.89
2020-2022	101	0.52093	0.41328	0.5	313	129	248	561	1.79
2020-2022	102	0.55314	0.43330	0.5	184	80	144	313	1.70
2020-2022	103	0.58491	0.45255	0.5	104	47	80	169	1.62
2020-2022	104	0.61598	0.47094	0.5	57	27	44	88	1.55
2020-2022	105	0.64614	0.48836	0.5	30	15	23	45	1.49
2020-2022	106	0.67518	0.50477	0.5	15	8	12	22	1.43
2020-2022	107	0.70293	0.52012	0.5	8	4	6	11	1.38
2020-2022	108	0.72926	0.53440	0.5	4	2	3	5	1.34
2020-2022	109	0.75408	0.54761	0.5	2	1	1	2	1.31
2020-2022	110+	0.77731	1.00000	1.29	1	1	1	1	1.29
