Div1: Div1, Lifetables (period 1x10), Both sexes Last modified: February 4 2025, MPv5 (May07) 

Year     	Age	mx	qx	ax	lx	dx	Lx	Tx	ex
1941-1949	0	0.03330	0.03237	0.14	100000	3237	97218	6714880	67.15
1941-1949	1	0.00248	0.00247	0.5	96763	239	96643	6617662	68.39
1941-1949	2	0.00156	0.00156	0.5	96524	150	96448	6521019	67.56
1941-1949	3	0.00127	0.00127	0.5	96373	123	96312	6424570	66.66
1941-1949	4	0.00110	0.00110	0.5	96251	106	96198	6328258	65.75
1941-1949	5	0.00095	0.00095	0.5	96145	91	96099	6232061	64.82
1941-1949	6	0.00084	0.00084	0.5	96053	80	96013	6135962	63.88
1941-1949	7	0.00075	0.00075	0.5	95973	72	95937	6039949	62.93
1941-1949	8	0.00068	0.00068	0.5	95900	66	95868	5944013	61.98
1941-1949	9	0.00063	0.00063	0.5	95835	61	95805	5848145	61.02
1941-1949	10	0.00061	0.00061	0.5	95774	58	95745	5752340	60.06
1941-1949	11	0.00061	0.00061	0.5	95716	58	95687	5656595	59.10
1941-1949	12	0.00063	0.00063	0.5	95658	61	95627	5560908	58.13
1941-1949	13	0.00068	0.00068	0.5	95597	65	95564	5465281	57.17
1941-1949	14	0.00075	0.00075	0.5	95532	71	95496	5369717	56.21
1941-1949	15	0.00083	0.00083	0.5	95460	79	95421	5274220	55.25
1941-1949	16	0.00091	0.00091	0.5	95381	87	95338	5178800	54.30
1941-1949	17	0.00099	0.00099	0.5	95294	94	95247	5083462	53.34
1941-1949	18	0.00106	0.00106	0.5	95200	101	95149	4988215	52.40
1941-1949	19	0.00114	0.00114	0.5	95099	108	95045	4893065	51.45
1941-1949	20	0.00121	0.00121	0.5	94991	115	94933	4798021	50.51
1941-1949	21	0.00128	0.00128	0.5	94876	121	94815	4703087	49.57
1941-1949	22	0.00133	0.00133	0.5	94755	126	94692	4608272	48.63
1941-1949	23	0.00137	0.00137	0.5	94629	130	94564	4513581	47.70
1941-1949	24	0.00140	0.00140	0.5	94499	133	94433	4419017	46.76
1941-1949	25	0.00143	0.00143	0.5	94366	135	94299	4324585	45.83
1941-1949	26	0.00147	0.00147	0.5	94231	138	94162	4230286	44.89
1941-1949	27	0.00152	0.00152	0.5	94093	143	94022	4136124	43.96
1941-1949	28	0.00158	0.00158	0.5	93950	149	93876	4042102	43.02
1941-1949	29	0.00166	0.00166	0.5	93802	156	93724	3948226	42.09
1941-1949	30	0.00176	0.00176	0.5	93646	164	93564	3854502	41.16
1941-1949	31	0.00186	0.00186	0.5	93481	174	93394	3760939	40.23
1941-1949	32	0.00199	0.00199	0.5	93307	185	93215	3667544	39.31
1941-1949	33	0.00213	0.00213	0.5	93122	198	93023	3574330	38.38
1941-1949	34	0.00230	0.00229	0.5	92923	213	92817	3481307	37.46
1941-1949	35	0.00250	0.00249	0.5	92710	231	92595	3388490	36.55
1941-1949	36	0.00271	0.00270	0.5	92479	250	92354	3295896	35.64
1941-1949	37	0.00293	0.00293	0.5	92229	270	92094	3203542	34.73
1941-1949	38	0.00320	0.00319	0.5	91959	294	91812	3111448	33.84
1941-1949	39	0.00349	0.00348	0.5	91665	319	91506	3019636	32.94
1941-1949	40	0.00379	0.00378	0.5	91346	346	91174	2928130	32.06
1941-1949	41	0.00412	0.00411	0.5	91001	374	90814	2836956	31.18
1941-1949	42	0.00452	0.00451	0.5	90627	409	90423	2746143	30.30
1941-1949	43	0.00498	0.00496	0.5	90218	448	89994	2655720	29.44
1941-1949	44	0.00543	0.00542	0.5	89770	486	89527	2565726	28.58
1941-1949	45	0.00596	0.00594	0.5	89284	531	89019	2476199	27.73
1941-1949	46	0.00651	0.00649	0.5	88754	576	88466	2387180	26.90
1941-1949	47	0.00710	0.00708	0.5	88178	624	87865	2298714	26.07
1941-1949	48	0.00779	0.00776	0.5	87553	680	87214	2210849	25.25
1941-1949	49	0.00858	0.00854	0.5	86874	742	86503	2123635	24.45
1941-1949	50	0.00948	0.00943	0.5	86132	812	85726	2037132	23.65
1941-1949	51	0.01030	0.01025	0.5	85319	875	84882	1951407	22.87
1941-1949	52	0.01118	0.01112	0.5	84445	939	83975	1866525	22.10
1941-1949	53	0.01217	0.01209	0.5	83505	1010	83001	1782550	21.35
1941-1949	54	0.01317	0.01308	0.5	82496	1079	81956	1699549	20.60
1941-1949	55	0.01428	0.01418	0.5	81417	1154	80839	1617593	19.87
1941-1949	56	0.01542	0.01530	0.5	80262	1228	79648	1536753	19.15
1941-1949	57	0.01666	0.01652	0.5	79034	1306	78382	1457105	18.44
1941-1949	58	0.01811	0.01795	0.5	77729	1395	77031	1378723	17.74
1941-1949	59	0.01968	0.01949	0.5	76333	1487	75590	1301692	17.05
1941-1949	60	0.02134	0.02111	0.5	74846	1580	74056	1226103	16.38
1941-1949	61	0.02295	0.02269	0.5	73266	1662	72435	1152047	15.72
1941-1949	62	0.02483	0.02453	0.5	71603	1756	70725	1079612	15.08
1941-1949	63	0.02706	0.02670	0.5	69847	1865	68915	1008887	14.44
1941-1949	64	0.02936	0.02894	0.5	67982	1967	66999	939972	13.83
1941-1949	65	0.03210	0.03160	0.5	66015	2086	64972	872974	13.22
1941-1949	66	0.03477	0.03418	0.5	63929	2185	62837	808002	12.64
1941-1949	67	0.03759	0.03689	0.5	61744	2278	60605	745165	12.07
1941-1949	68	0.04106	0.04024	0.5	59466	2393	58270	684560	11.51
1941-1949	69	0.04478	0.04380	0.5	57073	2500	55824	626290	10.97
1941-1949	70	0.04899	0.04782	0.5	54574	2610	53269	570466	10.45
1941-1949	71	0.05294	0.05157	0.5	51964	2680	50624	517197	9.95
1941-1949	72	0.05730	0.05570	0.5	49284	2745	47912	466573	9.47
1941-1949	73	0.06248	0.06059	0.5	46539	2820	45129	418662	9.00
1941-1949	74	0.06774	0.06552	0.5	43719	2864	42287	373533	8.54
1941-1949	75	0.07392	0.07129	0.5	40855	2912	39399	331246	8.11
1941-1949	76	0.08001	0.07693	0.5	37942	2919	36483	291847	7.69
1941-1949	77	0.08596	0.08242	0.5	35024	2887	33580	255364	7.29
1941-1949	78	0.09348	0.08931	0.5	32137	2870	30702	221784	6.90
1941-1949	79	0.10208	0.09713	0.5	29267	2843	27846	191082	6.53
1941-1949	80	0.10764	0.10215	0.5	26424	2699	25075	163237	6.18
1941-1949	81	0.11770	0.11115	0.5	23725	2637	22407	138162	5.82
1941-1949	82	0.12865	0.12087	0.5	21088	2549	19813	115756	5.49
1941-1949	83	0.14049	0.13126	0.5	18539	2434	17322	95942	5.18
1941-1949	84	0.15283	0.14198	0.5	16105	2287	14962	78620	4.88
1941-1949	85	0.16535	0.15273	0.5	13819	2110	12763	63658	4.61
1941-1949	86	0.17895	0.16425	0.5	11708	1923	10747	50894	4.35
1941-1949	87	0.19417	0.17699	0.5	9785	1732	8919	40148	4.10
1941-1949	88	0.21078	0.19068	0.5	8053	1536	7285	31228	3.88
1941-1949	89	0.22772	0.20445	0.5	6518	1333	5851	23943	3.67
1941-1949	90	0.24329	0.21690	0.5	5185	1125	4623	18091	3.49
1941-1949	91	0.25768	0.22827	0.5	4060	927	3597	13469	3.32
1941-1949	92	0.27130	0.23889	0.5	3134	749	2759	9872	3.15
1941-1949	93	0.29089	0.25395	0.5	2385	606	2082	7112	2.98
1941-1949	94	0.31059	0.26884	0.5	1779	478	1540	5030	2.83
1941-1949	95	0.33102	0.28401	0.5	1301	369	1116	3490	2.68
1941-1949	96	0.35211	0.29940	0.5	931	279	792	2374	2.55
1941-1949	97	0.37382	0.31495	0.5	653	206	550	1582	2.42
1941-1949	98	0.39606	0.33059	0.5	447	148	373	1032	2.31
1941-1949	99	0.41875	0.34625	0.5	299	104	247	659	2.20
1941-1949	100	0.44180	0.36187	0.5	196	71	160	411	2.10
1941-1949	101	0.46513	0.37737	0.5	125	47	101	251	2.01
1941-1949	102	0.48862	0.39269	0.5	78	31	62	150	1.93
1941-1949	103	0.51219	0.40776	0.5	47	19	38	87	1.85
1941-1949	104	0.53571	0.42253	0.5	28	12	22	50	1.78
1941-1949	105	0.55910	0.43695	0.5	16	7	13	28	1.71
1941-1949	106	0.58224	0.45096	0.5	9	4	7	15	1.65
1941-1949	107	0.60504	0.46452	0.5	5	2	4	8	1.60
1941-1949	108	0.62741	0.47759	0.5	3	1	2	4	1.55
1941-1949	109	0.64926	0.49015	0.5	1	1	1	2	1.52
1941-1949	110+	0.67052	1.00000	1.49	1	1	1	1	1.49
1950-1959	0	0.02389	0.02340	0.11	100000	2340	97929	7017667	70.18
1950-1959	1	0.00149	0.00149	0.5	97660	145	97588	6919739	70.86
1950-1959	2	0.00098	0.00098	0.5	97515	95	97468	6822151	69.96
1950-1959	3	0.00076	0.00076	0.5	97420	74	97383	6724683	69.03
1950-1959	4	0.00068	0.00068	0.5	97346	66	97313	6627300	68.08
1950-1959	5	0.00060	0.00060	0.5	97280	58	97251	6529988	67.13
1950-1959	6	0.00052	0.00052	0.5	97221	50	97196	6432737	66.17
1950-1959	7	0.00046	0.00046	0.5	97171	45	97149	6335541	65.20
1950-1959	8	0.00040	0.00040	0.5	97126	39	97107	6238392	64.23
1950-1959	9	0.00038	0.00038	0.5	97087	37	97069	6141285	63.26
1950-1959	10	0.00036	0.00036	0.5	97051	35	97033	6044216	62.28
1950-1959	11	0.00034	0.00034	0.5	97015	33	96999	5947183	61.30
1950-1959	12	0.00038	0.00038	0.5	96982	37	96964	5850185	60.32
1950-1959	13	0.00041	0.00041	0.5	96945	40	96925	5753221	59.35
1950-1959	14	0.00049	0.00049	0.5	96905	47	96882	5656296	58.37
1950-1959	15	0.00056	0.00056	0.5	96858	54	96831	5559414	57.40
1950-1959	16	0.00065	0.00065	0.5	96804	63	96772	5462584	56.43
1950-1959	17	0.00074	0.00074	0.5	96740	72	96704	5365812	55.47
1950-1959	18	0.00081	0.00081	0.5	96669	78	96629	5269107	54.51
1950-1959	19	0.00085	0.00085	0.5	96590	82	96549	5172478	53.55
1950-1959	20	0.00091	0.00091	0.5	96508	88	96464	5075928	52.60
1950-1959	21	0.00092	0.00092	0.5	96420	89	96376	4979464	51.64
1950-1959	22	0.00095	0.00095	0.5	96331	91	96285	4883089	50.69
1950-1959	23	0.00094	0.00094	0.5	96240	91	96194	4786803	49.74
1950-1959	24	0.00094	0.00094	0.5	96149	91	96103	4690609	48.78
1950-1959	25	0.00094	0.00094	0.5	96058	91	96013	4594506	47.83
1950-1959	26	0.00095	0.00095	0.5	95967	92	95922	4498493	46.88
1950-1959	27	0.00097	0.00097	0.5	95876	93	95830	4402571	45.92
1950-1959	28	0.00103	0.00103	0.5	95783	99	95734	4306742	44.96
1950-1959	29	0.00108	0.00108	0.5	95684	103	95633	4211008	44.01
1950-1959	30	0.00115	0.00115	0.5	95581	110	95526	4115375	43.06
1950-1959	31	0.00122	0.00122	0.5	95471	116	95413	4019849	42.11
1950-1959	32	0.00132	0.00132	0.5	95354	126	95292	3924437	41.16
1950-1959	33	0.00140	0.00140	0.5	95229	134	95162	3829145	40.21
1950-1959	34	0.00153	0.00153	0.5	95095	145	95023	3733983	39.27
1950-1959	35	0.00165	0.00164	0.5	94950	156	94872	3638961	38.33
1950-1959	36	0.00182	0.00182	0.5	94794	172	94708	3544089	37.39
1950-1959	37	0.00197	0.00197	0.5	94621	187	94528	3449381	36.45
1950-1959	38	0.00220	0.00220	0.5	94435	208	94331	3354853	35.53
1950-1959	39	0.00245	0.00245	0.5	94227	230	94112	3260522	34.60
1950-1959	40	0.00270	0.00269	0.5	93997	253	93870	3166410	33.69
1950-1959	41	0.00300	0.00299	0.5	93744	280	93604	3072540	32.78
1950-1959	42	0.00333	0.00332	0.5	93463	311	93308	2978936	31.87
1950-1959	43	0.00371	0.00371	0.5	93153	345	92980	2885628	30.98
1950-1959	44	0.00414	0.00413	0.5	92807	383	92616	2792648	30.09
1950-1959	45	0.00460	0.00459	0.5	92424	425	92212	2700033	29.21
1950-1959	46	0.00516	0.00514	0.5	92000	473	91763	2607821	28.35
1950-1959	47	0.00568	0.00566	0.5	91526	518	91267	2516058	27.49
1950-1959	48	0.00631	0.00629	0.5	91008	572	90722	2424791	26.64
1950-1959	49	0.00687	0.00684	0.5	90436	619	90127	2334069	25.81
1950-1959	50	0.00745	0.00742	0.5	89817	666	89484	2243942	24.98
1950-1959	51	0.00812	0.00809	0.5	89151	721	88790	2154458	24.17
1950-1959	52	0.00903	0.00899	0.5	88430	795	88032	2065668	23.36
1950-1959	53	0.00984	0.00979	0.5	87635	858	87206	1977635	22.57
1950-1959	54	0.01076	0.01070	0.5	86777	929	86312	1890429	21.78
1950-1959	55	0.01184	0.01177	0.5	85848	1010	85343	1804117	21.02
1950-1959	56	0.01291	0.01283	0.5	84838	1088	84294	1718774	20.26
1950-1959	57	0.01403	0.01393	0.5	83750	1167	83166	1634480	19.52
1950-1959	58	0.01548	0.01536	0.5	82583	1268	81949	1551314	18.78
1950-1959	59	0.01682	0.01668	0.5	81315	1357	80636	1469365	18.07
1950-1959	60	0.01828	0.01811	0.5	79958	1448	79234	1388729	17.37
1950-1959	61	0.01992	0.01972	0.5	78509	1548	77735	1309495	16.68
1950-1959	62	0.02194	0.02170	0.5	76961	1670	76126	1231760	16.00
1950-1959	63	0.02383	0.02355	0.5	75291	1773	74405	1155634	15.35
1950-1959	64	0.02597	0.02563	0.5	73518	1885	72576	1081229	14.71
1950-1959	65	0.02839	0.02799	0.5	71634	2005	70631	1008653	14.08
1950-1959	66	0.03065	0.03018	0.5	69628	2102	68578	938022	13.47
1950-1959	67	0.03354	0.03298	0.5	67527	2227	66413	869445	12.88
1950-1959	68	0.03629	0.03564	0.5	65299	2327	64136	803032	12.30
1950-1959	69	0.03919	0.03844	0.5	62972	2421	61762	738896	11.73
1950-1959	70	0.04253	0.04164	0.5	60552	2521	59291	677134	11.18
1950-1959	71	0.04625	0.04521	0.5	58030	2623	56718	617843	10.65
1950-1959	72	0.05060	0.04935	0.5	55407	2734	54040	561125	10.13
1950-1959	73	0.05481	0.05335	0.5	52673	2810	51267	507085	9.63
1950-1959	74	0.06007	0.05832	0.5	49862	2908	48408	455818	9.14
1950-1959	75	0.06516	0.06311	0.5	46954	2963	45473	407409	8.68
1950-1959	76	0.07011	0.06773	0.5	43991	2980	42501	361937	8.23
1950-1959	77	0.07603	0.07325	0.5	41012	3004	39510	319435	7.79
1950-1959	78	0.08378	0.08041	0.5	38008	3056	36480	279926	7.36
1950-1959	79	0.09139	0.08740	0.5	34951	3055	33424	243446	6.97
1950-1959	80	0.09771	0.09316	0.5	31897	2972	30411	210022	6.58
1950-1959	81	0.10630	0.10093	0.5	28925	2920	27465	179611	6.21
1950-1959	82	0.11575	0.10942	0.5	26006	2846	24583	152146	5.85
1950-1959	83	0.12723	0.11962	0.5	23160	2770	21775	127563	5.51
1950-1959	84	0.13917	0.13012	0.5	20390	2653	19063	105788	5.19
1950-1959	85	0.15084	0.14026	0.5	17737	2488	16493	86725	4.89
1950-1959	86	0.16343	0.15109	0.5	15249	2304	14097	70232	4.61
1950-1959	87	0.17750	0.16303	0.5	12945	2110	11890	56135	4.34
1950-1959	88	0.19198	0.17517	0.5	10835	1898	9886	44245	4.08
1950-1959	89	0.20877	0.18904	0.5	8937	1689	8092	34360	3.84
1950-1959	90	0.22582	0.20291	0.5	7247	1471	6512	26268	3.62
1950-1959	91	0.24049	0.21468	0.5	5777	1240	5157	19756	3.42
1950-1959	92	0.26184	0.23153	0.5	4537	1050	4011	14599	3.22
1950-1959	93	0.28150	0.24676	0.5	3486	860	3056	10587	3.04
1950-1959	94	0.30230	0.26261	0.5	2626	690	2281	7531	2.87
1950-1959	95	0.32397	0.27881	0.5	1936	540	1666	5250	2.71
1950-1959	96	0.34645	0.29530	0.5	1397	412	1190	3584	2.57
1950-1959	97	0.36966	0.31199	0.5	984	307	831	2393	2.43
1950-1959	98	0.39351	0.32882	0.5	677	223	566	1563	2.31
1950-1959	99	0.41791	0.34568	0.5	454	157	376	997	2.19
1950-1959	100	0.44274	0.36250	0.5	297	108	243	621	2.09
1950-1959	101	0.46790	0.37919	0.5	190	72	154	378	1.99
1950-1959	102	0.49324	0.39566	0.5	118	47	94	224	1.90
1950-1959	103	0.51864	0.41184	0.5	71	29	56	130	1.82
1950-1959	104	0.54398	0.42766	0.5	42	18	33	73	1.75
1950-1959	105	0.56911	0.44304	0.5	24	11	19	40	1.68
1950-1959	106	0.59392	0.45794	0.5	13	6	10	22	1.62
1950-1959	107	0.61829	0.47228	0.5	7	3	6	11	1.56
1950-1959	108	0.64210	0.48605	0.5	4	2	3	6	1.52
1950-1959	109	0.66524	0.49920	0.5	2	1	1	3	1.48
1950-1959	110+	0.68764	1.00000	1.45	1	1	1	1	1.45
1960-1969	0	0.02154	0.02113	0.11	100000	2113	98116	7114302	71.14
1960-1969	1	0.00114	0.00113	0.5	97887	111	97832	7016186	71.68
1960-1969	2	0.00077	0.00077	0.5	97776	75	97738	6918355	70.76
1960-1969	3	0.00059	0.00059	0.5	97701	58	97672	6820616	69.81
1960-1969	4	0.00052	0.00052	0.5	97643	51	97618	6722945	68.85
1960-1969	5	0.00046	0.00046	0.5	97592	45	97570	6625327	67.89
1960-1969	6	0.00044	0.00044	0.5	97547	43	97526	6527757	66.92
1960-1969	7	0.00040	0.00040	0.5	97504	39	97485	6430231	65.95
1960-1969	8	0.00033	0.00033	0.5	97465	32	97449	6332746	64.97
1960-1969	9	0.00029	0.00029	0.5	97433	28	97419	6235297	64.00
1960-1969	10	0.00030	0.00030	0.5	97405	29	97390	6137878	63.01
1960-1969	11	0.00031	0.00031	0.5	97376	30	97361	6040488	62.03
1960-1969	12	0.00032	0.00032	0.5	97346	31	97330	5943127	61.05
1960-1969	13	0.00034	0.00034	0.5	97315	33	97298	5845797	60.07
1960-1969	14	0.00041	0.00041	0.5	97281	40	97262	5748499	59.09
1960-1969	15	0.00049	0.00049	0.5	97242	48	97218	5651238	58.12
1960-1969	16	0.00069	0.00069	0.5	97194	67	97160	5554020	57.14
1960-1969	17	0.00078	0.00078	0.5	97127	76	97089	5456860	56.18
1960-1969	18	0.00086	0.00086	0.5	97051	84	97009	5359771	55.23
1960-1969	19	0.00093	0.00093	0.5	96968	91	96922	5262761	54.27
1960-1969	20	0.00091	0.00091	0.5	96877	88	96833	5165839	53.32
1960-1969	21	0.00101	0.00101	0.5	96789	97	96740	5069006	52.37
1960-1969	22	0.00099	0.00099	0.5	96691	96	96644	4972266	51.42
1960-1969	23	0.00096	0.00096	0.5	96596	93	96549	4875623	50.47
1960-1969	24	0.00094	0.00094	0.5	96503	91	96457	4779073	49.52
1960-1969	25	0.00095	0.00095	0.5	96412	91	96366	4682616	48.57
1960-1969	26	0.00094	0.00094	0.5	96321	91	96275	4586250	47.61
1960-1969	27	0.00095	0.00095	0.5	96230	92	96184	4489974	46.66
1960-1969	28	0.00103	0.00103	0.5	96139	99	96089	4393790	45.70
1960-1969	29	0.00101	0.00101	0.5	96040	97	95991	4297701	44.75
1960-1969	30	0.00111	0.00111	0.5	95943	107	95890	4201710	43.79
1960-1969	31	0.00122	0.00122	0.5	95836	117	95778	4105820	42.84
1960-1969	32	0.00122	0.00122	0.5	95720	117	95661	4010042	41.89
1960-1969	33	0.00126	0.00126	0.5	95603	121	95543	3914381	40.94
1960-1969	34	0.00146	0.00146	0.5	95482	139	95413	3818838	40.00
1960-1969	35	0.00158	0.00158	0.5	95343	150	95268	3723426	39.05
1960-1969	36	0.00172	0.00172	0.5	95193	163	95111	3628158	38.11
1960-1969	37	0.00190	0.00190	0.5	95029	180	94939	3533047	37.18
1960-1969	38	0.00221	0.00220	0.5	94849	209	94744	3438107	36.25
1960-1969	39	0.00231	0.00231	0.5	94640	219	94531	3343363	35.33
1960-1969	40	0.00247	0.00247	0.5	94422	233	94305	3248832	34.41
1960-1969	41	0.00277	0.00277	0.5	94188	261	94058	3154527	33.49
1960-1969	42	0.00314	0.00313	0.5	93928	294	93780	3060469	32.58
1960-1969	43	0.00344	0.00344	0.5	93633	322	93472	2966689	31.68
1960-1969	44	0.00369	0.00368	0.5	93311	344	93139	2873217	30.79
1960-1969	45	0.00412	0.00411	0.5	92967	382	92776	2780077	29.90
1960-1969	46	0.00464	0.00463	0.5	92585	428	92371	2687301	29.03
1960-1969	47	0.00519	0.00517	0.5	92157	477	91918	2594930	28.16
1960-1969	48	0.00567	0.00566	0.5	91680	518	91421	2503012	27.30
1960-1969	49	0.00623	0.00621	0.5	91161	566	90879	2411591	26.45
1960-1969	50	0.00712	0.00709	0.5	90596	643	90274	2320713	25.62
1960-1969	51	0.00755	0.00752	0.5	89953	676	89615	2230439	24.80
1960-1969	52	0.00856	0.00852	0.5	89277	761	88897	2140824	23.98
1960-1969	53	0.00926	0.00921	0.5	88516	816	88109	2051927	23.18
1960-1969	54	0.01029	0.01023	0.5	87701	897	87252	1963818	22.39
1960-1969	55	0.01071	0.01066	0.5	86803	925	86341	1876566	21.62
1960-1969	56	0.01208	0.01200	0.5	85878	1031	85363	1790225	20.85
1960-1969	57	0.01320	0.01311	0.5	84847	1112	84291	1704863	20.09
1960-1969	58	0.01468	0.01458	0.5	83735	1221	83125	1620571	19.35
1960-1969	59	0.01574	0.01562	0.5	82514	1289	81870	1537447	18.63
1960-1969	60	0.01688	0.01674	0.5	81226	1360	80546	1455576	17.92
1960-1969	61	0.01811	0.01795	0.5	79866	1434	79149	1375030	17.22
1960-1969	62	0.02069	0.02048	0.5	78433	1607	77629	1295881	16.52
1960-1969	63	0.02208	0.02184	0.5	76826	1678	75987	1218252	15.86
1960-1969	64	0.02400	0.02372	0.5	75148	1782	74257	1142264	15.20
1960-1969	65	0.02647	0.02613	0.5	73366	1917	72407	1068008	14.56
1960-1969	66	0.02797	0.02758	0.5	71449	1971	70464	995600	13.93
1960-1969	67	0.03145	0.03097	0.5	69478	2151	68402	925137	13.32
1960-1969	68	0.03366	0.03310	0.5	67327	2229	66212	856734	12.73
1960-1969	69	0.03581	0.03518	0.5	65098	2290	63953	790522	12.14
1960-1969	70	0.04033	0.03953	0.5	62808	2483	61566	726569	11.57
1960-1969	71	0.04187	0.04101	0.5	60324	2474	59088	665003	11.02
1960-1969	72	0.04855	0.04740	0.5	57851	2742	56480	605916	10.47
1960-1969	73	0.05144	0.05015	0.5	55108	2764	53727	549436	9.97
1960-1969	74	0.05574	0.05423	0.5	52345	2839	50925	495709	9.47
1960-1969	75	0.06144	0.05961	0.5	49506	2951	48031	444784	8.98
1960-1969	76	0.06470	0.06268	0.5	46555	2918	45096	396753	8.52
1960-1969	77	0.06999	0.06762	0.5	43637	2951	42162	351657	8.06
1960-1969	78	0.07766	0.07476	0.5	40686	3042	39166	309495	7.61
1960-1969	79	0.08392	0.08054	0.5	37645	3032	36129	270330	7.18
1960-1969	80	0.09364	0.08945	0.5	34613	3096	33065	234201	6.77
1960-1969	81	0.09757	0.09303	0.5	31517	2932	30051	201136	6.38
1960-1969	82	0.10989	0.10417	0.5	28585	2978	27096	171085	5.99
1960-1969	83	0.12245	0.11538	0.5	25607	2955	24130	143989	5.62
1960-1969	84	0.13358	0.12522	0.5	22652	2836	21234	119860	5.29
1960-1969	85	0.14666	0.13664	0.5	19816	2708	18462	98625	4.98
1960-1969	86	0.15834	0.14673	0.5	17108	2510	15853	80163	4.69
1960-1969	87	0.17277	0.15903	0.5	14598	2322	13437	64310	4.41
1960-1969	88	0.18488	0.16924	0.5	12277	2078	11238	50873	4.14
1960-1969	89	0.20524	0.18614	0.5	10199	1898	9250	39635	3.89
1960-1969	90	0.22236	0.20011	0.5	8301	1661	7470	30385	3.66
1960-1969	91	0.23428	0.20971	0.5	6639	1392	5943	22915	3.45
1960-1969	92	0.25640	0.22727	0.5	5247	1193	4651	16972	3.23
1960-1969	93	0.28049	0.24599	0.5	4055	997	3556	12321	3.04
1960-1969	94	0.30052	0.26126	0.5	3057	799	2658	8765	2.87
1960-1969	95	0.32313	0.27819	0.5	2258	628	1944	6107	2.70
1960-1969	96	0.34665	0.29544	0.5	1630	482	1389	4163	2.55
1960-1969	97	0.37100	0.31295	0.5	1149	359	969	2773	2.41
1960-1969	98	0.39607	0.33060	0.5	789	261	659	1805	2.29
1960-1969	99	0.42176	0.34831	0.5	528	184	436	1146	2.17
1960-1969	100	0.44792	0.36596	0.5	344	126	281	710	2.06
1960-1969	101	0.47443	0.38347	0.5	218	84	176	428	1.96
1960-1969	102	0.50114	0.40073	0.5	135	54	108	252	1.87
1960-1969	103	0.52788	0.41765	0.5	81	34	64	144	1.79
1960-1969	104	0.55451	0.43414	0.5	47	20	37	81	1.71
1960-1969	105	0.58088	0.45014	0.5	27	12	21	44	1.65
1960-1969	106	0.60683	0.46557	0.5	15	7	11	23	1.59
1960-1969	107	0.63224	0.48038	0.5	8	4	6	12	1.53
1960-1969	108	0.65696	0.49452	0.5	4	2	3	6	1.48
1960-1969	109	0.68089	0.50796	0.5	2	1	2	3	1.44
1960-1969	110+	0.70394	1.00000	1.42	1	1	1	1	1.42
1970-1979	0	0.01423	0.01404	0.09	100000	1404	98719	7339908	73.40
1970-1979	1	0.00081	0.00081	0.5	98596	80	98555	7241189	73.44
1970-1979	2	0.00055	0.00055	0.5	98515	55	98488	7142634	72.50
1970-1979	3	0.00046	0.00046	0.5	98461	45	98438	7044146	71.54
1970-1979	4	0.00041	0.00041	0.5	98415	41	98395	6945708	70.58
1970-1979	5	0.00040	0.00040	0.5	98375	39	98355	6847313	69.60
1970-1979	6	0.00033	0.00033	0.5	98335	32	98319	6748958	68.63
1970-1979	7	0.00031	0.00031	0.5	98303	31	98288	6650639	67.65
1970-1979	8	0.00026	0.00026	0.5	98272	26	98260	6552351	66.68
1970-1979	9	0.00027	0.00027	0.5	98247	27	98233	6454091	65.69
1970-1979	10	0.00025	0.00025	0.5	98220	24	98208	6355858	64.71
1970-1979	11	0.00024	0.00024	0.5	98196	24	98184	6257650	63.73
1970-1979	12	0.00025	0.00025	0.5	98172	24	98160	6159465	62.74
1970-1979	13	0.00031	0.00031	0.5	98148	31	98133	6061305	61.76
1970-1979	14	0.00040	0.00040	0.5	98117	39	98098	5963173	60.78
1970-1979	15	0.00050	0.00050	0.5	98078	49	98053	5865075	59.80
1970-1979	16	0.00068	0.00068	0.5	98029	66	97995	5767022	58.83
1970-1979	17	0.00089	0.00089	0.5	97962	87	97919	5669026	57.87
1970-1979	18	0.00108	0.00108	0.5	97875	105	97822	5571108	56.92
1970-1979	19	0.00108	0.00108	0.5	97770	105	97717	5473285	55.98
1970-1979	20	0.00105	0.00105	0.5	97664	103	97613	5375568	55.04
1970-1979	21	0.00106	0.00105	0.5	97561	103	97510	5277955	54.10
1970-1979	22	0.00106	0.00106	0.5	97459	104	97407	5180445	53.16
1970-1979	23	0.00099	0.00099	0.5	97355	96	97307	5083038	52.21
1970-1979	24	0.00098	0.00098	0.5	97259	95	97211	4985732	51.26
1970-1979	25	0.00105	0.00104	0.5	97164	102	97113	4888520	50.31
1970-1979	26	0.00099	0.00099	0.5	97062	96	97014	4791408	49.36
1970-1979	27	0.00096	0.00096	0.5	96966	93	96919	4694394	48.41
1970-1979	28	0.00098	0.00098	0.5	96873	95	96826	4597474	47.46
1970-1979	29	0.00100	0.00100	0.5	96778	97	96730	4500649	46.50
1970-1979	30	0.00102	0.00102	0.5	96681	98	96632	4403919	45.55
1970-1979	31	0.00104	0.00104	0.5	96583	100	96533	4307287	44.60
1970-1979	32	0.00110	0.00110	0.5	96483	106	96430	4210754	43.64
1970-1979	33	0.00126	0.00126	0.5	96377	122	96316	4114325	42.69
1970-1979	34	0.00127	0.00126	0.5	96255	122	96194	4018009	41.74
1970-1979	35	0.00137	0.00137	0.5	96134	132	96068	3921814	40.80
1970-1979	36	0.00145	0.00145	0.5	96002	140	95932	3825747	39.85
1970-1979	37	0.00163	0.00162	0.5	95862	156	95784	3729815	38.91
1970-1979	38	0.00177	0.00176	0.5	95706	169	95622	3634030	37.97
1970-1979	39	0.00205	0.00205	0.5	95538	196	95440	3538408	37.04
1970-1979	40	0.00225	0.00224	0.5	95342	214	95235	3442969	36.11
1970-1979	41	0.00245	0.00245	0.5	95128	233	95011	3347734	35.19
1970-1979	42	0.00278	0.00278	0.5	94895	264	94763	3252722	34.28
1970-1979	43	0.00313	0.00313	0.5	94631	296	94483	3157960	33.37
1970-1979	44	0.00341	0.00340	0.5	94335	321	94174	3063477	32.47
1970-1979	45	0.00381	0.00380	0.5	94014	358	93835	2969303	31.58
1970-1979	46	0.00411	0.00410	0.5	93656	384	93464	2875468	30.70
1970-1979	47	0.00464	0.00463	0.5	93272	431	93056	2782004	29.83
1970-1979	48	0.00505	0.00504	0.5	92841	468	92607	2688948	28.96
1970-1979	49	0.00554	0.00552	0.5	92373	510	92118	2596341	28.11
1970-1979	50	0.00602	0.00600	0.5	91863	551	91587	2504223	27.26
1970-1979	51	0.00657	0.00655	0.5	91312	598	91013	2412636	26.42
1970-1979	52	0.00711	0.00708	0.5	90714	643	90392	2321623	25.59
1970-1979	53	0.00775	0.00772	0.5	90071	695	89723	2231231	24.77
1970-1979	54	0.00860	0.00856	0.5	89376	765	88993	2141507	23.96
1970-1979	55	0.00942	0.00937	0.5	88611	831	88195	2052514	23.16
1970-1979	56	0.01021	0.01016	0.5	87780	892	87334	1964319	22.38
1970-1979	57	0.01131	0.01125	0.5	86888	977	86400	1876985	21.60
1970-1979	58	0.01221	0.01214	0.5	85911	1043	85389	1790585	20.84
1970-1979	59	0.01336	0.01327	0.5	84868	1126	84305	1705196	20.09
1970-1979	60	0.01469	0.01458	0.5	83742	1221	83132	1620890	19.36
1970-1979	61	0.01571	0.01558	0.5	82521	1286	81878	1537759	18.63
1970-1979	62	0.01794	0.01778	0.5	81235	1445	80513	1455881	17.92
1970-1979	63	0.01902	0.01884	0.5	79791	1503	79039	1375368	17.24
1970-1979	64	0.02066	0.02044	0.5	78288	1601	77487	1296329	16.56
1970-1979	65	0.02264	0.02239	0.5	76687	1717	75829	1218842	15.89
1970-1979	66	0.02404	0.02376	0.5	74970	1781	74080	1143013	15.25
1970-1979	67	0.02636	0.02601	0.5	73189	1904	72237	1068934	14.61
1970-1979	68	0.02832	0.02793	0.5	71285	1991	70290	996697	13.98
1970-1979	69	0.03065	0.03019	0.5	69294	2092	68248	926407	13.37
1970-1979	70	0.03310	0.03256	0.5	67202	2188	66108	858159	12.77
1970-1979	71	0.03541	0.03479	0.5	65014	2262	63883	792050	12.18
1970-1979	72	0.04034	0.03954	0.5	62752	2481	61511	728167	11.60
1970-1979	73	0.04288	0.04198	0.5	60271	2530	59006	666656	11.06
1970-1979	74	0.04635	0.04530	0.5	57741	2615	56433	607650	10.52
1970-1979	75	0.05147	0.05018	0.5	55125	2766	53742	551217	10.00
1970-1979	76	0.05547	0.05397	0.5	52359	2826	50946	497475	9.50
1970-1979	77	0.06006	0.05831	0.5	49533	2888	48089	446528	9.01
1970-1979	78	0.06607	0.06396	0.5	46645	2983	45153	398439	8.54
1970-1979	79	0.07236	0.06983	0.5	43661	3049	42137	353286	8.09
1970-1979	80	0.07698	0.07413	0.5	40613	3011	39107	311149	7.66
1970-1979	81	0.08202	0.07879	0.5	37602	2963	36121	272042	7.23
1970-1979	82	0.09132	0.08733	0.5	34639	3025	33127	235921	6.81
1970-1979	83	0.10081	0.09597	0.5	31614	3034	30097	202794	6.41
1970-1979	84	0.11020	0.10444	0.5	28580	2985	27088	172697	6.04
1970-1979	85	0.12095	0.11406	0.5	25595	2919	24136	145609	5.69
1970-1979	86	0.13256	0.12432	0.5	22676	2819	21266	121473	5.36
1970-1979	87	0.14224	0.13280	0.5	19857	2637	18538	100207	5.05
1970-1979	88	0.15467	0.14357	0.5	17220	2472	15984	81668	4.74
1970-1979	89	0.16972	0.15645	0.5	14748	2307	13594	65685	4.45
1970-1979	90	0.18384	0.16836	0.5	12440	2095	11393	52091	4.19
1970-1979	91	0.19809	0.18024	0.5	10346	1865	9414	40697	3.93
1970-1979	92	0.21938	0.19769	0.5	8481	1677	7643	31284	3.69
1970-1979	93	0.23564	0.21080	0.5	6805	1434	6087	23641	3.47
1970-1979	94	0.25485	0.22605	0.5	5370	1214	4763	17554	3.27
1970-1979	95	0.27513	0.24186	0.5	4156	1005	3654	12791	3.08
1970-1979	96	0.29645	0.25818	0.5	3151	814	2744	9137	2.90
1970-1979	97	0.31877	0.27495	0.5	2337	643	2016	6393	2.73
1970-1979	98	0.34202	0.29208	0.5	1695	495	1447	4377	2.58
1970-1979	99	0.36614	0.30948	0.5	1200	371	1014	2929	2.44
1970-1979	100	0.39101	0.32707	0.5	828	271	693	1915	2.31
1970-1979	101	0.41654	0.34474	0.5	558	192	461	1222	2.19
1970-1979	102	0.44259	0.36239	0.5	365	132	299	761	2.08
1970-1979	103	0.46903	0.37993	0.5	233	88	189	462	1.98
1970-1979	104	0.49571	0.39725	0.5	144	57	116	273	1.89
1970-1979	105	0.52247	0.41425	0.5	87	36	69	157	1.81
1970-1979	106	0.54916	0.43086	0.5	51	22	40	88	1.73
1970-1979	107	0.57563	0.44698	0.5	29	13	23	48	1.67
1970-1979	108	0.60172	0.46256	0.5	16	7	12	26	1.61
1970-1979	109	0.62729	0.47752	0.5	9	4	7	13	1.56
1970-1979	110+	0.65221	1.00000	1.53	5	5	7	7	1.53
1980-1989	0	0.00932	0.00924	0.07	100000	924	99144	7565057	75.65
1980-1989	1	0.00058	0.00058	0.5	99076	57	99047	7465913	75.36
1980-1989	2	0.00043	0.00043	0.5	99019	42	98997	7366865	74.40
1980-1989	3	0.00032	0.00032	0.5	98976	31	98961	7267868	73.43
1980-1989	4	0.00025	0.00025	0.5	98945	25	98932	7168907	72.45
1980-1989	5	0.00025	0.00025	0.5	98920	25	98908	7069975	71.47
1980-1989	6	0.00022	0.00022	0.5	98895	22	98884	6971067	70.49
1980-1989	7	0.00021	0.00021	0.5	98874	21	98863	6872183	69.50
1980-1989	8	0.00019	0.00019	0.5	98853	19	98844	6773319	68.52
1980-1989	9	0.00018	0.00018	0.5	98834	18	98825	6674476	67.53
1980-1989	10	0.00018	0.00018	0.5	98816	18	98807	6575651	66.54
1980-1989	11	0.00019	0.00019	0.5	98798	19	98789	6476843	65.56
1980-1989	12	0.00019	0.00019	0.5	98779	19	98770	6378055	64.57
1980-1989	13	0.00024	0.00024	0.5	98761	24	98749	6279284	63.58
1980-1989	14	0.00029	0.00029	0.5	98737	29	98723	6180535	62.60
1980-1989	15	0.00041	0.00041	0.5	98708	41	98688	6081813	61.61
1980-1989	16	0.00057	0.00057	0.5	98668	57	98639	5983125	60.64
1980-1989	17	0.00072	0.00072	0.5	98611	71	98576	5884485	59.67
1980-1989	18	0.00084	0.00084	0.5	98540	83	98499	5785910	58.72
1980-1989	19	0.00087	0.00087	0.5	98457	86	98415	5687411	57.77
1980-1989	20	0.00087	0.00087	0.5	98372	86	98329	5588996	56.81
1980-1989	21	0.00090	0.00090	0.5	98286	88	98242	5490667	55.86
1980-1989	22	0.00089	0.00089	0.5	98198	88	98154	5392425	54.91
1980-1989	23	0.00087	0.00087	0.5	98110	86	98067	5294272	53.96
1980-1989	24	0.00088	0.00088	0.5	98024	86	97981	5196204	53.01
1980-1989	25	0.00088	0.00088	0.5	97938	86	97895	5098223	52.06
1980-1989	26	0.00090	0.00090	0.5	97852	88	97808	5000328	51.10
1980-1989	27	0.00093	0.00093	0.5	97764	91	97719	4902520	50.15
1980-1989	28	0.00097	0.00097	0.5	97674	94	97626	4804801	49.19
1980-1989	29	0.00093	0.00093	0.5	97579	91	97534	4707174	48.24
1980-1989	30	0.00098	0.00097	0.5	97488	95	97441	4609641	47.28
1980-1989	31	0.00105	0.00105	0.5	97393	102	97342	4512200	46.33
1980-1989	32	0.00109	0.00109	0.5	97291	106	97238	4414857	45.38
1980-1989	33	0.00112	0.00112	0.5	97186	109	97131	4317619	44.43
1980-1989	34	0.00117	0.00116	0.5	97077	113	97020	4220488	43.48
1980-1989	35	0.00122	0.00122	0.5	96963	119	96904	4123468	42.53
1980-1989	36	0.00132	0.00132	0.5	96845	128	96781	4026564	41.58
1980-1989	37	0.00143	0.00143	0.5	96717	138	96648	3929783	40.63
1980-1989	38	0.00158	0.00158	0.5	96579	152	96503	3833135	39.69
1980-1989	39	0.00157	0.00157	0.5	96426	152	96351	3736632	38.75
1980-1989	40	0.00171	0.00171	0.5	96275	165	96192	3640282	37.81
1980-1989	41	0.00199	0.00199	0.5	96110	191	96014	3544089	36.88
1980-1989	42	0.00216	0.00216	0.5	95919	207	95815	3448075	35.95
1980-1989	43	0.00227	0.00227	0.5	95712	217	95603	3352259	35.02
1980-1989	44	0.00255	0.00255	0.5	95495	243	95373	3256656	34.10
1980-1989	45	0.00281	0.00280	0.5	95251	267	95118	3161283	33.19
1980-1989	46	0.00304	0.00304	0.5	94984	289	94840	3066165	32.28
1980-1989	47	0.00349	0.00349	0.5	94696	330	94531	2971325	31.38
1980-1989	48	0.00403	0.00402	0.5	94365	380	94176	2876794	30.49
1980-1989	49	0.00430	0.00429	0.5	93986	403	93784	2782619	29.61
1980-1989	50	0.00460	0.00459	0.5	93583	430	93368	2688835	28.73
1980-1989	51	0.00544	0.00543	0.5	93153	506	92900	2595466	27.86
1980-1989	52	0.00596	0.00594	0.5	92648	550	92372	2502566	27.01
1980-1989	53	0.00652	0.00650	0.5	92097	598	91798	2410194	26.17
1980-1989	54	0.00699	0.00697	0.5	91499	638	91180	2318395	25.34
1980-1989	55	0.00778	0.00775	0.5	90861	704	90509	2227215	24.51
1980-1989	56	0.00843	0.00839	0.5	90157	757	89779	2136706	23.70
1980-1989	57	0.00904	0.00900	0.5	89401	805	88998	2046927	22.90
1980-1989	58	0.01051	0.01045	0.5	88596	926	88133	1957928	22.10
1980-1989	59	0.01129	0.01123	0.5	87670	984	87178	1869796	21.33
1980-1989	60	0.01222	0.01215	0.5	86685	1053	86159	1782618	20.56
1980-1989	61	0.01327	0.01319	0.5	85633	1129	85068	1696459	19.81
1980-1989	62	0.01523	0.01512	0.5	84503	1278	83864	1611391	19.07
1980-1989	63	0.01621	0.01608	0.5	83226	1338	82557	1527527	18.35
1980-1989	64	0.01736	0.01721	0.5	81888	1409	81183	1444970	17.65
1980-1989	65	0.01883	0.01865	0.5	80478	1501	79728	1363787	16.95
1980-1989	66	0.02067	0.02046	0.5	78977	1616	78169	1284060	16.26
1980-1989	67	0.02254	0.02229	0.5	77362	1725	76499	1205890	15.59
1980-1989	68	0.02454	0.02425	0.5	75637	1834	74720	1129391	14.93
1980-1989	69	0.02682	0.02646	0.5	73803	1953	72827	1054671	14.29
1980-1989	70	0.02919	0.02877	0.5	71850	2067	70817	981844	13.67
1980-1989	71	0.03152	0.03104	0.5	69783	2166	68700	911027	13.06
1980-1989	72	0.03519	0.03458	0.5	67617	2338	66448	842327	12.46
1980-1989	73	0.03764	0.03695	0.5	65279	2412	64073	775879	11.89
1980-1989	74	0.04055	0.03974	0.5	62867	2498	61618	711806	11.32
1980-1989	75	0.04360	0.04267	0.5	60369	2576	59081	650188	10.77
1980-1989	76	0.04771	0.04660	0.5	57793	2693	56446	591107	10.23
1980-1989	77	0.05195	0.05064	0.5	55100	2790	53705	534661	9.70
1980-1989	78	0.05589	0.05437	0.5	52310	2844	50888	480956	9.19
1980-1989	79	0.06200	0.06013	0.5	49466	2974	47978	430068	8.69
1980-1989	80	0.06668	0.06453	0.5	46491	3000	44991	382090	8.22
1980-1989	81	0.07374	0.07112	0.5	43491	3093	41945	337099	7.75
1980-1989	82	0.08116	0.07799	0.5	40398	3151	38823	295154	7.31
1980-1989	83	0.08853	0.08478	0.5	37247	3158	35669	256331	6.88
1980-1989	84	0.09691	0.09243	0.5	34090	3151	32514	220663	6.47
1980-1989	85	0.10660	0.10120	0.5	30939	3131	29373	188148	6.08
1980-1989	86	0.11731	0.11081	0.5	27808	3081	26267	158775	5.71
1980-1989	87	0.12984	0.12192	0.5	24726	3015	23219	132508	5.36
1980-1989	88	0.13976	0.13063	0.5	21712	2836	20294	109289	5.03
1980-1989	89	0.15324	0.14233	0.5	18875	2687	17532	88996	4.71
1980-1989	90	0.17036	0.15699	0.5	16189	2541	14918	71463	4.41
1980-1989	91	0.18317	0.16780	0.5	13647	2290	12502	56545	4.14
1980-1989	92	0.20384	0.18498	0.5	11357	2101	10307	44043	3.88
1980-1989	93	0.21895	0.19735	0.5	9256	1827	8343	33736	3.64
1980-1989	94	0.23821	0.21285	0.5	7430	1581	6639	25393	3.42
1980-1989	95	0.25868	0.22906	0.5	5848	1340	5178	18754	3.21
1980-1989	96	0.28036	0.24589	0.5	4509	1109	3954	13575	3.01
1980-1989	97	0.30320	0.26329	0.5	3400	895	2952	9621	2.83
1980-1989	98	0.32715	0.28116	0.5	2505	704	2153	6669	2.66
1980-1989	99	0.35213	0.29942	0.5	1801	539	1531	4516	2.51
1980-1989	100	0.37804	0.31794	0.5	1261	401	1061	2985	2.37
1980-1989	101	0.40475	0.33663	0.5	860	290	716	1924	2.24
1980-1989	102	0.43213	0.35535	0.5	571	203	469	1208	2.12
1980-1989	103	0.46001	0.37399	0.5	368	138	299	739	2.01
1980-1989	104	0.48821	0.39242	0.5	230	90	185	440	1.91
1980-1989	105	0.51657	0.41054	0.5	140	57	111	255	1.82
1980-1989	106	0.54489	0.42822	0.5	82	35	65	144	1.74
1980-1989	107	0.57299	0.44539	0.5	47	21	37	79	1.67
1980-1989	108	0.60068	0.46194	0.5	26	12	20	42	1.61
1980-1989	109	0.62779	0.47781	0.5	14	7	11	22	1.56
1980-1989	110+	0.65417	1.00000	1.53	7	7	11	11	1.53
1990-1999	0	0.00641	0.00637	0.07	100000	637	99405	7743050	77.43
1990-1999	1	0.00043	0.00043	0.5	99363	43	99341	7643645	76.93
1990-1999	2	0.00029	0.00029	0.5	99320	29	99305	7544304	75.96
1990-1999	3	0.00021	0.00021	0.5	99291	20	99281	7444999	74.98
1990-1999	4	0.00017	0.00017	0.5	99270	17	99262	7345718	74.00
1990-1999	5	0.00015	0.00015	0.5	99253	14	99246	7246456	73.01
1990-1999	6	0.00014	0.00014	0.5	99239	14	99232	7147210	72.02
1990-1999	7	0.00015	0.00015	0.5	99225	14	99218	7047978	71.03
1990-1999	8	0.00013	0.00013	0.5	99211	12	99205	6948760	70.04
1990-1999	9	0.00011	0.00011	0.5	99198	11	99193	6849555	69.05
1990-1999	10	0.00013	0.00013	0.5	99188	13	99182	6750362	68.06
1990-1999	11	0.00015	0.00015	0.5	99175	15	99168	6651180	67.06
1990-1999	12	0.00017	0.00017	0.5	99161	16	99152	6552012	66.07
1990-1999	13	0.00019	0.00019	0.5	99144	19	99135	6452860	65.09
1990-1999	14	0.00026	0.00026	0.5	99125	26	99112	6353725	64.10
1990-1999	15	0.00032	0.00032	0.5	99099	32	99083	6254613	63.11
1990-1999	16	0.00049	0.00049	0.5	99067	49	99043	6155530	62.13
1990-1999	17	0.00061	0.00061	0.5	99019	60	98988	6056487	61.17
1990-1999	18	0.00068	0.00068	0.5	98958	68	98924	5957499	60.20
1990-1999	19	0.00067	0.00067	0.5	98891	67	98857	5858574	59.24
1990-1999	20	0.00064	0.00064	0.5	98824	63	98793	5759717	58.28
1990-1999	21	0.00072	0.00072	0.5	98761	71	98725	5660924	57.32
1990-1999	22	0.00073	0.00073	0.5	98690	72	98654	5562199	56.36
1990-1999	23	0.00073	0.00073	0.5	98618	72	98582	5463545	55.40
1990-1999	24	0.00071	0.00071	0.5	98546	70	98511	5364963	54.44
1990-1999	25	0.00070	0.00070	0.5	98476	69	98442	5266452	53.48
1990-1999	26	0.00074	0.00073	0.5	98408	72	98371	5168010	52.52
1990-1999	27	0.00077	0.00077	0.5	98335	76	98297	5069639	51.55
1990-1999	28	0.00087	0.00087	0.5	98259	86	98217	4971341	50.59
1990-1999	29	0.00088	0.00088	0.5	98174	86	98131	4873125	49.64
1990-1999	30	0.00097	0.00097	0.5	98087	95	98040	4774994	48.68
1990-1999	31	0.00109	0.00109	0.5	97992	107	97939	4676955	47.73
1990-1999	32	0.00113	0.00113	0.5	97885	111	97830	4579016	46.78
1990-1999	33	0.00116	0.00116	0.5	97775	113	97718	4481186	45.83
1990-1999	34	0.00128	0.00128	0.5	97661	125	97599	4383468	44.88
1990-1999	35	0.00133	0.00133	0.5	97537	130	97472	4285869	43.94
1990-1999	36	0.00144	0.00143	0.5	97407	140	97337	4188397	43.00
1990-1999	37	0.00149	0.00149	0.5	97267	145	97195	4091060	42.06
1990-1999	38	0.00163	0.00163	0.5	97122	158	97043	3993866	41.12
1990-1999	39	0.00167	0.00167	0.5	96964	162	96884	3896822	40.19
1990-1999	40	0.00177	0.00177	0.5	96803	171	96717	3799939	39.25
1990-1999	41	0.00199	0.00199	0.5	96632	192	96536	3703221	38.32
1990-1999	42	0.00206	0.00205	0.5	96440	198	96341	3606686	37.40
1990-1999	43	0.00217	0.00216	0.5	96242	208	96137	3510345	36.47
1990-1999	44	0.00231	0.00231	0.5	96033	222	95923	3414208	35.55
1990-1999	45	0.00257	0.00256	0.5	95812	246	95689	3318285	34.63
1990-1999	46	0.00277	0.00276	0.5	95566	264	95434	3222596	33.72
1990-1999	47	0.00300	0.00299	0.5	95302	285	95159	3127162	32.81
1990-1999	48	0.00327	0.00326	0.5	95017	310	94862	3032002	31.91
1990-1999	49	0.00345	0.00344	0.5	94707	326	94544	2937140	31.01
1990-1999	50	0.00373	0.00373	0.5	94381	352	94205	2842596	30.12
1990-1999	51	0.00423	0.00422	0.5	94029	396	93831	2748391	29.23
1990-1999	52	0.00466	0.00465	0.5	93633	436	93415	2654560	28.35
1990-1999	53	0.00520	0.00519	0.5	93197	484	92956	2561145	27.48
1990-1999	54	0.00553	0.00552	0.5	92714	512	92458	2468190	26.62
1990-1999	55	0.00618	0.00616	0.5	92202	568	91918	2375732	25.77
1990-1999	56	0.00689	0.00687	0.5	91634	630	91319	2283814	24.92
1990-1999	57	0.00741	0.00738	0.5	91004	672	90669	2192494	24.09
1990-1999	58	0.00867	0.00864	0.5	90333	780	89943	2101826	23.27
1990-1999	59	0.00916	0.00912	0.5	89553	817	89144	2011883	22.47
1990-1999	60	0.01009	0.01004	0.5	88736	890	88291	1922739	21.67
1990-1999	61	0.01140	0.01134	0.5	87845	996	87347	1834448	20.88
1990-1999	62	0.01252	0.01244	0.5	86849	1080	86309	1747101	20.12
1990-1999	63	0.01374	0.01365	0.5	85769	1171	85184	1660792	19.36
1990-1999	64	0.01465	0.01454	0.5	84599	1230	83983	1575608	18.62
1990-1999	65	0.01600	0.01587	0.5	83368	1323	82706	1491625	17.89
1990-1999	66	0.01768	0.01753	0.5	82045	1438	81326	1408918	17.17
1990-1999	67	0.01876	0.01859	0.5	80607	1498	79858	1327592	16.47
1990-1999	68	0.02137	0.02114	0.5	79108	1673	78272	1247735	15.77
1990-1999	69	0.02289	0.02263	0.5	77436	1752	76560	1169463	15.10
1990-1999	70	0.02464	0.02434	0.5	75683	1842	74762	1092903	14.44
1990-1999	71	0.02724	0.02687	0.5	73841	1984	72849	1018141	13.79
1990-1999	72	0.02961	0.02918	0.5	71857	2096	70809	945292	13.16
1990-1999	73	0.03206	0.03155	0.5	69761	2201	68660	874483	12.54
1990-1999	74	0.03509	0.03448	0.5	67559	2330	66395	805823	11.93
1990-1999	75	0.03756	0.03687	0.5	65230	2405	64027	739428	11.34
1990-1999	76	0.04149	0.04065	0.5	62825	2554	61548	675401	10.75
1990-1999	77	0.04584	0.04481	0.5	60271	2701	58921	613852	10.18
1990-1999	78	0.04967	0.04847	0.5	57571	2790	56175	554931	9.64
1990-1999	79	0.05503	0.05356	0.5	54780	2934	53313	498756	9.10
1990-1999	80	0.06068	0.05890	0.5	51846	3054	50320	445443	8.59
1990-1999	81	0.06626	0.06414	0.5	48793	3129	47228	395123	8.10
1990-1999	82	0.07399	0.07135	0.5	45663	3258	44034	347895	7.62
1990-1999	83	0.08102	0.07786	0.5	42405	3302	40754	303861	7.17
1990-1999	84	0.08890	0.08512	0.5	39103	3328	37439	263107	6.73
1990-1999	85	0.09886	0.09420	0.5	35775	3370	34090	225667	6.31
1990-1999	86	0.10945	0.10377	0.5	32405	3363	30724	191577	5.91
1990-1999	87	0.11859	0.11195	0.5	29042	3251	27417	160854	5.54
1990-1999	88	0.13133	0.12323	0.5	25791	3178	24202	133437	5.17
1990-1999	89	0.14507	0.13526	0.5	22613	3059	21083	109235	4.83
1990-1999	90	0.16076	0.14880	0.5	19554	2910	18099	88152	4.51
1990-1999	91	0.17763	0.16314	0.5	16645	2715	15287	70052	4.21
1990-1999	92	0.19440	0.17718	0.5	13929	2468	12695	54765	3.93
1990-1999	93	0.21376	0.19312	0.5	11461	2213	10355	42070	3.67
1990-1999	94	0.23407	0.20955	0.5	9248	1938	8279	31716	3.43
1990-1999	95	0.25575	0.22676	0.5	7310	1658	6481	23437	3.21
1990-1999	96	0.27879	0.24468	0.5	5652	1383	4961	16956	3.00
1990-1999	97	0.30313	0.26324	0.5	4269	1124	3707	11995	2.81
1990-1999	98	0.32871	0.28231	0.5	3146	888	2701	8287	2.63
1990-1999	99	0.35543	0.30180	0.5	2257	681	1917	5586	2.47
1990-1999	100	0.38317	0.32156	0.5	1576	507	1323	3669	2.33
1990-1999	101	0.41176	0.34146	0.5	1069	365	887	2346	2.19
1990-1999	102	0.44104	0.36135	0.5	704	254	577	1459	2.07
1990-1999	103	0.47081	0.38110	0.5	450	171	364	882	1.96
1990-1999	104	0.50086	0.40055	0.5	278	111	223	518	1.86
1990-1999	105	0.53096	0.41957	0.5	167	70	132	296	1.77
1990-1999	106	0.56091	0.43806	0.5	97	42	76	164	1.69
1990-1999	107	0.59048	0.45588	0.5	54	25	42	88	1.62
1990-1999	108	0.61946	0.47297	0.5	30	14	23	46	1.56
1990-1999	109	0.64765	0.48923	0.5	16	8	12	24	1.51
1990-1999	110+	0.67490	1.00000	1.48	8	8	12	12	1.48
2000-2009	0	0.00550	0.00547	0.06	100000	547	99488	7907247	79.07
2000-2009	1	0.00030	0.00030	0.5	99453	29	99438	7807759	78.51
2000-2009	2	0.00020	0.00020	0.5	99424	20	99414	7708321	77.53
2000-2009	3	0.00014	0.00014	0.5	99404	14	99397	7608907	76.55
2000-2009	4	0.00012	0.00012	0.5	99390	12	99384	7509510	75.56
2000-2009	5	0.00012	0.00012	0.5	99378	12	99372	7410126	74.56
2000-2009	6	0.00011	0.00011	0.5	99367	11	99361	7310754	73.57
2000-2009	7	0.00010	0.00010	0.5	99355	10	99351	7211393	72.58
2000-2009	8	0.00009	0.00009	0.5	99346	9	99341	7112042	71.59
2000-2009	9	0.00010	0.00010	0.5	99337	10	99332	7012701	70.60
2000-2009	10	0.00011	0.00011	0.5	99327	11	99322	6913368	69.60
2000-2009	11	0.00009	0.00009	0.5	99316	9	99312	6814047	68.61
2000-2009	12	0.00012	0.00012	0.5	99307	12	99302	6714735	67.62
2000-2009	13	0.00014	0.00014	0.5	99296	14	99289	6615433	66.62
2000-2009	14	0.00016	0.00016	0.5	99282	16	99274	6516145	65.63
2000-2009	15	0.00022	0.00022	0.5	99266	22	99255	6416871	64.64
2000-2009	16	0.00036	0.00036	0.5	99243	36	99226	6317616	63.66
2000-2009	17	0.00046	0.00046	0.5	99208	45	99185	6218390	62.68
2000-2009	18	0.00054	0.00054	0.5	99162	53	99136	6119205	61.71
2000-2009	19	0.00058	0.00058	0.5	99109	57	99080	6020070	60.74
2000-2009	20	0.00063	0.00063	0.5	99052	62	99021	5920989	59.78
2000-2009	21	0.00076	0.00076	0.5	98989	75	98952	5821969	58.81
2000-2009	22	0.00076	0.00076	0.5	98915	75	98877	5723017	57.86
2000-2009	23	0.00078	0.00078	0.5	98840	77	98801	5624139	56.90
2000-2009	24	0.00079	0.00079	0.5	98763	78	98724	5525338	55.95
2000-2009	25	0.00074	0.00074	0.5	98684	73	98648	5426614	54.99
2000-2009	26	0.00077	0.00077	0.5	98612	75	98574	5327967	54.03
2000-2009	27	0.00077	0.00077	0.5	98536	76	98498	5229393	53.07
2000-2009	28	0.00076	0.00076	0.5	98460	75	98423	5130895	52.11
2000-2009	29	0.00080	0.00080	0.5	98385	78	98346	5032472	51.15
2000-2009	30	0.00078	0.00078	0.5	98307	77	98268	4934126	50.19
2000-2009	31	0.00081	0.00081	0.5	98230	80	98190	4835858	49.23
2000-2009	32	0.00083	0.00083	0.5	98150	82	98109	4737668	48.27
2000-2009	33	0.00090	0.00090	0.5	98068	88	98024	4639559	47.31
2000-2009	34	0.00093	0.00093	0.5	97980	91	97935	4541535	46.35
2000-2009	35	0.00104	0.00104	0.5	97889	102	97838	4443601	45.39
2000-2009	36	0.00113	0.00113	0.5	97787	111	97732	4345763	44.44
2000-2009	37	0.00123	0.00123	0.5	97677	120	97616	4248031	43.49
2000-2009	38	0.00132	0.00132	0.5	97556	129	97492	4150414	42.54
2000-2009	39	0.00144	0.00144	0.5	97428	140	97358	4052922	41.60
2000-2009	40	0.00156	0.00156	0.5	97287	152	97212	3955565	40.66
2000-2009	41	0.00166	0.00166	0.5	97136	161	97055	3858353	39.72
2000-2009	42	0.00186	0.00186	0.5	96975	180	96884	3761298	38.79
2000-2009	43	0.00198	0.00198	0.5	96794	192	96698	3664414	37.86
2000-2009	44	0.00224	0.00223	0.5	96602	216	96494	3567716	36.93
2000-2009	45	0.00235	0.00235	0.5	96386	227	96273	3471221	36.01
2000-2009	46	0.00254	0.00254	0.5	96160	244	96038	3374948	35.10
2000-2009	47	0.00278	0.00278	0.5	95916	267	95782	3278910	34.19
2000-2009	48	0.00311	0.00311	0.5	95649	297	95500	3183128	33.28
2000-2009	49	0.00332	0.00331	0.5	95352	316	95194	3087628	32.38
2000-2009	50	0.00352	0.00352	0.5	95036	334	94869	2992434	31.49
2000-2009	51	0.00374	0.00374	0.5	94702	354	94525	2897565	30.60
2000-2009	52	0.00409	0.00408	0.5	94348	385	94155	2803040	29.71
2000-2009	53	0.00445	0.00444	0.5	93963	418	93754	2708885	28.83
2000-2009	54	0.00473	0.00472	0.5	93545	441	93325	2615131	27.96
2000-2009	55	0.00517	0.00516	0.5	93104	480	92864	2521806	27.09
2000-2009	56	0.00556	0.00555	0.5	92624	514	92367	2428942	26.22
2000-2009	57	0.00616	0.00614	0.5	92110	566	91827	2336576	25.37
2000-2009	58	0.00682	0.00679	0.5	91544	622	91233	2244748	24.52
2000-2009	59	0.00738	0.00735	0.5	90922	668	90588	2153515	23.69
2000-2009	60	0.00799	0.00796	0.5	90254	718	89895	2062927	22.86
2000-2009	61	0.00877	0.00873	0.5	89536	782	89145	1973032	22.04
2000-2009	62	0.00957	0.00952	0.5	88754	845	88331	1883888	21.23
2000-2009	63	0.01069	0.01064	0.5	87908	935	87441	1795557	20.43
2000-2009	64	0.01171	0.01165	0.5	86973	1013	86467	1708116	19.64
2000-2009	65	0.01272	0.01264	0.5	85960	1087	85417	1621649	18.87
2000-2009	66	0.01374	0.01365	0.5	84874	1158	84295	1536232	18.10
2000-2009	67	0.01530	0.01518	0.5	83715	1271	83080	1451938	17.34
2000-2009	68	0.01692	0.01678	0.5	82444	1383	81753	1368858	16.60
2000-2009	69	0.01851	0.01834	0.5	81061	1486	80318	1287105	15.88
2000-2009	70	0.02047	0.02026	0.5	79575	1612	78768	1206787	15.17
2000-2009	71	0.02236	0.02211	0.5	77962	1724	77100	1128019	14.47
2000-2009	72	0.02483	0.02452	0.5	76238	1870	75303	1050918	13.78
2000-2009	73	0.02703	0.02667	0.5	74369	1983	73377	975615	13.12
2000-2009	74	0.02974	0.02931	0.5	72385	2121	71325	902238	12.46
2000-2009	75	0.03291	0.03238	0.5	70264	2275	69126	830913	11.83
2000-2009	76	0.03578	0.03516	0.5	67989	2390	66794	761787	11.20
2000-2009	77	0.03972	0.03895	0.5	65599	2555	64321	694993	10.59
2000-2009	78	0.04337	0.04245	0.5	63044	2676	61706	630672	10.00
2000-2009	79	0.04781	0.04669	0.5	60368	2819	58958	568966	9.43
2000-2009	80	0.05368	0.05228	0.5	57549	3009	56045	510008	8.86
2000-2009	81	0.05937	0.05765	0.5	54540	3145	52968	453963	8.32
2000-2009	82	0.06635	0.06422	0.5	51396	3301	49745	400996	7.80
2000-2009	83	0.07389	0.07126	0.5	48095	3427	46381	351250	7.30
2000-2009	84	0.08239	0.07913	0.5	44668	3535	42901	304869	6.83
2000-2009	85	0.09227	0.08820	0.5	41133	3628	39319	261968	6.37
2000-2009	86	0.10359	0.09849	0.5	37505	3694	35658	222649	5.94
2000-2009	87	0.11526	0.10898	0.5	33811	3685	31969	186991	5.53
2000-2009	88	0.12846	0.12071	0.5	30127	3637	28308	155022	5.15
2000-2009	89	0.14408	0.13440	0.5	26490	3560	24710	126713	4.78
2000-2009	90	0.16114	0.14913	0.5	22930	3419	21220	102003	4.45
2000-2009	91	0.17785	0.16332	0.5	19510	3186	17917	80783	4.14
2000-2009	92	0.19613	0.17861	0.5	16324	2916	14866	62866	3.85
2000-2009	93	0.21685	0.19564	0.5	13408	2623	12097	48000	3.58
2000-2009	94	0.23934	0.21376	0.5	10785	2305	9632	35904	3.33
2000-2009	95	0.26342	0.23277	0.5	8480	1974	7493	26271	3.10
2000-2009	96	0.28905	0.25255	0.5	6506	1643	5684	18779	2.89
2000-2009	97	0.31615	0.27300	0.5	4863	1328	4199	13094	2.69
2000-2009	98	0.34461	0.29396	0.5	3535	1039	3016	8895	2.52
2000-2009	99	0.37428	0.31528	0.5	2496	787	2103	5880	2.36
2000-2009	100	0.40498	0.33678	0.5	1709	576	1421	3777	2.21
2000-2009	101	0.43649	0.35829	0.5	1133	406	930	2356	2.08
2000-2009	102	0.46857	0.37963	0.5	727	276	589	1425	1.96
2000-2009	103	0.50097	0.40062	0.5	451	181	361	836	1.85
2000-2009	104	0.53341	0.42110	0.5	270	114	214	475	1.76
2000-2009	105	0.56561	0.44092	0.5	157	69	122	262	1.67
2000-2009	106	0.59731	0.45995	0.5	88	40	67	140	1.60
2000-2009	107	0.62826	0.47808	0.5	47	23	36	72	1.53
2000-2009	108	0.65823	0.49524	0.5	25	12	19	36	1.47
2000-2009	109	0.68703	0.51137	0.5	12	6	9	18	1.43
2000-2009	110+	0.71447	1.00000	1.4	6	6	9	9	1.40
2010-2019	0	0.00459	0.00457	0.06	100000	457	99571	8022717	80.23
2010-2019	1	0.00025	0.00025	0.5	99543	25	99530	7923146	79.60
2010-2019	2	0.00017	0.00017	0.5	99518	17	99510	7823616	78.62
2010-2019	3	0.00013	0.00013	0.5	99501	13	99495	7724106	77.63
2010-2019	4	0.00011	0.00011	0.5	99488	11	99483	7624611	76.64
2010-2019	5	0.00009	0.00009	0.5	99477	9	99473	7525128	75.65
2010-2019	6	0.00010	0.00010	0.5	99468	10	99463	7425655	74.65
2010-2019	7	0.00008	0.00008	0.5	99458	8	99454	7326192	73.66
2010-2019	8	0.00009	0.00009	0.5	99450	9	99446	7226738	72.67
2010-2019	9	0.00009	0.00009	0.5	99441	9	99437	7127293	71.67
2010-2019	10	0.00009	0.00009	0.5	99433	9	99428	7027856	70.68
2010-2019	11	0.00008	0.00008	0.5	99424	8	99420	6928428	69.69
2010-2019	12	0.00009	0.00009	0.5	99416	9	99411	6829008	68.69
2010-2019	13	0.00011	0.00011	0.5	99407	11	99401	6729596	67.70
2010-2019	14	0.00014	0.00014	0.5	99396	14	99389	6630195	66.71
2010-2019	15	0.00018	0.00018	0.5	99382	18	99373	6530806	65.71
2010-2019	16	0.00024	0.00024	0.5	99364	23	99352	6431433	64.73
2010-2019	17	0.00030	0.00030	0.5	99340	30	99325	6332082	63.74
2010-2019	18	0.00039	0.00039	0.5	99311	39	99291	6232756	62.76
2010-2019	19	0.00043	0.00043	0.5	99272	43	99250	6133465	61.78
2010-2019	20	0.00051	0.00051	0.5	99229	50	99204	6034215	60.81
2010-2019	21	0.00064	0.00064	0.5	99179	64	99147	5935011	59.84
2010-2019	22	0.00076	0.00076	0.5	99115	76	99077	5835864	58.88
2010-2019	23	0.00082	0.00082	0.5	99039	81	98999	5736787	57.92
2010-2019	24	0.00090	0.00089	0.5	98958	89	98914	5637788	56.97
2010-2019	25	0.00092	0.00092	0.5	98870	91	98824	5538874	56.02
2010-2019	26	0.00098	0.00098	0.5	98779	97	98730	5440050	55.07
2010-2019	27	0.00098	0.00098	0.5	98682	96	98634	5341319	54.13
2010-2019	28	0.00110	0.00110	0.5	98585	108	98531	5242686	53.18
2010-2019	29	0.00114	0.00114	0.5	98477	112	98421	5144154	52.24
2010-2019	30	0.00113	0.00113	0.5	98365	111	98309	5045733	51.30
2010-2019	31	0.00117	0.00117	0.5	98254	115	98196	4947424	50.35
2010-2019	32	0.00121	0.00120	0.5	98139	118	98080	4849228	49.41
2010-2019	33	0.00128	0.00128	0.5	98020	125	97958	4751148	48.47
2010-2019	34	0.00129	0.00129	0.5	97895	126	97832	4653190	47.53
2010-2019	35	0.00134	0.00134	0.5	97769	131	97703	4555358	46.59
2010-2019	36	0.00133	0.00133	0.5	97638	130	97573	4457655	45.65
2010-2019	37	0.00140	0.00139	0.5	97508	136	97440	4360082	44.72
2010-2019	38	0.00142	0.00142	0.5	97372	138	97303	4262642	43.78
2010-2019	39	0.00149	0.00148	0.5	97234	144	97161	4165339	42.84
2010-2019	40	0.00156	0.00156	0.5	97089	151	97014	4068178	41.90
2010-2019	41	0.00167	0.00167	0.5	96938	162	96857	3971164	40.97
2010-2019	42	0.00171	0.00171	0.5	96776	165	96693	3874307	40.03
2010-2019	43	0.00188	0.00187	0.5	96611	181	96520	3777614	39.10
2010-2019	44	0.00211	0.00211	0.5	96430	204	96328	3681094	38.17
2010-2019	45	0.00214	0.00214	0.5	96226	206	96123	3584766	37.25
2010-2019	46	0.00239	0.00239	0.5	96020	229	95905	3488643	36.33
2010-2019	47	0.00257	0.00257	0.5	95790	246	95668	3392738	35.42
2010-2019	48	0.00278	0.00278	0.5	95545	266	95412	3297070	34.51
2010-2019	49	0.00308	0.00308	0.5	95279	293	95132	3201658	33.60
2010-2019	50	0.00338	0.00337	0.5	94986	320	94826	3106526	32.71
2010-2019	51	0.00364	0.00363	0.5	94666	344	94494	3011700	31.81
2010-2019	52	0.00394	0.00393	0.5	94322	371	94137	2917206	30.93
2010-2019	53	0.00418	0.00417	0.5	93951	392	93755	2823070	30.05
2010-2019	54	0.00459	0.00458	0.5	93559	428	93345	2729314	29.17
2010-2019	55	0.00500	0.00499	0.5	93131	464	92899	2635969	28.30
2010-2019	56	0.00530	0.00528	0.5	92667	489	92422	2543070	27.44
2010-2019	57	0.00580	0.00578	0.5	92177	533	91911	2450648	26.59
2010-2019	58	0.00619	0.00618	0.5	91644	566	91361	2358737	25.74
2010-2019	59	0.00675	0.00673	0.5	91078	613	90772	2267376	24.89
2010-2019	60	0.00719	0.00716	0.5	90466	648	90142	2176604	24.06
2010-2019	61	0.00765	0.00762	0.5	89818	685	89475	2086463	23.23
2010-2019	62	0.00833	0.00830	0.5	89133	740	88763	1996987	22.40
2010-2019	63	0.00911	0.00907	0.5	88393	802	87993	1908224	21.59
2010-2019	64	0.00988	0.00983	0.5	87592	861	87161	1820232	20.78
2010-2019	65	0.01058	0.01052	0.5	86731	912	86274	1733071	19.98
2010-2019	66	0.01148	0.01142	0.5	85818	980	85328	1646796	19.19
2010-2019	67	0.01245	0.01237	0.5	84838	1050	84313	1561468	18.41
2010-2019	68	0.01393	0.01383	0.5	83789	1159	83209	1477155	17.63
2010-2019	69	0.01492	0.01481	0.5	82630	1224	82018	1393946	16.87
2010-2019	70	0.01664	0.01651	0.5	81406	1344	80734	1311928	16.12
2010-2019	71	0.01820	0.01804	0.5	80062	1444	79340	1231194	15.38
2010-2019	72	0.02027	0.02007	0.5	78618	1578	77829	1151854	14.65
2010-2019	73	0.02178	0.02154	0.5	77040	1660	76211	1074024	13.94
2010-2019	74	0.02456	0.02426	0.5	75381	1829	74466	997814	13.24
2010-2019	75	0.02725	0.02688	0.5	73552	1977	72563	923347	12.55
2010-2019	76	0.03003	0.02959	0.5	71575	2118	70516	850784	11.89
2010-2019	77	0.03330	0.03275	0.5	69457	2275	68319	780268	11.23
2010-2019	78	0.03709	0.03641	0.5	67182	2446	65959	711949	10.60
2010-2019	79	0.04112	0.04029	0.5	64735	2608	63431	645990	9.98
2010-2019	80	0.04690	0.04583	0.5	62127	2847	60704	582559	9.38
2010-2019	81	0.05294	0.05157	0.5	59280	3057	57752	521855	8.80
2010-2019	82	0.05957	0.05785	0.5	56223	3252	54597	464104	8.25
2010-2019	83	0.06586	0.06376	0.5	52970	3377	51282	409507	7.73
2010-2019	84	0.07392	0.07128	0.5	49593	3535	47826	358225	7.22
2010-2019	85	0.08211	0.07887	0.5	46058	3633	44242	310400	6.74
2010-2019	86	0.09160	0.08759	0.5	42425	3716	40567	266158	6.27
2010-2019	87	0.10456	0.09936	0.5	38709	3846	36786	225591	5.83
2010-2019	88	0.11670	0.11027	0.5	34863	3844	32941	188805	5.42
2010-2019	89	0.13136	0.12327	0.5	31019	3824	29107	155864	5.02
2010-2019	90	0.14765	0.13750	0.5	27195	3739	25325	126757	4.66
2010-2019	91	0.16490	0.15234	0.5	23456	3573	21669	101432	4.32
2010-2019	92	0.18547	0.16973	0.5	19883	3375	18195	79763	4.01
2010-2019	93	0.20530	0.18619	0.5	16508	3074	14971	61567	3.73
2010-2019	94	0.22460	0.20193	0.5	13434	2713	12078	46596	3.47
2010-2019	95	0.24853	0.22106	0.5	10722	2370	9537	34518	3.22
2010-2019	96	0.27415	0.24110	0.5	8351	2014	7345	24982	2.99
2010-2019	97	0.30139	0.26192	0.5	6338	1660	5508	17637	2.78
2010-2019	98	0.33015	0.28337	0.5	4678	1326	4015	12129	2.59
2010-2019	99	0.36027	0.30528	0.5	3352	1023	2841	8114	2.42
2010-2019	100	0.39159	0.32747	0.5	2329	763	1948	5274	2.26
2010-2019	101	0.42388	0.34975	0.5	1566	548	1292	3326	2.12
2010-2019	102	0.45687	0.37192	0.5	1018	379	829	2034	2.00
2010-2019	103	0.49030	0.39377	0.5	640	252	514	1205	1.88
2010-2019	104	0.52386	0.41513	0.5	388	161	307	691	1.78
2010-2019	105	0.55725	0.43582	0.5	227	99	177	384	1.69
2010-2019	106	0.59017	0.45570	0.5	128	58	99	206	1.61
2010-2019	107	0.62234	0.47465	0.5	70	33	53	107	1.54
2010-2019	108	0.65351	0.49256	0.5	37	18	28	54	1.48
2010-2019	109	0.68344	0.50938	0.5	19	9	14	27	1.43
2010-2019	110+	0.71196	1.00000	1.4	9	9	13	13	1.40
2020-2022	0	0.00403	0.00401	0.06	100000	401	99623	7919895	79.20
2020-2022	1	0.00025	0.00025	0.5	99599	25	99586	7820273	78.52
2020-2022	2	0.00012	0.00012	0.5	99574	12	99568	7720686	77.54
2020-2022	3	0.00011	0.00011	0.5	99562	11	99557	7621118	76.55
2020-2022	4	0.00013	0.00013	0.5	99551	13	99545	7521562	75.55
2020-2022	5	0.00010	0.00010	0.5	99538	10	99533	7422017	74.56
2020-2022	6	0.00007	0.00007	0.5	99528	7	99525	7322483	73.57
2020-2022	7	0.00010	0.00010	0.5	99522	10	99517	7222958	72.58
2020-2022	8	0.00008	0.00008	0.5	99512	7	99508	7123441	71.58
2020-2022	9	0.00006	0.00006	0.5	99504	6	99501	7023934	70.59
2020-2022	10	0.00008	0.00008	0.5	99499	8	99495	6924432	69.59
2020-2022	11	0.00006	0.00006	0.5	99491	6	99488	6824937	68.60
2020-2022	12	0.00011	0.00011	0.5	99485	11	99479	6725450	67.60
2020-2022	13	0.00012	0.00012	0.5	99473	12	99467	6625971	66.61
2020-2022	14	0.00017	0.00017	0.5	99461	17	99453	6526503	65.62
2020-2022	15	0.00021	0.00021	0.5	99445	21	99434	6427050	64.63
2020-2022	16	0.00030	0.00030	0.5	99424	29	99409	6327616	63.64
2020-2022	17	0.00035	0.00035	0.5	99395	35	99377	6228207	62.66
2020-2022	18	0.00040	0.00040	0.5	99360	40	99340	6128830	61.68
2020-2022	19	0.00046	0.00046	0.5	99320	46	99297	6029490	60.71
2020-2022	20	0.00051	0.00051	0.5	99274	50	99248	5930194	59.74
2020-2022	21	0.00065	0.00065	0.5	99223	65	99191	5830945	58.77
2020-2022	22	0.00075	0.00075	0.5	99159	74	99121	5731754	57.80
2020-2022	23	0.00082	0.00082	0.5	99084	81	99044	5632633	56.85
2020-2022	24	0.00084	0.00084	0.5	99003	83	98961	5533589	55.89
2020-2022	25	0.00097	0.00097	0.5	98920	96	98872	5434628	54.94
2020-2022	26	0.00100	0.00100	0.5	98824	99	98775	5335756	53.99
2020-2022	27	0.00106	0.00106	0.5	98725	104	98673	5236981	53.05
2020-2022	28	0.00127	0.00127	0.5	98621	125	98558	5138308	52.10
2020-2022	29	0.00132	0.00131	0.5	98496	130	98431	5039750	51.17
2020-2022	30	0.00140	0.00140	0.5	98366	138	98298	4941319	50.23
2020-2022	31	0.00155	0.00155	0.5	98229	152	98153	4843021	49.30
2020-2022	32	0.00165	0.00165	0.5	98077	161	97996	4744868	48.38
2020-2022	33	0.00168	0.00168	0.5	97916	165	97833	4646872	47.46
2020-2022	34	0.00176	0.00176	0.5	97751	172	97665	4549039	46.54
2020-2022	35	0.00191	0.00190	0.5	97579	186	97486	4451374	45.62
2020-2022	36	0.00189	0.00188	0.5	97393	184	97301	4353888	44.70
2020-2022	37	0.00200	0.00200	0.5	97210	194	97112	4256586	43.79
2020-2022	38	0.00204	0.00203	0.5	97015	197	96917	4159474	42.87
2020-2022	39	0.00228	0.00228	0.5	96818	221	96708	4062558	41.96
2020-2022	40	0.00230	0.00230	0.5	96597	222	96486	3965850	41.06
2020-2022	41	0.00235	0.00235	0.5	96375	226	96262	3869364	40.15
2020-2022	42	0.00244	0.00243	0.5	96149	234	96032	3773101	39.24
2020-2022	43	0.00246	0.00245	0.5	95915	235	95797	3677069	38.34
2020-2022	44	0.00262	0.00262	0.5	95680	251	95554	3581272	37.43
2020-2022	45	0.00243	0.00242	0.5	95429	231	95313	3485718	36.53
2020-2022	46	0.00287	0.00287	0.5	95198	273	95061	3390404	35.61
2020-2022	47	0.00304	0.00304	0.5	94924	288	94780	3295343	34.72
2020-2022	48	0.00321	0.00321	0.5	94636	304	94485	3200563	33.82
2020-2022	49	0.00343	0.00343	0.5	94333	323	94171	3106078	32.93
2020-2022	50	0.00383	0.00382	0.5	94009	359	93830	3011907	32.04
2020-2022	51	0.00413	0.00412	0.5	93650	386	93457	2918077	31.16
2020-2022	52	0.00430	0.00429	0.5	93264	400	93064	2824620	30.29
2020-2022	53	0.00471	0.00470	0.5	92864	436	92646	2731556	29.41
2020-2022	54	0.00524	0.00523	0.5	92428	483	92187	2638910	28.55
2020-2022	55	0.00565	0.00563	0.5	91945	518	91686	2546724	27.70
2020-2022	56	0.00622	0.00620	0.5	91427	567	91143	2455037	26.85
2020-2022	57	0.00654	0.00652	0.5	90860	592	90564	2363894	26.02
2020-2022	58	0.00703	0.00701	0.5	90267	632	89951	2273331	25.18
2020-2022	59	0.00750	0.00747	0.5	89635	669	89300	2183379	24.36
2020-2022	60	0.00819	0.00816	0.5	88966	726	88603	2094079	23.54
2020-2022	61	0.00863	0.00860	0.5	88240	758	87861	2005476	22.73
2020-2022	62	0.00947	0.00943	0.5	87481	825	87069	1917616	21.92
2020-2022	63	0.01018	0.01013	0.5	86657	878	86218	1830547	21.12
2020-2022	64	0.01077	0.01071	0.5	85779	919	85320	1744329	20.34
2020-2022	65	0.01156	0.01149	0.5	84860	975	84373	1659009	19.55
2020-2022	66	0.01265	0.01257	0.5	83885	1055	83358	1574636	18.77
2020-2022	67	0.01317	0.01308	0.5	82830	1084	82289	1491279	18.00
2020-2022	68	0.01442	0.01432	0.5	81747	1170	81161	1408990	17.24
2020-2022	69	0.01566	0.01554	0.5	80576	1252	79950	1327829	16.48
2020-2022	70	0.01721	0.01707	0.5	79324	1354	78647	1247879	15.73
2020-2022	71	0.01819	0.01803	0.5	77970	1406	77268	1169231	15.00
2020-2022	72	0.02067	0.02046	0.5	76565	1566	75782	1091964	14.26
2020-2022	73	0.02249	0.02224	0.5	74998	1668	74164	1016182	13.55
2020-2022	74	0.02537	0.02505	0.5	73330	1837	72411	942018	12.85
2020-2022	75	0.02848	0.02808	0.5	71493	2007	70489	869607	12.16
2020-2022	76	0.03102	0.03055	0.5	69485	2123	68424	799118	11.50
2020-2022	77	0.03598	0.03535	0.5	67363	2381	66172	730694	10.85
2020-2022	78	0.04072	0.03991	0.5	64982	2593	63685	664521	10.23
2020-2022	79	0.04378	0.04285	0.5	62388	2673	61052	600836	9.63
2020-2022	80	0.04906	0.04789	0.5	59715	2860	58285	539784	9.04
2020-2022	81	0.05465	0.05319	0.5	56856	3024	55344	481499	8.47
2020-2022	82	0.06189	0.06003	0.5	53831	3232	52216	426155	7.92
2020-2022	83	0.07057	0.06816	0.5	50600	3449	48875	373940	7.39
2020-2022	84	0.07869	0.07571	0.5	47151	3570	45366	325065	6.89
2020-2022	85	0.09019	0.08630	0.5	43581	3761	41700	279699	6.42
2020-2022	86	0.09916	0.09447	0.5	39820	3762	37939	237998	5.98
2020-2022	87	0.11192	0.10599	0.5	36058	3822	34147	200060	5.55
2020-2022	88	0.12552	0.11811	0.5	32236	3807	30332	165913	5.15
2020-2022	89	0.14088	0.13161	0.5	28429	3742	26558	135580	4.77
2020-2022	90	0.16183	0.14971	0.5	24687	3696	22839	109022	4.42
2020-2022	91	0.17597	0.16174	0.5	20991	3395	19294	86183	4.11
2020-2022	92	0.19666	0.17905	0.5	17596	3151	16021	66889	3.80
2020-2022	93	0.21788	0.19648	0.5	14445	2838	13026	50869	3.52
2020-2022	94	0.24341	0.21700	0.5	11607	2519	10348	37842	3.26
2020-2022	95	0.26919	0.23726	0.5	9088	2156	8010	27494	3.03
2020-2022	96	0.29665	0.25833	0.5	6932	1791	6037	19484	2.81
2020-2022	97	0.32569	0.28008	0.5	5141	1440	4421	13447	2.62
2020-2022	98	0.35615	0.30232	0.5	3701	1119	3142	9026	2.44
2020-2022	99	0.38786	0.32486	0.5	2582	839	2163	5884	2.28
2020-2022	100	0.42057	0.34750	0.5	1743	606	1441	3721	2.13
2020-2022	101	0.45403	0.37003	0.5	1138	421	927	2281	2.00
2020-2022	102	0.48795	0.39225	0.5	717	281	576	1353	1.89
2020-2022	103	0.52202	0.41397	0.5	436	180	345	777	1.78
2020-2022	104	0.55592	0.43500	0.5	255	111	200	432	1.69
2020-2022	105	0.58934	0.45520	0.5	144	66	111	232	1.61
2020-2022	106	0.62199	0.47444	0.5	79	37	60	121	1.54
2020-2022	107	0.65361	0.49262	0.5	41	20	31	61	1.47
2020-2022	108	0.68395	0.50966	0.5	21	11	16	30	1.42
2020-2022	109	0.71284	0.52553	0.5	10	5	8	14	1.38
2020-2022	110+	0.74011	1.00000	1.35	5	5	7	7	1.35
