Div8: Div8, Lifetables (period 1x10), Males Last modified: February 4 2025, MPv5 (May07) 

Year     	Age	mx	qx	ax	lx	dx	Lx	Tx	ex
1941-1949	0	0.05579	0.05339	0.19	100000	5339	95701	6273100	62.73
1941-1949	1	0.00604	0.00602	0.5	94661	570	94376	6177399	65.26
1941-1949	2	0.00306	0.00306	0.5	94091	288	93947	6083023	64.65
1941-1949	3	0.00206	0.00206	0.5	93803	193	93707	5989076	63.85
1941-1949	4	0.00161	0.00161	0.5	93610	151	93535	5895369	62.98
1941-1949	5	0.00139	0.00139	0.5	93459	130	93394	5801835	62.08
1941-1949	6	0.00129	0.00129	0.5	93329	120	93269	5708441	61.16
1941-1949	7	0.00121	0.00121	0.5	93209	113	93153	5615172	60.24
1941-1949	8	0.00116	0.00116	0.5	93096	108	93042	5522019	59.32
1941-1949	9	0.00112	0.00112	0.5	92989	104	92936	5428977	58.38
1941-1949	10	0.00112	0.00111	0.5	92884	104	92833	5336040	57.45
1941-1949	11	0.00115	0.00115	0.5	92781	107	92727	5243208	56.51
1941-1949	12	0.00123	0.00123	0.5	92674	114	92617	5150480	55.58
1941-1949	13	0.00136	0.00136	0.5	92560	126	92497	5057863	54.64
1941-1949	14	0.00153	0.00153	0.5	92434	142	92363	4965367	53.72
1941-1949	15	0.00174	0.00174	0.5	92292	161	92212	4873004	52.80
1941-1949	16	0.00197	0.00197	0.5	92132	181	92041	4780792	51.89
1941-1949	17	0.00220	0.00220	0.5	91950	202	91849	4688751	50.99
1941-1949	18	0.00246	0.00245	0.5	91748	225	91635	4596902	50.10
1941-1949	19	0.00272	0.00272	0.5	91523	249	91399	4505266	49.23
1941-1949	20	0.00299	0.00298	0.5	91274	272	91138	4413867	48.36
1941-1949	21	0.00319	0.00318	0.5	91002	290	90857	4322729	47.50
1941-1949	22	0.00330	0.00329	0.5	90712	298	90563	4231872	46.65
1941-1949	23	0.00330	0.00330	0.5	90414	298	90265	4141309	45.80
1941-1949	24	0.00322	0.00321	0.5	90116	289	89971	4051044	44.95
1941-1949	25	0.00306	0.00306	0.5	89826	275	89689	3961073	44.10
1941-1949	26	0.00294	0.00293	0.5	89552	263	89420	3871384	43.23
1941-1949	27	0.00286	0.00286	0.5	89289	255	89162	3781963	42.36
1941-1949	28	0.00284	0.00283	0.5	89034	252	88908	3692802	41.48
1941-1949	29	0.00287	0.00287	0.5	88782	255	88654	3603894	40.59
1941-1949	30	0.00295	0.00294	0.5	88527	260	88397	3515239	39.71
1941-1949	31	0.00304	0.00303	0.5	88267	268	88133	3426842	38.82
1941-1949	32	0.00315	0.00315	0.5	87999	277	87861	3338709	37.94
1941-1949	33	0.00329	0.00329	0.5	87722	288	87578	3250849	37.06
1941-1949	34	0.00345	0.00345	0.5	87434	301	87283	3163271	36.18
1941-1949	35	0.00365	0.00364	0.5	87132	317	86974	3075988	35.30
1941-1949	36	0.00387	0.00386	0.5	86815	335	86647	2989014	34.43
1941-1949	37	0.00413	0.00412	0.5	86480	356	86302	2902367	33.56
1941-1949	38	0.00444	0.00443	0.5	86124	382	85933	2816065	32.70
1941-1949	39	0.00480	0.00479	0.5	85742	411	85536	2730132	31.84
1941-1949	40	0.00517	0.00516	0.5	85331	440	85111	2644596	30.99
1941-1949	41	0.00554	0.00553	0.5	84891	469	84656	2559485	30.15
1941-1949	42	0.00600	0.00599	0.5	84422	505	84169	2474829	29.32
1941-1949	43	0.00652	0.00650	0.5	83916	545	83644	2390660	28.49
1941-1949	44	0.00701	0.00698	0.5	83371	582	83080	2307016	27.67
1941-1949	45	0.00756	0.00753	0.5	82789	623	82477	2223936	26.86
1941-1949	46	0.00812	0.00809	0.5	82166	665	81833	2141459	26.06
1941-1949	47	0.00871	0.00868	0.5	81501	707	81147	2059626	25.27
1941-1949	48	0.00939	0.00935	0.5	80794	755	80416	1978478	24.49
1941-1949	49	0.01019	0.01014	0.5	80039	812	79633	1898062	23.71
1941-1949	50	0.01109	0.01103	0.5	79227	874	78790	1818430	22.95
1941-1949	51	0.01189	0.01182	0.5	78353	926	77890	1739640	22.20
1941-1949	52	0.01276	0.01268	0.5	77426	982	76936	1661750	21.46
1941-1949	53	0.01376	0.01367	0.5	76445	1045	75923	1584814	20.73
1941-1949	54	0.01482	0.01471	0.5	75400	1109	74846	1508892	20.01
1941-1949	55	0.01597	0.01584	0.5	74291	1177	73703	1434046	19.30
1941-1949	56	0.01712	0.01697	0.5	73114	1241	72494	1360344	18.61
1941-1949	57	0.01838	0.01822	0.5	71873	1309	71219	1287850	17.92
1941-1949	58	0.01985	0.01966	0.5	70564	1387	69871	1216631	17.24
1941-1949	59	0.02141	0.02119	0.5	69177	1466	68444	1146760	16.58
1941-1949	60	0.02308	0.02281	0.5	67711	1545	66939	1078316	15.93
1941-1949	61	0.02476	0.02446	0.5	66167	1618	65358	1011377	15.29
1941-1949	62	0.02669	0.02634	0.5	64548	1700	63698	946020	14.66
1941-1949	63	0.02893	0.02851	0.5	62848	1792	61952	882321	14.04
1941-1949	64	0.03125	0.03077	0.5	61056	1879	60117	820369	13.44
1941-1949	65	0.03399	0.03342	0.5	59178	1978	58189	760252	12.85
1941-1949	66	0.03687	0.03620	0.5	57200	2071	56164	702063	12.27
1941-1949	67	0.03996	0.03917	0.5	55129	2160	54049	645899	11.72
1941-1949	68	0.04351	0.04259	0.5	52969	2256	51841	591850	11.17
1941-1949	69	0.04718	0.04609	0.5	50713	2337	49545	540009	10.65
1941-1949	70	0.05115	0.04988	0.5	48376	2413	47170	490464	10.14
1941-1949	71	0.05509	0.05361	0.5	45963	2464	44731	443294	9.64
1941-1949	72	0.05975	0.05801	0.5	43499	2524	42237	398563	9.16
1941-1949	73	0.06541	0.06334	0.5	40975	2595	39678	356326	8.70
1941-1949	74	0.07132	0.06886	0.5	38380	2643	37058	316648	8.25
1941-1949	75	0.07800	0.07507	0.5	35737	2683	34396	279590	7.82
1941-1949	76	0.08473	0.08129	0.5	33054	2687	31711	245194	7.42
1941-1949	77	0.09141	0.08741	0.5	30367	2655	29040	213484	7.03
1941-1949	78	0.09932	0.09462	0.5	27713	2622	26402	184443	6.66
1941-1949	79	0.10795	0.10243	0.5	25091	2570	23806	158042	6.30
1941-1949	80	0.11644	0.11003	0.5	22521	2478	21282	134236	5.96
1941-1949	81	0.12662	0.11908	0.5	20043	2387	18849	112955	5.64
1941-1949	82	0.13764	0.12878	0.5	17656	2274	16519	94105	5.33
1941-1949	83	0.14936	0.13898	0.5	15382	2138	14313	77586	5.04
1941-1949	84	0.16139	0.14934	0.5	13244	1978	12255	63273	4.78
1941-1949	85	0.17363	0.15976	0.5	11266	1800	10367	51018	4.53
1941-1949	86	0.18701	0.17102	0.5	9467	1619	8657	40651	4.29
1941-1949	87	0.20219	0.18362	0.5	7848	1441	7127	31994	4.08
1941-1949	88	0.21913	0.19750	0.5	6407	1265	5774	24867	3.88
1941-1949	89	0.23688	0.21179	0.5	5141	1089	4597	19093	3.71
1941-1949	90	0.23669	0.21164	0.5	4052	858	3624	14496	3.58
1941-1949	91	0.25181	0.22365	0.5	3195	715	2838	10873	3.40
1941-1949	92	0.26755	0.23598	0.5	2480	585	2188	8035	3.24
1941-1949	93	0.28390	0.24861	0.5	1895	471	1659	5848	3.09
1941-1949	94	0.30084	0.26151	0.5	1424	372	1238	4188	2.94
1941-1949	95	0.31834	0.27463	0.5	1052	289	907	2950	2.81
1941-1949	96	0.33637	0.28795	0.5	763	220	653	2043	2.68
1941-1949	97	0.35489	0.30141	0.5	543	164	461	1390	2.56
1941-1949	98	0.37386	0.31498	0.5	379	120	320	929	2.45
1941-1949	99	0.39322	0.32861	0.5	260	85	217	609	2.34
1941-1949	100	0.41292	0.34226	0.5	174	60	145	392	2.25
1941-1949	101	0.43291	0.35588	0.5	115	41	94	248	2.16
1941-1949	102	0.45312	0.36942	0.5	74	27	60	153	2.07
1941-1949	103	0.47348	0.38284	0.5	47	18	38	93	1.99
1941-1949	104	0.49393	0.39611	0.5	29	11	23	55	1.92
1941-1949	105	0.51440	0.40916	0.5	17	7	14	32	1.86
1941-1949	106	0.53482	0.42198	0.5	10	4	8	18	1.79
1941-1949	107	0.55513	0.43452	0.5	6	3	5	10	1.74
1941-1949	108	0.57525	0.44676	0.5	3	1	3	6	1.69
1941-1949	109	0.59513	0.45865	0.5	2	1	1	3	1.65
1941-1949	110+	0.61470	1.00000	1.63	1	1	2	2	1.63
1950-1959	0	0.03704	0.03590	0.14	100000	3590	96928	6617861	66.18
1950-1959	1	0.00298	0.00298	0.5	96410	287	96266	6520933	67.64
1950-1959	2	0.00169	0.00169	0.5	96123	163	96042	6424667	66.84
1950-1959	3	0.00123	0.00123	0.5	95960	118	95901	6328625	65.95
1950-1959	4	0.00093	0.00093	0.5	95843	89	95798	6232724	65.03
1950-1959	5	0.00080	0.00080	0.5	95754	77	95715	6136926	64.09
1950-1959	6	0.00073	0.00073	0.5	95677	70	95642	6041211	63.14
1950-1959	7	0.00069	0.00069	0.5	95607	66	95573	5945569	62.19
1950-1959	8	0.00064	0.00064	0.5	95540	62	95510	5849996	61.23
1950-1959	9	0.00062	0.00062	0.5	95479	59	95449	5754486	60.27
1950-1959	10	0.00064	0.00064	0.5	95420	61	95389	5659037	59.31
1950-1959	11	0.00067	0.00067	0.5	95358	64	95326	5563648	58.34
1950-1959	12	0.00075	0.00075	0.5	95294	72	95258	5468322	57.38
1950-1959	13	0.00087	0.00087	0.5	95222	82	95181	5373064	56.43
1950-1959	14	0.00108	0.00108	0.5	95140	103	95088	5277882	55.47
1950-1959	15	0.00131	0.00131	0.5	95037	124	94975	5182794	54.53
1950-1959	16	0.00155	0.00155	0.5	94913	147	94839	5087819	53.61
1950-1959	17	0.00183	0.00183	0.5	94766	173	94679	4992980	52.69
1950-1959	18	0.00200	0.00200	0.5	94592	189	94498	4898301	51.78
1950-1959	19	0.00214	0.00214	0.5	94403	202	94302	4803803	50.89
1950-1959	20	0.00230	0.00230	0.5	94201	216	94093	4709501	49.99
1950-1959	21	0.00245	0.00245	0.5	93985	230	93870	4615408	49.11
1950-1959	22	0.00240	0.00240	0.5	93755	225	93642	4521538	48.23
1950-1959	23	0.00238	0.00238	0.5	93530	223	93419	4427895	47.34
1950-1959	24	0.00243	0.00242	0.5	93307	226	93194	4334477	46.45
1950-1959	25	0.00235	0.00235	0.5	93081	219	92972	4241283	45.57
1950-1959	26	0.00229	0.00229	0.5	92862	212	92756	4148311	44.67
1950-1959	27	0.00225	0.00225	0.5	92650	208	92546	4055555	43.77
1950-1959	28	0.00227	0.00227	0.5	92442	209	92337	3963009	42.87
1950-1959	29	0.00227	0.00227	0.5	92232	209	92128	3870672	41.97
1950-1959	30	0.00235	0.00234	0.5	92023	216	91915	3778544	41.06
1950-1959	31	0.00242	0.00242	0.5	91807	222	91696	3686629	40.16
1950-1959	32	0.00255	0.00255	0.5	91585	233	91469	3594933	39.25
1950-1959	33	0.00254	0.00254	0.5	91352	232	91236	3503464	38.35
1950-1959	34	0.00267	0.00267	0.5	91120	243	90999	3412228	37.45
1950-1959	35	0.00277	0.00277	0.5	90877	252	90751	3321229	36.55
1950-1959	36	0.00292	0.00291	0.5	90626	264	90494	3230478	35.65
1950-1959	37	0.00314	0.00314	0.5	90362	283	90220	3139984	34.75
1950-1959	38	0.00332	0.00331	0.5	90078	299	89929	3049764	33.86
1950-1959	39	0.00366	0.00366	0.5	89780	328	89616	2959835	32.97
1950-1959	40	0.00408	0.00407	0.5	89452	364	89270	2870219	32.09
1950-1959	41	0.00442	0.00441	0.5	89088	393	88891	2780950	31.22
1950-1959	42	0.00484	0.00483	0.5	88695	428	88481	2692058	30.35
1950-1959	43	0.00522	0.00521	0.5	88266	460	88037	2603578	29.50
1950-1959	44	0.00571	0.00570	0.5	87807	500	87557	2515541	28.65
1950-1959	45	0.00625	0.00623	0.5	87307	544	87034	2427985	27.81
1950-1959	46	0.00689	0.00686	0.5	86762	595	86465	2340950	26.98
1950-1959	47	0.00756	0.00754	0.5	86167	649	85842	2254485	26.16
1950-1959	48	0.00838	0.00834	0.5	85518	714	85161	2168643	25.36
1950-1959	49	0.00902	0.00898	0.5	84804	761	84423	2083482	24.57
1950-1959	50	0.00961	0.00956	0.5	84043	804	83641	1999059	23.79
1950-1959	51	0.01037	0.01032	0.5	83239	859	82810	1915418	23.01
1950-1959	52	0.01147	0.01140	0.5	82380	939	81911	1832608	22.25
1950-1959	53	0.01243	0.01236	0.5	81441	1006	80938	1750697	21.50
1950-1959	54	0.01349	0.01340	0.5	80435	1078	79896	1669759	20.76
1950-1959	55	0.01454	0.01444	0.5	79356	1146	78784	1589864	20.03
1950-1959	56	0.01592	0.01580	0.5	78211	1236	77593	1511080	19.32
1950-1959	57	0.01707	0.01693	0.5	76975	1303	76324	1433487	18.62
1950-1959	58	0.01865	0.01848	0.5	75672	1398	74973	1357164	17.93
1950-1959	59	0.02028	0.02008	0.5	74274	1491	73528	1282191	17.26
1950-1959	60	0.02157	0.02134	0.5	72782	1553	72006	1208663	16.61
1950-1959	61	0.02333	0.02306	0.5	71229	1643	70408	1136657	15.96
1950-1959	62	0.02518	0.02487	0.5	69587	1731	68721	1066249	15.32
1950-1959	63	0.02724	0.02687	0.5	67856	1824	66944	997528	14.70
1950-1959	64	0.02942	0.02900	0.5	66032	1915	65075	930584	14.09
1950-1959	65	0.03180	0.03130	0.5	64118	2007	63114	865509	13.50
1950-1959	66	0.03431	0.03373	0.5	62111	2095	61063	802394	12.92
1950-1959	67	0.03732	0.03664	0.5	60016	2199	58916	741331	12.35
1950-1959	68	0.03987	0.03909	0.5	57817	2260	56687	682415	11.80
1950-1959	69	0.04333	0.04241	0.5	55556	2356	54378	625728	11.26
1950-1959	70	0.04670	0.04563	0.5	53200	2428	51986	571350	10.74
1950-1959	71	0.05037	0.04913	0.5	50773	2494	49525	519364	10.23
1950-1959	72	0.05440	0.05296	0.5	48278	2557	47000	469838	9.73
1950-1959	73	0.05906	0.05737	0.5	45722	2623	44410	422838	9.25
1950-1959	74	0.06433	0.06233	0.5	43099	2686	41756	378428	8.78
1950-1959	75	0.06996	0.06759	0.5	40412	2732	39047	336673	8.33
1950-1959	76	0.07611	0.07332	0.5	37681	2763	36299	297626	7.90
1950-1959	77	0.08275	0.07946	0.5	34918	2775	33531	261327	7.48
1950-1959	78	0.08988	0.08601	0.5	32143	2765	30761	227796	7.09
1950-1959	79	0.09735	0.09283	0.5	29379	2727	28015	197035	6.71
1950-1959	80	0.10285	0.09782	0.5	26651	2607	25348	169020	6.34
1950-1959	81	0.11208	0.10613	0.5	24044	2552	22768	143672	5.98
1950-1959	82	0.12441	0.11712	0.5	21493	2517	20234	120904	5.63
1950-1959	83	0.13487	0.12635	0.5	18975	2397	17777	100670	5.31
1950-1959	84	0.14704	0.13697	0.5	16578	2271	15442	82893	5.00
1950-1959	85	0.15986	0.14803	0.5	14307	2118	13248	67451	4.71
1950-1959	86	0.17349	0.15964	0.5	12189	1946	11216	54202	4.45
1950-1959	87	0.18850	0.17226	0.5	10243	1765	9361	42986	4.20
1950-1959	88	0.20574	0.18655	0.5	8479	1582	7688	33625	3.97
1950-1959	89	0.22333	0.20089	0.5	6897	1386	6204	25937	3.76
1950-1959	90	0.23106	0.20713	0.5	5511	1142	4941	19733	3.58
1950-1959	91	0.24818	0.22078	0.5	4370	965	3887	14792	3.39
1950-1959	92	0.26613	0.23488	0.5	3405	800	3005	10905	3.20
1950-1959	93	0.28489	0.24937	0.5	2605	650	2280	7900	3.03
1950-1959	94	0.30442	0.26421	0.5	1956	517	1697	5619	2.87
1950-1959	95	0.32468	0.27934	0.5	1439	402	1238	3922	2.73
1950-1959	96	0.34562	0.29470	0.5	1037	306	884	2684	2.59
1950-1959	97	0.36718	0.31023	0.5	731	227	618	1800	2.46
1950-1959	98	0.38928	0.32586	0.5	504	164	422	1182	2.34
1950-1959	99	0.41185	0.34152	0.5	340	116	282	759	2.23
1950-1959	100	0.43479	0.35715	0.5	224	80	184	477	2.13
1950-1959	101	0.45802	0.37267	0.5	144	54	117	293	2.04
1950-1959	102	0.48143	0.38802	0.5	90	35	73	176	1.95
1950-1959	103	0.50492	0.40314	0.5	55	22	44	103	1.87
1950-1959	104	0.52839	0.41796	0.5	33	14	26	59	1.80
1950-1959	105	0.55173	0.43244	0.5	19	8	15	33	1.73
1950-1959	106	0.57485	0.44651	0.5	11	5	8	18	1.67
1950-1959	107	0.59765	0.46015	0.5	6	3	5	10	1.62
1950-1959	108	0.62003	0.47330	0.5	3	2	2	5	1.57
1950-1959	109	0.64191	0.48594	0.5	2	1	1	3	1.53
1950-1959	110+	0.66322	1.00000	1.51	1	1	1	1	1.51
1960-1969	0	0.02847	0.02778	0.12	100000	2778	97559	6732113	67.32
1960-1969	1	0.00215	0.00214	0.5	97222	208	97118	6634554	68.24
1960-1969	2	0.00132	0.00131	0.5	97014	128	96950	6537436	67.39
1960-1969	3	0.00102	0.00102	0.5	96886	99	96837	6440486	66.47
1960-1969	4	0.00077	0.00077	0.5	96788	75	96750	6343649	65.54
1960-1969	5	0.00066	0.00066	0.5	96713	64	96681	6246899	64.59
1960-1969	6	0.00057	0.00057	0.5	96649	55	96621	6150218	63.63
1960-1969	7	0.00054	0.00054	0.5	96593	52	96567	6053597	62.67
1960-1969	8	0.00048	0.00048	0.5	96541	46	96518	5957030	61.70
1960-1969	9	0.00049	0.00049	0.5	96495	47	96472	5860512	60.73
1960-1969	10	0.00047	0.00047	0.5	96448	45	96425	5764040	59.76
1960-1969	11	0.00046	0.00046	0.5	96403	44	96381	5667615	58.79
1960-1969	12	0.00056	0.00056	0.5	96359	54	96332	5571234	57.82
1960-1969	13	0.00064	0.00064	0.5	96305	62	96274	5474902	56.85
1960-1969	14	0.00087	0.00087	0.5	96243	84	96201	5378629	55.89
1960-1969	15	0.00108	0.00108	0.5	96159	104	96107	5282427	54.93
1960-1969	16	0.00149	0.00149	0.5	96056	143	95984	5186320	53.99
1960-1969	17	0.00173	0.00173	0.5	95912	166	95829	5090336	53.07
1960-1969	18	0.00212	0.00211	0.5	95747	202	95645	4994507	52.16
1960-1969	19	0.00217	0.00217	0.5	95544	207	95440	4898861	51.27
1960-1969	20	0.00233	0.00233	0.5	95337	222	95226	4803421	50.38
1960-1969	21	0.00243	0.00242	0.5	95115	230	95000	4708195	49.50
1960-1969	22	0.00245	0.00245	0.5	94885	232	94768	4613195	48.62
1960-1969	23	0.00237	0.00237	0.5	94652	224	94540	4518427	47.74
1960-1969	24	0.00212	0.00212	0.5	94428	200	94328	4423887	46.85
1960-1969	25	0.00227	0.00226	0.5	94228	213	94122	4329558	45.95
1960-1969	26	0.00217	0.00217	0.5	94015	204	93913	4235437	45.05
1960-1969	27	0.00211	0.00210	0.5	93811	197	93712	4141524	44.15
1960-1969	28	0.00218	0.00218	0.5	93614	204	93511	4047812	43.24
1960-1969	29	0.00214	0.00213	0.5	93409	199	93310	3954300	42.33
1960-1969	30	0.00220	0.00220	0.5	93210	205	93108	3860990	41.42
1960-1969	31	0.00219	0.00219	0.5	93005	204	92903	3767883	40.51
1960-1969	32	0.00230	0.00229	0.5	92802	213	92695	3674979	39.60
1960-1969	33	0.00252	0.00252	0.5	92589	233	92472	3582284	38.69
1960-1969	34	0.00250	0.00250	0.5	92356	231	92240	3489812	37.79
1960-1969	35	0.00258	0.00258	0.5	92125	238	92006	3397572	36.88
1960-1969	36	0.00293	0.00293	0.5	91888	269	91753	3305565	35.97
1960-1969	37	0.00307	0.00307	0.5	91619	281	91478	3213812	35.08
1960-1969	38	0.00339	0.00338	0.5	91338	309	91183	3122334	34.18
1960-1969	39	0.00352	0.00352	0.5	91029	320	90869	3031150	33.30
1960-1969	40	0.00384	0.00383	0.5	90709	347	90535	2940282	32.41
1960-1969	41	0.00403	0.00402	0.5	90361	363	90180	2849747	31.54
1960-1969	42	0.00464	0.00463	0.5	89998	416	89790	2759567	30.66
1960-1969	43	0.00492	0.00491	0.5	89581	440	89361	2669777	29.80
1960-1969	44	0.00556	0.00555	0.5	89142	495	88894	2580416	28.95
1960-1969	45	0.00560	0.00559	0.5	88647	495	88399	2491522	28.11
1960-1969	46	0.00611	0.00609	0.5	88152	537	87884	2403122	27.26
1960-1969	47	0.00737	0.00735	0.5	87615	644	87293	2315239	26.43
1960-1969	48	0.00767	0.00764	0.5	86971	665	86639	2227945	25.62
1960-1969	49	0.00847	0.00844	0.5	86307	728	85943	2141306	24.81
1960-1969	50	0.00930	0.00926	0.5	85579	792	85182	2055364	24.02
1960-1969	51	0.01020	0.01015	0.5	84786	861	84356	1970181	23.24
1960-1969	52	0.01106	0.01099	0.5	83926	923	83464	1885825	22.47
1960-1969	53	0.01210	0.01202	0.5	83003	998	82504	1802361	21.71
1960-1969	54	0.01311	0.01302	0.5	82005	1068	81471	1719857	20.97
1960-1969	55	0.01425	0.01415	0.5	80937	1145	80365	1638386	20.24
1960-1969	56	0.01544	0.01533	0.5	79792	1223	79181	1558021	19.53
1960-1969	57	0.01654	0.01641	0.5	78569	1289	77925	1478841	18.82
1960-1969	58	0.01784	0.01768	0.5	77280	1366	76597	1400916	18.13
1960-1969	59	0.01996	0.01976	0.5	75914	1500	75164	1324319	17.45
1960-1969	60	0.02184	0.02160	0.5	74414	1608	73610	1249155	16.79
1960-1969	61	0.02291	0.02265	0.5	72806	1649	71982	1175545	16.15
1960-1969	62	0.02490	0.02460	0.5	71157	1750	70282	1103563	15.51
1960-1969	63	0.02696	0.02660	0.5	69407	1846	68484	1033281	14.89
1960-1969	64	0.02910	0.02869	0.5	67561	1938	66592	964797	14.28
1960-1969	65	0.03194	0.03144	0.5	65623	2063	64592	898204	13.69
1960-1969	66	0.03362	0.03306	0.5	63560	2101	62510	833613	13.12
1960-1969	67	0.03621	0.03557	0.5	61459	2186	60366	771103	12.55
1960-1969	68	0.03967	0.03890	0.5	59273	2306	58120	710737	11.99
1960-1969	69	0.04236	0.04148	0.5	56967	2363	55786	652618	11.46
1960-1969	70	0.04645	0.04539	0.5	54604	2479	53365	596832	10.93
1960-1969	71	0.04948	0.04828	0.5	52125	2517	50867	543467	10.43
1960-1969	72	0.05397	0.05255	0.5	49609	2607	48305	492600	9.93
1960-1969	73	0.05645	0.05490	0.5	47002	2580	45712	444295	9.45
1960-1969	74	0.06325	0.06131	0.5	44422	2724	43060	398583	8.97
1960-1969	75	0.06768	0.06546	0.5	41698	2730	40333	355524	8.53
1960-1969	76	0.07120	0.06876	0.5	38968	2679	37629	315190	8.09
1960-1969	77	0.07821	0.07527	0.5	36289	2731	34923	277562	7.65
1960-1969	78	0.08233	0.07907	0.5	33558	2654	32231	242638	7.23
1960-1969	79	0.09013	0.08625	0.5	30904	2665	29571	210408	6.81
1960-1969	80	0.10276	0.09774	0.5	28239	2760	26859	180836	6.40
1960-1969	81	0.10702	0.10159	0.5	25479	2588	24185	153978	6.04
1960-1969	82	0.12176	0.11477	0.5	22890	2627	21577	129793	5.67
1960-1969	83	0.13356	0.12520	0.5	20263	2537	18995	108216	5.34
1960-1969	84	0.14281	0.13329	0.5	17726	2363	16545	89221	5.03
1960-1969	85	0.15478	0.14366	0.5	15363	2207	14260	72677	4.73
1960-1969	86	0.16960	0.15634	0.5	13156	2057	12128	58417	4.44
1960-1969	87	0.19034	0.17380	0.5	11099	1929	10135	46289	4.17
1960-1969	88	0.20229	0.18371	0.5	9170	1685	8328	36154	3.94
1960-1969	89	0.22243	0.20017	0.5	7486	1498	6736	27826	3.72
1960-1969	90	0.23375	0.20929	0.5	5987	1253	5361	21090	3.52
1960-1969	91	0.25196	0.22377	0.5	4734	1059	4205	15729	3.32
1960-1969	92	0.27108	0.23873	0.5	3675	877	3236	11524	3.14
1960-1969	93	0.29109	0.25411	0.5	2798	711	2442	8288	2.96
1960-1969	94	0.31195	0.26986	0.5	2087	563	1805	5846	2.80
1960-1969	95	0.33360	0.28591	0.5	1524	436	1306	4041	2.65
1960-1969	96	0.35597	0.30219	0.5	1088	329	924	2735	2.51
1960-1969	97	0.37900	0.31862	0.5	759	242	638	1812	2.39
1960-1969	98	0.40257	0.33512	0.5	517	173	431	1173	2.27
1960-1969	99	0.42661	0.35161	0.5	344	121	283	743	2.16
1960-1969	100	0.45100	0.36801	0.5	223	82	182	459	2.06
1960-1969	101	0.47563	0.38425	0.5	141	54	114	277	1.97
1960-1969	102	0.50038	0.40024	0.5	87	35	69	163	1.88
1960-1969	103	0.52512	0.41592	0.5	52	22	41	94	1.80
1960-1969	104	0.54974	0.43122	0.5	30	13	24	53	1.73
1960-1969	105	0.57413	0.44607	0.5	17	8	13	29	1.67
1960-1969	106	0.59815	0.46044	0.5	10	4	7	15	1.61
1960-1969	107	0.62171	0.47428	0.5	5	2	4	8	1.56
1960-1969	108	0.64472	0.48755	0.5	3	1	2	4	1.51
1960-1969	109	0.66707	0.50023	0.5	1	1	1	2	1.48
1960-1969	110+	0.68870	1.00000	1.45	1	1	1	1	1.45
1970-1979	0	0.01739	0.01712	0.09	100000	1712	98445	6927427	69.27
1970-1979	1	0.00148	0.00148	0.5	98288	145	98216	6828982	69.48
1970-1979	2	0.00099	0.00099	0.5	98143	97	98095	6730766	68.58
1970-1979	3	0.00083	0.00083	0.5	98046	81	98005	6632671	67.65
1970-1979	4	0.00059	0.00059	0.5	97965	58	97936	6534666	66.70
1970-1979	5	0.00055	0.00055	0.5	97907	54	97880	6436730	65.74
1970-1979	6	0.00051	0.00051	0.5	97853	50	97828	6338850	64.78
1970-1979	7	0.00048	0.00048	0.5	97803	47	97780	6241022	63.81
1970-1979	8	0.00042	0.00042	0.5	97757	41	97736	6143242	62.84
1970-1979	9	0.00041	0.00041	0.5	97716	40	97696	6045506	61.87
1970-1979	10	0.00045	0.00045	0.5	97675	44	97653	5947810	60.89
1970-1979	11	0.00044	0.00044	0.5	97632	43	97610	5850157	59.92
1970-1979	12	0.00049	0.00049	0.5	97589	48	97565	5752547	58.95
1970-1979	13	0.00062	0.00062	0.5	97541	60	97511	5654982	57.98
1970-1979	14	0.00075	0.00075	0.5	97481	73	97444	5557471	57.01
1970-1979	15	0.00106	0.00106	0.5	97408	104	97356	5460027	56.05
1970-1979	16	0.00152	0.00152	0.5	97304	148	97230	5362671	55.11
1970-1979	17	0.00192	0.00192	0.5	97156	186	97063	5265441	54.20
1970-1979	18	0.00222	0.00222	0.5	96970	215	96862	5168378	53.30
1970-1979	19	0.00243	0.00243	0.5	96754	235	96637	5071516	52.42
1970-1979	20	0.00241	0.00241	0.5	96519	233	96403	4974880	51.54
1970-1979	21	0.00236	0.00236	0.5	96286	227	96173	4878477	50.67
1970-1979	22	0.00252	0.00251	0.5	96059	242	95938	4782304	49.79
1970-1979	23	0.00242	0.00242	0.5	95817	232	95702	4686366	48.91
1970-1979	24	0.00234	0.00234	0.5	95586	224	95474	4590665	48.03
1970-1979	25	0.00226	0.00226	0.5	95362	215	95254	4495191	47.14
1970-1979	26	0.00215	0.00215	0.5	95147	204	95044	4399937	46.24
1970-1979	27	0.00214	0.00214	0.5	94942	203	94841	4304892	45.34
1970-1979	28	0.00213	0.00212	0.5	94739	201	94638	4210052	44.44
1970-1979	29	0.00214	0.00214	0.5	94538	202	94436	4115413	43.53
1970-1979	30	0.00219	0.00218	0.5	94335	206	94232	4020977	42.62
1970-1979	31	0.00221	0.00221	0.5	94129	208	94025	3926745	41.72
1970-1979	32	0.00202	0.00202	0.5	93921	189	93827	3832719	40.81
1970-1979	33	0.00243	0.00242	0.5	93732	227	93618	3738893	39.89
1970-1979	34	0.00235	0.00235	0.5	93505	220	93395	3645275	38.98
1970-1979	35	0.00268	0.00267	0.5	93285	249	93160	3551880	38.08
1970-1979	36	0.00283	0.00283	0.5	93035	263	92904	3458720	37.18
1970-1979	37	0.00278	0.00278	0.5	92772	258	92643	3365816	36.28
1970-1979	38	0.00303	0.00302	0.5	92514	279	92375	3273172	35.38
1970-1979	39	0.00321	0.00320	0.5	92235	295	92087	3180798	34.49
1970-1979	40	0.00339	0.00339	0.5	91940	311	91784	3088710	33.59
1970-1979	41	0.00371	0.00370	0.5	91628	339	91459	2996926	32.71
1970-1979	42	0.00415	0.00414	0.5	91289	378	91100	2905468	31.83
1970-1979	43	0.00421	0.00420	0.5	90911	381	90720	2814368	30.96
1970-1979	44	0.00470	0.00469	0.5	90530	424	90317	2723647	30.09
1970-1979	45	0.00506	0.00504	0.5	90105	454	89878	2633330	29.23
1970-1979	46	0.00566	0.00565	0.5	89651	506	89398	2543452	28.37
1970-1979	47	0.00593	0.00592	0.5	89145	527	88881	2454054	27.53
1970-1979	48	0.00672	0.00670	0.5	88617	594	88321	2365173	26.69
1970-1979	49	0.00733	0.00731	0.5	88024	643	87702	2276853	25.87
1970-1979	50	0.00783	0.00779	0.5	87381	681	87040	2189150	25.05
1970-1979	51	0.00889	0.00885	0.5	86699	767	86316	2102110	24.25
1970-1979	52	0.00936	0.00932	0.5	85932	800	85532	2015794	23.46
1970-1979	53	0.00992	0.00987	0.5	85132	841	84712	1930262	22.67
1970-1979	54	0.01137	0.01131	0.5	84291	953	83815	1845551	21.89
1970-1979	55	0.01253	0.01245	0.5	83338	1038	82819	1761736	21.14
1970-1979	56	0.01313	0.01304	0.5	82300	1073	81764	1678917	20.40
1970-1979	57	0.01448	0.01438	0.5	81227	1168	80643	1597153	19.66
1970-1979	58	0.01610	0.01598	0.5	80059	1279	79420	1516510	18.94
1970-1979	59	0.01690	0.01675	0.5	78780	1320	78120	1437090	18.24
1970-1979	60	0.01892	0.01874	0.5	77460	1452	76735	1358969	17.54
1970-1979	61	0.02053	0.02032	0.5	76009	1544	75237	1282235	16.87
1970-1979	62	0.02269	0.02243	0.5	74464	1670	73629	1206998	16.21
1970-1979	63	0.02476	0.02446	0.5	72794	1780	71904	1133369	15.57
1970-1979	64	0.02620	0.02586	0.5	71014	1836	70095	1061466	14.95
1970-1979	65	0.02831	0.02791	0.5	69177	1931	68212	991370	14.33
1970-1979	66	0.03051	0.03006	0.5	67246	2021	66236	923158	13.73
1970-1979	67	0.03371	0.03315	0.5	65225	2162	64144	856923	13.14
1970-1979	68	0.03487	0.03427	0.5	63063	2161	61982	792779	12.57
1970-1979	69	0.03916	0.03841	0.5	60902	2339	59732	730797	12.00
1970-1979	70	0.04196	0.04110	0.5	58562	2407	57359	671065	11.46
1970-1979	71	0.04550	0.04449	0.5	56156	2498	54906	613706	10.93
1970-1979	72	0.04890	0.04774	0.5	53657	2561	52377	558799	10.41
1970-1979	73	0.05239	0.05106	0.5	51096	2609	49791	506423	9.91
1970-1979	74	0.05731	0.05572	0.5	48487	2702	47136	456631	9.42
1970-1979	75	0.06461	0.06259	0.5	45786	2866	44353	409495	8.94
1970-1979	76	0.06775	0.06553	0.5	42920	2812	41514	365142	8.51
1970-1979	77	0.07427	0.07161	0.5	40107	2872	38671	323629	8.07
1970-1979	78	0.08221	0.07896	0.5	37235	2940	35765	284957	7.65
1970-1979	79	0.08546	0.08196	0.5	34295	2811	32890	249192	7.27
1970-1979	80	0.09292	0.08879	0.5	31485	2796	30087	216302	6.87
1970-1979	81	0.10002	0.09526	0.5	28689	2733	27322	186215	6.49
1970-1979	82	0.10934	0.10367	0.5	25956	2691	24611	158893	6.12
1970-1979	83	0.11996	0.11317	0.5	23265	2633	21949	134282	5.77
1970-1979	84	0.12991	0.12199	0.5	20632	2517	19374	112334	5.44
1970-1979	85	0.14038	0.13117	0.5	18115	2376	16927	92960	5.13
1970-1979	86	0.15428	0.14323	0.5	15739	2254	14612	76033	4.83
1970-1979	87	0.16806	0.15503	0.5	13485	2091	12439	61421	4.55
1970-1979	88	0.18014	0.16526	0.5	11394	1883	10453	48981	4.30
1970-1979	89	0.19564	0.17821	0.5	9511	1695	8664	38529	4.05
1970-1979	90	0.21122	0.19104	0.5	7816	1493	7070	29865	3.82
1970-1979	91	0.22780	0.20451	0.5	6323	1293	5676	22795	3.61
1970-1979	92	0.24528	0.21848	0.5	5030	1099	4480	17119	3.40
1970-1979	93	0.26364	0.23293	0.5	3931	916	3473	12638	3.22
1970-1979	94	0.28286	0.24781	0.5	3015	747	2642	9165	3.04
1970-1979	95	0.30290	0.26306	0.5	2268	597	1970	6523	2.88
1970-1979	96	0.32373	0.27863	0.5	1671	466	1439	4554	2.72
1970-1979	97	0.34527	0.29444	0.5	1206	355	1028	3115	2.58
1970-1979	98	0.36747	0.31044	0.5	851	264	719	2087	2.45
1970-1979	99	0.39025	0.32654	0.5	587	192	491	1368	2.33
1970-1979	100	0.41352	0.34267	0.5	395	135	327	877	2.22
1970-1979	101	0.43718	0.35876	0.5	260	93	213	550	2.12
1970-1979	102	0.46113	0.37473	0.5	167	62	135	337	2.02
1970-1979	103	0.48526	0.39051	0.5	104	41	84	202	1.94
1970-1979	104	0.50946	0.40603	0.5	63	26	51	118	1.86
1970-1979	105	0.53361	0.42123	0.5	38	16	30	67	1.78
1970-1979	106	0.55761	0.43604	0.5	22	10	17	37	1.72
1970-1979	107	0.58134	0.45042	0.5	12	6	10	20	1.66
1970-1979	108	0.60470	0.46431	0.5	7	3	5	11	1.61
1970-1979	109	0.62759	0.47769	0.5	4	2	3	6	1.56
1970-1979	110+	0.64993	1.00000	1.54	2	2	3	3	1.54
1980-1989	0	0.01118	0.01107	0.08	100000	1107	98976	7219071	72.19
1980-1989	1	0.00105	0.00105	0.5	98893	104	98841	7120095	72.00
1980-1989	2	0.00075	0.00075	0.5	98789	74	98752	7021253	71.07
1980-1989	3	0.00050	0.00050	0.5	98715	50	98690	6922501	70.13
1980-1989	4	0.00041	0.00041	0.5	98665	41	98645	6823811	69.16
1980-1989	5	0.00037	0.00037	0.5	98624	37	98606	6725167	68.19
1980-1989	6	0.00033	0.00033	0.5	98588	33	98571	6626561	67.21
1980-1989	7	0.00027	0.00027	0.5	98555	27	98541	6527990	66.24
1980-1989	8	0.00032	0.00032	0.5	98528	32	98512	6429448	65.26
1980-1989	9	0.00029	0.00029	0.5	98496	28	98482	6330936	64.28
1980-1989	10	0.00030	0.00030	0.5	98468	30	98453	6232455	63.29
1980-1989	11	0.00033	0.00033	0.5	98438	33	98421	6134002	62.31
1980-1989	12	0.00035	0.00035	0.5	98405	35	98388	6035581	61.33
1980-1989	13	0.00046	0.00046	0.5	98370	45	98348	5937193	60.36
1980-1989	14	0.00059	0.00059	0.5	98325	58	98296	5838845	59.38
1980-1989	15	0.00080	0.00080	0.5	98267	78	98228	5740549	58.42
1980-1989	16	0.00116	0.00115	0.5	98189	113	98132	5642321	57.46
1980-1989	17	0.00140	0.00140	0.5	98075	137	98007	5544189	56.53
1980-1989	18	0.00182	0.00182	0.5	97938	178	97849	5446182	55.61
1980-1989	19	0.00187	0.00187	0.5	97760	182	97669	5348333	54.71
1980-1989	20	0.00184	0.00184	0.5	97578	180	97488	5250664	53.81
1980-1989	21	0.00198	0.00198	0.5	97398	193	97302	5153175	52.91
1980-1989	22	0.00202	0.00202	0.5	97205	196	97107	5055874	52.01
1980-1989	23	0.00197	0.00197	0.5	97009	191	96914	4958766	51.12
1980-1989	24	0.00192	0.00192	0.5	96818	186	96725	4861853	50.22
1980-1989	25	0.00184	0.00183	0.5	96632	177	96544	4765128	49.31
1980-1989	26	0.00179	0.00179	0.5	96455	173	96369	4668584	48.40
1980-1989	27	0.00181	0.00181	0.5	96282	174	96195	4572215	47.49
1980-1989	28	0.00191	0.00191	0.5	96108	184	96016	4476020	46.57
1980-1989	29	0.00179	0.00179	0.5	95924	171	95838	4380005	45.66
1980-1989	30	0.00174	0.00174	0.5	95753	166	95670	4284166	44.74
1980-1989	31	0.00192	0.00191	0.5	95587	183	95495	4188497	43.82
1980-1989	32	0.00196	0.00196	0.5	95404	187	95310	4093001	42.90
1980-1989	33	0.00201	0.00201	0.5	95217	191	95121	3997691	41.99
1980-1989	34	0.00201	0.00201	0.5	95026	191	94930	3902570	41.07
1980-1989	35	0.00207	0.00207	0.5	94835	196	94736	3807640	40.15
1980-1989	36	0.00222	0.00222	0.5	94638	210	94533	3712904	39.23
1980-1989	37	0.00220	0.00220	0.5	94428	208	94324	3618371	38.32
1980-1989	38	0.00248	0.00248	0.5	94220	233	94104	3524046	37.40
1980-1989	39	0.00242	0.00241	0.5	93987	227	93873	3429943	36.49
1980-1989	40	0.00263	0.00263	0.5	93760	246	93637	3336070	35.58
1980-1989	41	0.00286	0.00286	0.5	93514	267	93380	3242433	34.67
1980-1989	42	0.00298	0.00297	0.5	93246	277	93108	3149053	33.77
1980-1989	43	0.00316	0.00315	0.5	92969	293	92823	3055945	32.87
1980-1989	44	0.00328	0.00327	0.5	92676	303	92525	2963122	31.97
1980-1989	45	0.00394	0.00393	0.5	92373	363	92191	2870598	31.08
1980-1989	46	0.00423	0.00422	0.5	92010	388	91816	2778406	30.20
1980-1989	47	0.00455	0.00454	0.5	91621	416	91413	2686591	29.32
1980-1989	48	0.00505	0.00503	0.5	91205	459	90976	2595177	28.45
1980-1989	49	0.00520	0.00519	0.5	90746	471	90511	2504202	27.60
1980-1989	50	0.00563	0.00562	0.5	90275	507	90022	2413691	26.74
1980-1989	51	0.00667	0.00664	0.5	89768	596	89470	2323669	25.89
1980-1989	52	0.00751	0.00748	0.5	89172	667	88838	2234199	25.05
1980-1989	53	0.00764	0.00761	0.5	88504	673	88168	2145361	24.24
1980-1989	54	0.00851	0.00847	0.5	87831	744	87459	2057193	23.42
1980-1989	55	0.00979	0.00974	0.5	87087	848	86663	1969734	22.62
1980-1989	56	0.01039	0.01033	0.5	86239	891	85794	1883071	21.84
1980-1989	57	0.01131	0.01125	0.5	85348	960	84868	1797277	21.06
1980-1989	58	0.01297	0.01289	0.5	84388	1088	83844	1712409	20.29
1980-1989	59	0.01382	0.01372	0.5	83300	1143	82729	1628565	19.55
1980-1989	60	0.01467	0.01456	0.5	82157	1196	81559	1545836	18.82
1980-1989	61	0.01612	0.01599	0.5	80961	1294	80314	1464277	18.09
1980-1989	62	0.01814	0.01798	0.5	79667	1432	78951	1383964	17.37
1980-1989	63	0.01953	0.01934	0.5	78235	1513	77478	1305013	16.68
1980-1989	64	0.02043	0.02023	0.5	76721	1552	75945	1227535	16.00
1980-1989	65	0.02306	0.02280	0.5	75169	1714	74313	1151590	15.32
1980-1989	66	0.02487	0.02456	0.5	73456	1804	72554	1077277	14.67
1980-1989	67	0.02694	0.02659	0.5	71651	1905	70699	1004723	14.02
1980-1989	68	0.03013	0.02968	0.5	69747	2070	68711	934024	13.39
1980-1989	69	0.03218	0.03167	0.5	67676	2143	66605	865313	12.79
1980-1989	70	0.03548	0.03486	0.5	65533	2285	64391	798708	12.19
1980-1989	71	0.03902	0.03827	0.5	63249	2421	62038	734317	11.61
1980-1989	72	0.04262	0.04173	0.5	60828	2538	59559	672279	11.05
1980-1989	73	0.04697	0.04589	0.5	58290	2675	56952	612720	10.51
1980-1989	74	0.04977	0.04856	0.5	55615	2701	54264	555768	9.99
1980-1989	75	0.05410	0.05267	0.5	52914	2787	51520	501504	9.48
1980-1989	76	0.06011	0.05836	0.5	50127	2925	48664	449984	8.98
1980-1989	77	0.06574	0.06364	0.5	47201	3004	45699	401319	8.50
1980-1989	78	0.07200	0.06950	0.5	44197	3072	42661	355620	8.05
1980-1989	79	0.07789	0.07497	0.5	41126	3083	39584	312959	7.61
1980-1989	80	0.08436	0.08095	0.5	38042	3080	36503	273375	7.19
1980-1989	81	0.09276	0.08864	0.5	34963	3099	33413	236872	6.77
1980-1989	82	0.10124	0.09636	0.5	31864	3070	30328	203459	6.39
1980-1989	83	0.11056	0.10477	0.5	28793	3017	27285	173130	6.01
1980-1989	84	0.12097	0.11407	0.5	25776	2940	24306	145846	5.66
1980-1989	85	0.13145	0.12335	0.5	22836	2817	21428	121539	5.32
1980-1989	86	0.14212	0.13269	0.5	20019	2656	18691	100112	5.00
1980-1989	87	0.15786	0.14632	0.5	17363	2540	16093	81421	4.69
1980-1989	88	0.16977	0.15648	0.5	14822	2319	13663	65328	4.41
1980-1989	89	0.19025	0.17372	0.5	12503	2172	11417	51665	4.13
1980-1989	90	0.20536	0.18623	0.5	10331	1924	9369	40249	3.90
1980-1989	91	0.22002	0.19821	0.5	8407	1666	7574	30880	3.67
1980-1989	92	0.23807	0.21274	0.5	6741	1434	6024	23306	3.46
1980-1989	93	0.25710	0.22782	0.5	5307	1209	4702	17282	3.26
1980-1989	94	0.27711	0.24339	0.5	4098	997	3599	12580	3.07
1980-1989	95	0.29805	0.25939	0.5	3100	804	2698	8981	2.90
1980-1989	96	0.31987	0.27576	0.5	2296	633	1980	6283	2.74
1980-1989	97	0.34251	0.29243	0.5	1663	486	1420	4304	2.59
1980-1989	98	0.36589	0.30930	0.5	1177	364	995	2884	2.45
1980-1989	99	0.38991	0.32630	0.5	813	265	680	1889	2.32
1980-1989	100	0.41449	0.34333	0.5	548	188	454	1209	2.21
1980-1989	101	0.43950	0.36032	0.5	360	130	295	755	2.10
1980-1989	102	0.46482	0.37716	0.5	230	87	187	461	2.00
1980-1989	103	0.49032	0.39378	0.5	143	56	115	274	1.91
1980-1989	104	0.51587	0.41009	0.5	87	36	69	159	1.83
1980-1989	105	0.54134	0.42603	0.5	51	22	40	90	1.76
1980-1989	106	0.56659	0.44151	0.5	29	13	23	50	1.69
1980-1989	107	0.59151	0.45650	0.5	16	7	13	27	1.63
1980-1989	108	0.61596	0.47092	0.5	9	4	7	14	1.58
1980-1989	109	0.63984	0.48476	0.5	5	2	4	7	1.53
1980-1989	110+	0.66305	1.00000	1.51	2	2	4	4	1.51
1990-1999	0	0.00829	0.00822	0.07	100000	822	99233	7388188	73.88
1990-1999	1	0.00072	0.00072	0.5	99178	72	99142	7288955	73.49
1990-1999	2	0.00056	0.00056	0.5	99106	55	99078	7189813	72.55
1990-1999	3	0.00036	0.00036	0.5	99051	36	99033	7090735	71.59
1990-1999	4	0.00031	0.00031	0.5	99015	31	98999	6991702	70.61
1990-1999	5	0.00026	0.00026	0.5	98984	26	98971	6892703	69.63
1990-1999	6	0.00021	0.00021	0.5	98958	21	98947	6793732	68.65
1990-1999	7	0.00023	0.00023	0.5	98937	23	98926	6694784	67.67
1990-1999	8	0.00023	0.00023	0.5	98914	22	98903	6595859	66.68
1990-1999	9	0.00021	0.00021	0.5	98892	21	98881	6496956	65.70
1990-1999	10	0.00021	0.00021	0.5	98871	21	98861	6398074	64.71
1990-1999	11	0.00026	0.00026	0.5	98850	26	98837	6299214	63.72
1990-1999	12	0.00029	0.00029	0.5	98824	29	98810	6200377	62.74
1990-1999	13	0.00038	0.00038	0.5	98796	37	98777	6101567	61.76
1990-1999	14	0.00052	0.00052	0.5	98758	51	98733	6002790	60.78
1990-1999	15	0.00075	0.00075	0.5	98707	74	98670	5904057	59.81
1990-1999	16	0.00107	0.00107	0.5	98633	106	98580	5805387	58.86
1990-1999	17	0.00127	0.00127	0.5	98527	126	98464	5706807	57.92
1990-1999	18	0.00157	0.00157	0.5	98402	155	98324	5608343	56.99
1990-1999	19	0.00164	0.00164	0.5	98247	161	98166	5510018	56.08
1990-1999	20	0.00164	0.00164	0.5	98086	161	98005	5411852	55.17
1990-1999	21	0.00169	0.00169	0.5	97925	165	97843	5313847	54.26
1990-1999	22	0.00162	0.00162	0.5	97760	158	97681	5216004	53.36
1990-1999	23	0.00157	0.00157	0.5	97602	153	97525	5118323	52.44
1990-1999	24	0.00155	0.00155	0.5	97449	151	97373	5020798	51.52
1990-1999	25	0.00156	0.00156	0.5	97298	152	97222	4923425	50.60
1990-1999	26	0.00152	0.00152	0.5	97146	148	97072	4826203	49.68
1990-1999	27	0.00158	0.00157	0.5	96998	153	96922	4729131	48.75
1990-1999	28	0.00170	0.00170	0.5	96845	165	96763	4632210	47.83
1990-1999	29	0.00177	0.00177	0.5	96680	171	96595	4535447	46.91
1990-1999	30	0.00169	0.00169	0.5	96509	163	96427	4438852	45.99
1990-1999	31	0.00190	0.00190	0.5	96346	183	96254	4342425	45.07
1990-1999	32	0.00205	0.00205	0.5	96163	197	96064	4246170	44.16
1990-1999	33	0.00209	0.00209	0.5	95966	200	95866	4150106	43.25
1990-1999	34	0.00213	0.00213	0.5	95766	204	95663	4054240	42.34
1990-1999	35	0.00217	0.00217	0.5	95561	207	95458	3958577	41.42
1990-1999	36	0.00230	0.00230	0.5	95354	219	95244	3863119	40.51
1990-1999	37	0.00249	0.00249	0.5	95135	237	95016	3767875	39.61
1990-1999	38	0.00266	0.00265	0.5	94898	252	94772	3672858	38.70
1990-1999	39	0.00255	0.00255	0.5	94646	241	94525	3578087	37.80
1990-1999	40	0.00274	0.00274	0.5	94405	258	94275	3483561	36.90
1990-1999	41	0.00302	0.00301	0.5	94146	284	94004	3389286	36.00
1990-1999	42	0.00315	0.00315	0.5	93863	295	93715	3295281	35.11
1990-1999	43	0.00340	0.00339	0.5	93567	317	93409	3201567	34.22
1990-1999	44	0.00344	0.00343	0.5	93250	320	93090	3108158	33.33
1990-1999	45	0.00367	0.00366	0.5	92930	340	92760	3015068	32.44
1990-1999	46	0.00388	0.00388	0.5	92590	359	92410	2922308	31.56
1990-1999	47	0.00419	0.00418	0.5	92231	386	92038	2829898	30.68
1990-1999	48	0.00457	0.00456	0.5	91845	418	91636	2737860	29.81
1990-1999	49	0.00465	0.00464	0.5	91427	424	91215	2646224	28.94
1990-1999	50	0.00504	0.00503	0.5	91003	458	90774	2555009	28.08
1990-1999	51	0.00562	0.00560	0.5	90545	507	90292	2464235	27.22
1990-1999	52	0.00595	0.00593	0.5	90038	534	89771	2373943	26.37
1990-1999	53	0.00683	0.00680	0.5	89504	609	89199	2284172	25.52
1990-1999	54	0.00717	0.00715	0.5	88895	635	88577	2194972	24.69
1990-1999	55	0.00767	0.00764	0.5	88260	674	87923	2106395	23.87
1990-1999	56	0.00859	0.00855	0.5	87586	749	87211	2018473	23.05
1990-1999	57	0.00937	0.00933	0.5	86836	810	86431	1931262	22.24
1990-1999	58	0.01084	0.01078	0.5	86026	927	85563	1844830	21.44
1990-1999	59	0.01107	0.01101	0.5	85099	937	84630	1759268	20.67
1990-1999	60	0.01260	0.01252	0.5	84162	1054	83635	1674637	19.90
1990-1999	61	0.01420	0.01410	0.5	83108	1172	82522	1591002	19.14
1990-1999	62	0.01547	0.01535	0.5	81936	1258	81307	1508480	18.41
1990-1999	63	0.01658	0.01644	0.5	80679	1326	80015	1427173	17.69
1990-1999	64	0.01769	0.01753	0.5	79352	1391	78656	1347157	16.98
1990-1999	65	0.01922	0.01904	0.5	77961	1484	77219	1268501	16.27
1990-1999	66	0.02114	0.02092	0.5	76476	1600	75676	1191282	15.58
1990-1999	67	0.02292	0.02266	0.5	74877	1697	74028	1115606	14.90
1990-1999	68	0.02561	0.02528	0.5	73180	1850	72254	1041578	14.23
1990-1999	69	0.02762	0.02724	0.5	71329	1943	70358	969323	13.59
1990-1999	70	0.03011	0.02966	0.5	69386	2058	68357	898966	12.96
1990-1999	71	0.03313	0.03259	0.5	67328	2194	66231	830609	12.34
1990-1999	72	0.03572	0.03509	0.5	65134	2286	63991	764378	11.74
1990-1999	73	0.03962	0.03885	0.5	62848	2442	61627	700387	11.14
1990-1999	74	0.04221	0.04134	0.5	60406	2497	59158	638760	10.57
1990-1999	75	0.04603	0.04499	0.5	57909	2605	56607	579602	10.01
1990-1999	76	0.05071	0.04946	0.5	55304	2735	53937	522995	9.46
1990-1999	77	0.05633	0.05479	0.5	52569	2880	51129	469058	8.92
1990-1999	78	0.06081	0.05901	0.5	49689	2932	48223	417930	8.41
1990-1999	79	0.06662	0.06448	0.5	46757	3015	45249	369707	7.91
1990-1999	80	0.07721	0.07434	0.5	43742	3252	42116	324458	7.42
1990-1999	81	0.08542	0.08192	0.5	40490	3317	38832	282342	6.97
1990-1999	82	0.09250	0.08841	0.5	37173	3287	35530	243510	6.55
1990-1999	83	0.10371	0.09859	0.5	33887	3341	32216	207980	6.14
1990-1999	84	0.11539	0.10909	0.5	30546	3332	28879	175764	5.75
1990-1999	85	0.12527	0.11788	0.5	27213	3208	25609	146884	5.40
1990-1999	86	0.13946	0.13037	0.5	24005	3130	22441	121275	5.05
1990-1999	87	0.15068	0.14013	0.5	20876	2925	19413	98834	4.73
1990-1999	88	0.16762	0.15466	0.5	17950	2776	16562	79421	4.42
1990-1999	89	0.17998	0.16512	0.5	15174	2506	13921	62859	4.14
1990-1999	90	0.20076	0.18244	0.5	12669	2311	11513	48937	3.86
1990-1999	91	0.22068	0.19875	0.5	10357	2059	9328	37425	3.61
1990-1999	92	0.24055	0.21472	0.5	8299	1782	7408	28096	3.39
1990-1999	93	0.26160	0.23134	0.5	6517	1508	5763	20689	3.17
1990-1999	94	0.28381	0.24854	0.5	5009	1245	4387	14926	2.98
1990-1999	95	0.30712	0.26624	0.5	3764	1002	3263	10539	2.80
1990-1999	96	0.33146	0.28434	0.5	2762	785	2369	7276	2.63
1990-1999	97	0.35673	0.30273	0.5	1977	598	1677	4906	2.48
1990-1999	98	0.38283	0.32132	0.5	1378	443	1157	3229	2.34
1990-1999	99	0.40962	0.33999	0.5	935	318	776	2072	2.22
1990-1999	100	0.43696	0.35861	0.5	617	221	507	1296	2.10
1990-1999	101	0.46468	0.37707	0.5	396	149	321	789	1.99
1990-1999	102	0.49263	0.39527	0.5	247	98	198	468	1.90
1990-1999	103	0.52062	0.41309	0.5	149	62	118	270	1.81
1990-1999	104	0.54849	0.43044	0.5	88	38	69	151	1.73
1990-1999	105	0.57605	0.44723	0.5	50	22	39	83	1.66
1990-1999	106	0.60315	0.46340	0.5	28	13	21	44	1.59
1990-1999	107	0.62963	0.47887	0.5	15	7	11	23	1.53
1990-1999	108	0.65535	0.49361	0.5	8	4	6	11	1.49
1990-1999	109	0.68019	0.50757	0.5	4	2	3	6	1.45
1990-1999	110+	0.70405	1.00000	1.42	2	2	3	3	1.42
2000-2009	0	0.00697	0.00692	0.06	100000	692	99352	7559621	75.60
2000-2009	1	0.00059	0.00059	0.5	99308	58	99278	7460270	75.12
2000-2009	2	0.00037	0.00037	0.5	99249	36	99231	7360991	74.17
2000-2009	3	0.00026	0.00026	0.5	99213	26	99200	7261760	73.19
2000-2009	4	0.00022	0.00022	0.5	99187	21	99176	7162560	72.21
2000-2009	5	0.00017	0.00017	0.5	99166	17	99157	7063383	71.23
2000-2009	6	0.00017	0.00017	0.5	99149	17	99140	6964226	70.24
2000-2009	7	0.00015	0.00015	0.5	99132	15	99124	6865086	69.25
2000-2009	8	0.00014	0.00014	0.5	99117	14	99110	6765962	68.26
2000-2009	9	0.00017	0.00017	0.5	99103	16	99095	6666852	67.27
2000-2009	10	0.00016	0.00016	0.5	99087	16	99078	6567757	66.28
2000-2009	11	0.00018	0.00018	0.5	99070	18	99061	6468679	65.29
2000-2009	12	0.00023	0.00023	0.5	99052	23	99041	6369618	64.31
2000-2009	13	0.00027	0.00027	0.5	99029	27	99016	6270577	63.32
2000-2009	14	0.00038	0.00038	0.5	99002	37	98983	6171561	62.34
2000-2009	15	0.00051	0.00051	0.5	98965	50	98939	6072578	61.36
2000-2009	16	0.00074	0.00074	0.5	98914	73	98878	5973638	60.39
2000-2009	17	0.00092	0.00092	0.5	98841	91	98796	5874760	59.44
2000-2009	18	0.00131	0.00131	0.5	98750	129	98686	5775965	58.49
2000-2009	19	0.00147	0.00147	0.5	98621	145	98548	5677279	57.57
2000-2009	20	0.00149	0.00149	0.5	98476	147	98402	5578730	56.65
2000-2009	21	0.00154	0.00154	0.5	98329	151	98254	5480328	55.73
2000-2009	22	0.00152	0.00152	0.5	98178	150	98103	5382075	54.82
2000-2009	23	0.00146	0.00145	0.5	98028	143	97957	5283971	53.90
2000-2009	24	0.00149	0.00149	0.5	97886	146	97813	5186014	52.98
2000-2009	25	0.00145	0.00145	0.5	97740	142	97669	5088201	52.06
2000-2009	26	0.00146	0.00146	0.5	97598	142	97527	4990532	51.13
2000-2009	27	0.00150	0.00150	0.5	97456	146	97383	4893005	50.21
2000-2009	28	0.00145	0.00145	0.5	97310	141	97239	4795622	49.28
2000-2009	29	0.00152	0.00152	0.5	97168	148	97095	4698383	48.35
2000-2009	30	0.00151	0.00150	0.5	97021	146	96948	4601288	47.43
2000-2009	31	0.00160	0.00160	0.5	96875	155	96797	4504341	46.50
2000-2009	32	0.00156	0.00156	0.5	96720	151	96644	4407543	45.57
2000-2009	33	0.00164	0.00164	0.5	96569	159	96490	4310899	44.64
2000-2009	34	0.00174	0.00174	0.5	96410	168	96326	4214409	43.71
2000-2009	35	0.00191	0.00191	0.5	96242	184	96150	4118083	42.79
2000-2009	36	0.00196	0.00195	0.5	96058	188	95964	4021933	41.87
2000-2009	37	0.00203	0.00203	0.5	95871	195	95773	3925968	40.95
2000-2009	38	0.00222	0.00222	0.5	95676	213	95570	3830195	40.03
2000-2009	39	0.00242	0.00242	0.5	95463	231	95348	3734625	39.12
2000-2009	40	0.00260	0.00260	0.5	95232	247	95109	3639278	38.21
2000-2009	41	0.00278	0.00277	0.5	94985	263	94853	3544169	37.31
2000-2009	42	0.00304	0.00303	0.5	94721	287	94578	3449316	36.42
2000-2009	43	0.00320	0.00319	0.5	94434	302	94283	3354738	35.52
2000-2009	44	0.00340	0.00340	0.5	94132	320	93972	3260455	34.64
2000-2009	45	0.00369	0.00368	0.5	93812	345	93640	3166483	33.75
2000-2009	46	0.00401	0.00400	0.5	93467	374	93280	3072843	32.88
2000-2009	47	0.00430	0.00429	0.5	93093	399	92893	2979563	32.01
2000-2009	48	0.00470	0.00469	0.5	92694	435	92476	2886670	31.14
2000-2009	49	0.00499	0.00498	0.5	92259	460	92029	2794193	30.29
2000-2009	50	0.00541	0.00539	0.5	91799	495	91552	2702164	29.44
2000-2009	51	0.00558	0.00557	0.5	91305	508	91050	2610612	28.59
2000-2009	52	0.00612	0.00611	0.5	90796	554	90519	2519562	27.75
2000-2009	53	0.00655	0.00652	0.5	90242	589	89947	2429043	26.92
2000-2009	54	0.00694	0.00691	0.5	89653	620	89343	2339095	26.09
2000-2009	55	0.00735	0.00733	0.5	89033	652	88707	2249753	25.27
2000-2009	56	0.00777	0.00774	0.5	88381	684	88039	2161046	24.45
2000-2009	57	0.00842	0.00838	0.5	87697	735	87329	2073007	23.64
2000-2009	58	0.00894	0.00890	0.5	86962	774	86575	1985677	22.83
2000-2009	59	0.00983	0.00978	0.5	86187	843	85766	1899103	22.03
2000-2009	60	0.01073	0.01067	0.5	85344	911	84889	1813337	21.25
2000-2009	61	0.01151	0.01144	0.5	84434	966	83951	1728448	20.47
2000-2009	62	0.01244	0.01236	0.5	83468	1032	82952	1644497	19.70
2000-2009	63	0.01342	0.01333	0.5	82436	1099	81886	1561546	18.94
2000-2009	64	0.01468	0.01457	0.5	81337	1185	80744	1479659	18.19
2000-2009	65	0.01585	0.01573	0.5	80152	1261	79521	1398915	17.45
2000-2009	66	0.01723	0.01708	0.5	78891	1348	78217	1319394	16.72
2000-2009	67	0.01837	0.01820	0.5	77543	1411	76838	1241176	16.01
2000-2009	68	0.02000	0.01980	0.5	76132	1507	75378	1164339	15.29
2000-2009	69	0.02224	0.02199	0.5	74625	1641	73804	1088961	14.59
2000-2009	70	0.02408	0.02380	0.5	72983	1737	72115	1015157	13.91
2000-2009	71	0.02575	0.02543	0.5	71247	1812	70341	943042	13.24
2000-2009	72	0.02890	0.02849	0.5	69435	1978	68446	872701	12.57
2000-2009	73	0.03208	0.03158	0.5	67457	2130	66392	804255	11.92
2000-2009	74	0.03461	0.03402	0.5	65327	2223	64216	737863	11.29
2000-2009	75	0.03852	0.03779	0.5	63104	2385	61912	673647	10.68
2000-2009	76	0.04187	0.04101	0.5	60719	2490	59474	611736	10.07
2000-2009	77	0.04625	0.04521	0.5	58229	2632	56913	552262	9.48
2000-2009	78	0.05131	0.05003	0.5	55597	2781	54206	495349	8.91
2000-2009	79	0.05654	0.05499	0.5	52815	2904	51363	441143	8.35
2000-2009	80	0.06565	0.06356	0.5	49911	3172	48325	389779	7.81
2000-2009	81	0.07367	0.07105	0.5	46739	3321	45079	341454	7.31
2000-2009	82	0.08330	0.07997	0.5	43418	3472	41682	296376	6.83
2000-2009	83	0.09268	0.08857	0.5	39946	3538	38177	254694	6.38
2000-2009	84	0.10216	0.09720	0.5	36408	3539	34639	216516	5.95
2000-2009	85	0.11443	0.10823	0.5	32869	3558	31090	181878	5.53
2000-2009	86	0.12805	0.12035	0.5	29312	3528	27548	150788	5.14
2000-2009	87	0.14278	0.13326	0.5	25784	3436	24066	123240	4.78
2000-2009	88	0.15971	0.14790	0.5	22348	3305	20695	99174	4.44
2000-2009	89	0.17830	0.16371	0.5	19043	3117	17484	78478	4.12
2000-2009	90	0.19606	0.17855	0.5	15925	2844	14504	60994	3.83
2000-2009	91	0.21945	0.19775	0.5	13082	2587	11788	46491	3.55
2000-2009	92	0.24201	0.21589	0.5	10495	2266	9362	34702	3.31
2000-2009	93	0.26611	0.23486	0.5	8229	1933	7263	25340	3.08
2000-2009	94	0.29168	0.25455	0.5	6296	1603	5495	18077	2.87
2000-2009	95	0.31863	0.27485	0.5	4694	1290	4049	12582	2.68
2000-2009	96	0.34686	0.29560	0.5	3404	1006	2901	8534	2.51
2000-2009	97	0.37622	0.31665	0.5	2398	759	2018	5633	2.35
2000-2009	98	0.40650	0.33784	0.5	1638	553	1362	3615	2.21
2000-2009	99	0.43752	0.35899	0.5	1085	389	890	2254	2.08
2000-2009	100	0.46903	0.37993	0.5	695	264	563	1363	1.96
2000-2009	101	0.50080	0.40051	0.5	431	173	345	800	1.86
2000-2009	102	0.53255	0.42056	0.5	258	109	204	455	1.76
2000-2009	103	0.56405	0.43997	0.5	150	66	117	251	1.68
2000-2009	104	0.59503	0.45859	0.5	84	38	65	134	1.60
2000-2009	105	0.62528	0.47635	0.5	45	22	35	70	1.53
2000-2009	106	0.65458	0.49317	0.5	24	12	18	35	1.47
2000-2009	107	0.68275	0.50899	0.5	12	6	9	17	1.42
2000-2009	108	0.70964	0.52379	0.5	6	3	4	8	1.38
2000-2009	109	0.73514	0.53755	0.5	3	2	2	4	1.34
2000-2009	110+	0.75915	1.00000	1.32	1	1	2	2	1.32
2010-2019	0	0.00589	0.00586	0.06	100000	586	99450	7682607	76.83
2010-2019	1	0.00051	0.00051	0.5	99414	51	99389	7583158	76.28
2010-2019	2	0.00031	0.00031	0.5	99363	31	99348	7483769	75.32
2010-2019	3	0.00022	0.00022	0.5	99333	22	99322	7384420	74.34
2010-2019	4	0.00017	0.00017	0.5	99311	17	99302	7285099	73.36
2010-2019	5	0.00016	0.00016	0.5	99293	15	99286	7185797	72.37
2010-2019	6	0.00011	0.00011	0.5	99278	11	99272	7086511	71.38
2010-2019	7	0.00013	0.00013	0.5	99267	13	99260	6987239	70.39
2010-2019	8	0.00012	0.00012	0.5	99254	12	99248	6887979	69.40
2010-2019	9	0.00013	0.00013	0.5	99242	12	99236	6788731	68.41
2010-2019	10	0.00013	0.00013	0.5	99229	13	99223	6689495	67.41
2010-2019	11	0.00013	0.00013	0.5	99216	13	99210	6590273	66.42
2010-2019	12	0.00018	0.00018	0.5	99203	17	99194	6491063	65.43
2010-2019	13	0.00023	0.00023	0.5	99186	22	99174	6391869	64.44
2010-2019	14	0.00030	0.00030	0.5	99163	30	99148	6292694	63.46
2010-2019	15	0.00043	0.00043	0.5	99133	42	99112	6193546	62.48
2010-2019	16	0.00057	0.00057	0.5	99091	56	99063	6094434	61.50
2010-2019	17	0.00073	0.00073	0.5	99035	72	98999	5995371	60.54
2010-2019	18	0.00098	0.00098	0.5	98963	97	98915	5896372	59.58
2010-2019	19	0.00110	0.00110	0.5	98866	109	98812	5797458	58.64
2010-2019	20	0.00126	0.00125	0.5	98757	124	98695	5698646	57.70
2010-2019	21	0.00132	0.00132	0.5	98633	130	98568	5599951	56.78
2010-2019	22	0.00142	0.00142	0.5	98503	140	98433	5501383	55.85
2010-2019	23	0.00141	0.00140	0.5	98363	138	98294	5402950	54.93
2010-2019	24	0.00142	0.00142	0.5	98225	140	98155	5304656	54.01
2010-2019	25	0.00148	0.00147	0.5	98085	145	98013	5206502	53.08
2010-2019	26	0.00157	0.00157	0.5	97940	154	97863	5108489	52.16
2010-2019	27	0.00161	0.00161	0.5	97787	157	97708	5010625	51.24
2010-2019	28	0.00160	0.00160	0.5	97629	156	97551	4912917	50.32
2010-2019	29	0.00167	0.00167	0.5	97473	163	97392	4815366	49.40
2010-2019	30	0.00167	0.00167	0.5	97311	162	97230	4717974	48.48
2010-2019	31	0.00179	0.00179	0.5	97149	174	97062	4620744	47.56
2010-2019	32	0.00171	0.00171	0.5	96975	166	96892	4523683	46.65
2010-2019	33	0.00182	0.00182	0.5	96809	176	96721	4426791	45.73
2010-2019	34	0.00189	0.00189	0.5	96632	183	96541	4330070	44.81
2010-2019	35	0.00192	0.00192	0.5	96449	185	96357	4233529	43.89
2010-2019	36	0.00203	0.00203	0.5	96265	195	96167	4137172	42.98
2010-2019	37	0.00201	0.00201	0.5	96069	193	95973	4041005	42.06
2010-2019	38	0.00211	0.00211	0.5	95876	202	95775	3945032	41.15
2010-2019	39	0.00227	0.00227	0.5	95674	217	95566	3849257	40.23
2010-2019	40	0.00238	0.00238	0.5	95457	227	95344	3753692	39.32
2010-2019	41	0.00250	0.00250	0.5	95230	238	95111	3658348	38.42
2010-2019	42	0.00269	0.00269	0.5	94992	255	94865	3563237	37.51
2010-2019	43	0.00279	0.00279	0.5	94737	264	94605	3468372	36.61
2010-2019	44	0.00301	0.00301	0.5	94473	284	94331	3373768	35.71
2010-2019	45	0.00323	0.00322	0.5	94189	304	94037	3279437	34.82
2010-2019	46	0.00359	0.00358	0.5	93885	336	93717	3185400	33.93
2010-2019	47	0.00388	0.00387	0.5	93549	362	93368	3091683	33.05
2010-2019	48	0.00423	0.00422	0.5	93187	393	92990	2998315	32.18
2010-2019	49	0.00464	0.00463	0.5	92793	429	92578	2905325	31.31
2010-2019	50	0.00497	0.00496	0.5	92364	458	92135	2812747	30.45
2010-2019	51	0.00530	0.00528	0.5	91906	486	91663	2720612	29.60
2010-2019	52	0.00584	0.00583	0.5	91420	533	91154	2628949	28.76
2010-2019	53	0.00635	0.00633	0.5	90888	575	90600	2537795	27.92
2010-2019	54	0.00686	0.00683	0.5	90312	617	90004	2447195	27.10
2010-2019	55	0.00747	0.00744	0.5	89695	668	89361	2357192	26.28
2010-2019	56	0.00799	0.00795	0.5	89027	708	88673	2267831	25.47
2010-2019	57	0.00859	0.00856	0.5	88319	756	87941	2179158	24.67
2010-2019	58	0.00913	0.00909	0.5	87563	796	87165	2091216	23.88
2010-2019	59	0.00994	0.00989	0.5	86768	859	86338	2004051	23.10
2010-2019	60	0.01063	0.01057	0.5	85909	908	85455	1917712	22.32
2010-2019	61	0.01135	0.01128	0.5	85001	959	84521	1832257	21.56
2010-2019	62	0.01206	0.01199	0.5	84042	1007	83538	1747736	20.80
2010-2019	63	0.01303	0.01294	0.5	83034	1075	82497	1664198	20.04
2010-2019	64	0.01369	0.01360	0.5	81960	1115	81402	1581701	19.30
2010-2019	65	0.01445	0.01435	0.5	80845	1160	80265	1500298	18.56
2010-2019	66	0.01559	0.01547	0.5	79685	1232	79069	1420033	17.82
2010-2019	67	0.01667	0.01653	0.5	78453	1297	77805	1340964	17.09
2010-2019	68	0.01753	0.01738	0.5	77156	1341	76486	1263160	16.37
2010-2019	69	0.01904	0.01886	0.5	75816	1430	75101	1186674	15.65
2010-2019	70	0.02055	0.02034	0.5	74386	1513	73629	1111573	14.94
2010-2019	71	0.02221	0.02197	0.5	72873	1601	72072	1037944	14.24
2010-2019	72	0.02475	0.02445	0.5	71272	1742	70400	965872	13.55
2010-2019	73	0.02658	0.02623	0.5	69529	1824	68617	895471	12.88
2010-2019	74	0.02932	0.02890	0.5	67705	1957	66727	826854	12.21
2010-2019	75	0.03230	0.03179	0.5	65749	2090	64704	760127	11.56
2010-2019	76	0.03592	0.03528	0.5	63659	2246	62536	695424	10.92
2010-2019	77	0.03925	0.03849	0.5	61412	2364	60230	632888	10.31
2010-2019	78	0.04252	0.04164	0.5	59049	2459	57819	572658	9.70
2010-2019	79	0.04730	0.04621	0.5	56590	2615	55282	514838	9.10
2010-2019	80	0.05455	0.05310	0.5	53975	2866	52542	459556	8.51
2010-2019	81	0.06094	0.05913	0.5	51109	3022	49598	407014	7.96
2010-2019	82	0.06925	0.06694	0.5	48086	3219	46477	357417	7.43
2010-2019	83	0.07721	0.07434	0.5	44868	3336	43200	310940	6.93
2010-2019	84	0.08817	0.08445	0.5	41532	3507	39778	267740	6.45
2010-2019	85	0.09695	0.09247	0.5	38025	3516	36267	227961	6.00
2010-2019	86	0.11091	0.10508	0.5	34509	3626	32695	191695	5.55
2010-2019	87	0.12419	0.11693	0.5	30882	3611	29077	158999	5.15
2010-2019	88	0.14103	0.13174	0.5	27271	3593	25475	129922	4.76
2010-2019	89	0.15705	0.14562	0.5	23678	3448	21954	104447	4.41
2010-2019	90	0.17552	0.16135	0.5	20230	3264	18598	82493	4.08
2010-2019	91	0.19927	0.18121	0.5	16966	3075	15429	63895	3.77
2010-2019	92	0.22178	0.19964	0.5	13892	2773	12505	48466	3.49
2010-2019	93	0.24605	0.21910	0.5	11118	2436	9900	35961	3.23
2010-2019	94	0.27205	0.23948	0.5	8682	2079	7643	26060	3.00
2010-2019	95	0.29971	0.26065	0.5	6603	1721	5743	18418	2.79
2010-2019	96	0.32890	0.28245	0.5	4882	1379	4193	12675	2.60
2010-2019	97	0.35948	0.30471	0.5	3503	1067	2969	8482	2.42
2010-2019	98	0.39125	0.32723	0.5	2436	797	2037	5513	2.26
2010-2019	99	0.42396	0.34981	0.5	1639	573	1352	3476	2.12
2010-2019	100	0.45736	0.37223	0.5	1065	397	867	2124	1.99
2010-2019	101	0.49114	0.39431	0.5	669	264	537	1257	1.88
2010-2019	102	0.52500	0.41584	0.5	405	168	321	720	1.78
2010-2019	103	0.55864	0.43667	0.5	237	103	185	399	1.69
2010-2019	104	0.59174	0.45664	0.5	133	61	103	214	1.60
2010-2019	105	0.62404	0.47563	0.5	72	34	55	111	1.53
2010-2019	106	0.65526	0.49356	0.5	38	19	29	56	1.47
2010-2019	107	0.68521	0.51036	0.5	19	10	14	27	1.41
2010-2019	108	0.71368	0.52599	0.5	9	5	7	13	1.37
2010-2019	109	0.74056	0.54044	0.5	4	2	3	6	1.33
2010-2019	110+	0.76574	1.00000	1.31	2	2	3	3	1.31
2020-2022	0	0.00551	0.00548	0.06	100000	548	99485	7445133	74.45
2020-2022	1	0.00052	0.00052	0.5	99452	52	99426	7345648	73.86
2020-2022	2	0.00025	0.00025	0.5	99400	25	99388	7246222	72.90
2020-2022	3	0.00023	0.00023	0.5	99375	23	99364	7146834	71.92
2020-2022	4	0.00015	0.00015	0.5	99352	15	99345	7047470	70.93
2020-2022	5	0.00016	0.00016	0.5	99337	16	99329	6948126	69.94
2020-2022	6	0.00013	0.00013	0.5	99321	13	99315	6848796	68.96
2020-2022	7	0.00014	0.00014	0.5	99309	14	99301	6749482	67.96
2020-2022	8	0.00011	0.00011	0.5	99294	11	99289	6650180	66.97
2020-2022	9	0.00011	0.00011	0.5	99283	11	99278	6550891	65.98
2020-2022	10	0.00014	0.00014	0.5	99272	13	99265	6451613	64.99
2020-2022	11	0.00016	0.00016	0.5	99259	16	99251	6352348	64.00
2020-2022	12	0.00017	0.00017	0.5	99243	17	99235	6253097	63.01
2020-2022	13	0.00028	0.00028	0.5	99226	28	99212	6153862	62.02
2020-2022	14	0.00037	0.00037	0.5	99198	37	99180	6054650	61.04
2020-2022	15	0.00057	0.00057	0.5	99162	57	99133	5955470	60.06
2020-2022	16	0.00083	0.00083	0.5	99105	82	99064	5856336	59.09
2020-2022	17	0.00093	0.00093	0.5	99023	92	98977	5757272	58.14
2020-2022	18	0.00125	0.00125	0.5	98931	124	98869	5658296	57.19
2020-2022	19	0.00154	0.00154	0.5	98807	152	98731	5559427	56.27
2020-2022	20	0.00157	0.00157	0.5	98655	155	98578	5460696	55.35
2020-2022	21	0.00162	0.00162	0.5	98500	159	98420	5362118	54.44
2020-2022	22	0.00176	0.00176	0.5	98341	173	98254	5263698	53.53
2020-2022	23	0.00186	0.00186	0.5	98168	182	98077	5165444	52.62
2020-2022	24	0.00186	0.00186	0.5	97986	182	97895	5067367	51.72
2020-2022	25	0.00194	0.00194	0.5	97804	189	97709	4969472	50.81
2020-2022	26	0.00204	0.00204	0.5	97614	199	97514	4871764	49.91
2020-2022	27	0.00220	0.00220	0.5	97415	214	97308	4774249	49.01
2020-2022	28	0.00235	0.00235	0.5	97201	228	97086	4676941	48.12
2020-2022	29	0.00252	0.00252	0.5	96972	244	96850	4579855	47.23
2020-2022	30	0.00266	0.00266	0.5	96728	257	96599	4483005	46.35
2020-2022	31	0.00273	0.00273	0.5	96471	263	96339	4386405	45.47
2020-2022	32	0.00277	0.00277	0.5	96208	266	96075	4290066	44.59
2020-2022	33	0.00288	0.00288	0.5	95941	276	95803	4193992	43.71
2020-2022	34	0.00312	0.00311	0.5	95665	298	95516	4098188	42.84
2020-2022	35	0.00310	0.00310	0.5	95368	295	95220	4002672	41.97
2020-2022	36	0.00342	0.00341	0.5	95072	325	94910	3907452	41.10
2020-2022	37	0.00324	0.00323	0.5	94747	306	94594	3812542	40.24
2020-2022	38	0.00322	0.00322	0.5	94441	304	94289	3717948	39.37
2020-2022	39	0.00352	0.00351	0.5	94137	331	93972	3623659	38.49
2020-2022	40	0.00369	0.00368	0.5	93807	345	93634	3529687	37.63
2020-2022	41	0.00380	0.00380	0.5	93461	355	93284	3436053	36.76
2020-2022	42	0.00372	0.00372	0.5	93107	346	92934	3342768	35.90
2020-2022	43	0.00408	0.00407	0.5	92761	378	92572	3249835	35.03
2020-2022	44	0.00421	0.00420	0.5	92383	388	92189	3157263	34.18
2020-2022	45	0.00441	0.00440	0.5	91995	405	91793	3065074	33.32
2020-2022	46	0.00469	0.00468	0.5	91590	429	91376	2973282	32.46
2020-2022	47	0.00514	0.00512	0.5	91161	467	90928	2881906	31.61
2020-2022	48	0.00556	0.00555	0.5	90694	503	90443	2790978	30.77
2020-2022	49	0.00588	0.00586	0.5	90191	528	89927	2700536	29.94
2020-2022	50	0.00625	0.00623	0.5	89663	559	89383	2610609	29.12
2020-2022	51	0.00643	0.00641	0.5	89104	571	88818	2521225	28.30
2020-2022	52	0.00716	0.00713	0.5	88533	632	88217	2432407	27.47
2020-2022	53	0.00743	0.00740	0.5	87901	651	87576	2344190	26.67
2020-2022	54	0.00811	0.00808	0.5	87250	705	86898	2256615	25.86
2020-2022	55	0.00915	0.00911	0.5	86545	788	86151	2169717	25.07
2020-2022	56	0.00966	0.00962	0.5	85757	825	85345	2083566	24.30
2020-2022	57	0.01022	0.01017	0.5	84933	864	84501	1998221	23.53
2020-2022	58	0.01134	0.01128	0.5	84069	948	83595	1913720	22.76
2020-2022	59	0.01227	0.01219	0.5	83121	1013	82614	1830125	22.02
2020-2022	60	0.01274	0.01266	0.5	82108	1039	81588	1747511	21.28
2020-2022	61	0.01356	0.01347	0.5	81068	1092	80522	1665923	20.55
2020-2022	62	0.01494	0.01483	0.5	79976	1186	79383	1585401	19.82
2020-2022	63	0.01581	0.01568	0.5	78790	1236	78172	1506018	19.11
2020-2022	64	0.01655	0.01642	0.5	77555	1273	76918	1427845	18.41
2020-2022	65	0.01791	0.01775	0.5	76281	1354	75604	1350927	17.71
2020-2022	66	0.01855	0.01838	0.5	74927	1377	74239	1275323	17.02
2020-2022	67	0.01995	0.01975	0.5	73550	1452	72824	1201084	16.33
2020-2022	68	0.02135	0.02113	0.5	72098	1523	71336	1128260	15.65
2020-2022	69	0.02263	0.02238	0.5	70575	1579	69785	1056923	14.98
2020-2022	70	0.02455	0.02425	0.5	68996	1673	68159	987138	14.31
2020-2022	71	0.02609	0.02576	0.5	67322	1734	66455	918979	13.65
2020-2022	72	0.02784	0.02746	0.5	65588	1801	64688	852524	13.00
2020-2022	73	0.03094	0.03047	0.5	63788	1944	62816	787836	12.35
2020-2022	74	0.03305	0.03251	0.5	61844	2011	60838	725020	11.72
2020-2022	75	0.03724	0.03656	0.5	59833	2187	58739	664182	11.10
2020-2022	76	0.03973	0.03896	0.5	57646	2246	56523	605442	10.50
2020-2022	77	0.04479	0.04381	0.5	55400	2427	54186	548920	9.91
2020-2022	78	0.04966	0.04845	0.5	52973	2567	51690	494733	9.34
2020-2022	79	0.05488	0.05341	0.5	50406	2692	49060	443044	8.79
2020-2022	80	0.05968	0.05795	0.5	47714	2765	46331	393984	8.26
2020-2022	81	0.06752	0.06531	0.5	44949	2936	43481	347652	7.73
2020-2022	82	0.07313	0.07055	0.5	42013	2964	40531	304171	7.24
2020-2022	83	0.08301	0.07970	0.5	39049	3112	37493	263640	6.75
2020-2022	84	0.09166	0.08764	0.5	35937	3150	34362	226147	6.29
2020-2022	85	0.10190	0.09696	0.5	32787	3179	31198	191785	5.85
2020-2022	86	0.11370	0.10759	0.5	29608	3185	28016	160587	5.42
2020-2022	87	0.12777	0.12010	0.5	26423	3173	24836	132571	5.02
2020-2022	88	0.14637	0.13639	0.5	23250	3171	21664	107735	4.63
2020-2022	89	0.16490	0.15234	0.5	20079	3059	18549	86071	4.29
2020-2022	90	0.18635	0.17047	0.5	17020	2901	15569	67522	3.97
2020-2022	91	0.20738	0.18790	0.5	14118	2653	12792	51952	3.68
2020-2022	92	0.22946	0.20584	0.5	11466	2360	10286	39160	3.42
2020-2022	93	0.25378	0.22520	0.5	9106	2051	8080	28875	3.17
2020-2022	94	0.27973	0.24541	0.5	7055	1731	6189	20795	2.95
2020-2022	95	0.30725	0.26633	0.5	5324	1418	4615	14605	2.74
2020-2022	96	0.33621	0.28783	0.5	3906	1124	3344	9991	2.56
2020-2022	97	0.36646	0.30971	0.5	2782	861	2351	6647	2.39
2020-2022	98	0.39780	0.33180	0.5	1920	637	1602	4296	2.24
2020-2022	99	0.43000	0.35391	0.5	1283	454	1056	2695	2.10
2020-2022	100	0.46280	0.37583	0.5	829	312	673	1639	1.98
2020-2022	101	0.49593	0.39739	0.5	517	206	415	966	1.87
2020-2022	102	0.52909	0.41840	0.5	312	130	247	551	1.77
2020-2022	103	0.56200	0.43872	0.5	181	80	142	304	1.68
2020-2022	104	0.59437	0.45820	0.5	102	47	78	163	1.60
2020-2022	105	0.62594	0.47674	0.5	55	26	42	84	1.53
2020-2022	106	0.65648	0.49425	0.5	29	14	22	42	1.47
2020-2022	107	0.68577	0.51067	0.5	15	7	11	21	1.41
2020-2022	108	0.71366	0.52597	0.5	7	4	5	10	1.37
2020-2022	109	0.74000	0.54015	0.5	3	2	2	5	1.33
2020-2022	110+	0.76473	1.00000	1.31	2	2	2	2	1.31
