Div8: Div8, Lifetables (period 1x10), Both sexes Last modified: February 4 2025, MPv5 (May07) 

Year     	Age	mx	qx	ax	lx	dx	Lx	Tx	ex
1941-1949	0	0.04975	0.04781	0.19	100000	4781	96109	6543879	65.44
1941-1949	1	0.00582	0.00580	0.5	95219	552	94942	6447771	67.72
1941-1949	2	0.00281	0.00280	0.5	94666	265	94533	6352828	67.11
1941-1949	3	0.00192	0.00192	0.5	94401	181	94310	6258295	66.29
1941-1949	4	0.00143	0.00143	0.5	94219	135	94152	6163985	65.42
1941-1949	5	0.00120	0.00120	0.5	94085	113	94028	6069833	64.51
1941-1949	6	0.00111	0.00111	0.5	93972	104	93920	5975805	63.59
1941-1949	7	0.00104	0.00104	0.5	93867	98	93818	5881885	62.66
1941-1949	8	0.00099	0.00099	0.5	93769	93	93723	5788067	61.73
1941-1949	9	0.00096	0.00096	0.5	93676	89	93632	5694344	60.79
1941-1949	10	0.00094	0.00094	0.5	93587	88	93543	5600712	59.85
1941-1949	11	0.00096	0.00096	0.5	93499	90	93454	5507169	58.90
1941-1949	12	0.00102	0.00102	0.5	93409	96	93361	5413715	57.96
1941-1949	13	0.00113	0.00113	0.5	93314	105	93261	5320353	57.02
1941-1949	14	0.00127	0.00127	0.5	93209	118	93150	5227092	56.08
1941-1949	15	0.00144	0.00144	0.5	93090	134	93023	5133943	55.15
1941-1949	16	0.00162	0.00162	0.5	92956	150	92881	5040919	54.23
1941-1949	17	0.00179	0.00179	0.5	92806	166	92723	4948038	53.32
1941-1949	18	0.00196	0.00196	0.5	92640	182	92549	4855315	52.41
1941-1949	19	0.00214	0.00214	0.5	92458	198	92359	4762766	51.51
1941-1949	20	0.00231	0.00230	0.5	92261	212	92154	4670407	50.62
1941-1949	21	0.00243	0.00243	0.5	92048	224	91936	4578252	49.74
1941-1949	22	0.00251	0.00250	0.5	91824	230	91710	4486316	48.86
1941-1949	23	0.00252	0.00252	0.5	91595	230	91480	4394606	47.98
1941-1949	24	0.00248	0.00248	0.5	91364	226	91251	4303127	47.10
1941-1949	25	0.00241	0.00240	0.5	91138	219	91028	4211876	46.21
1941-1949	26	0.00235	0.00235	0.5	90919	213	90812	4120847	45.32
1941-1949	27	0.00232	0.00232	0.5	90706	210	90600	4030035	44.43
1941-1949	28	0.00234	0.00233	0.5	90495	211	90390	3939434	43.53
1941-1949	29	0.00239	0.00238	0.5	90284	215	90176	3849045	42.63
1941-1949	30	0.00247	0.00246	0.5	90069	222	89958	3758868	41.73
1941-1949	31	0.00256	0.00256	0.5	89847	230	89732	3668911	40.84
1941-1949	32	0.00268	0.00268	0.5	89617	240	89497	3579179	39.94
1941-1949	33	0.00283	0.00282	0.5	89377	252	89251	3489681	39.04
1941-1949	34	0.00299	0.00299	0.5	89125	266	88992	3400430	38.15
1941-1949	35	0.00319	0.00319	0.5	88859	283	88717	3311438	37.27
1941-1949	36	0.00340	0.00339	0.5	88576	301	88426	3222721	36.38
1941-1949	37	0.00362	0.00361	0.5	88275	319	88116	3134295	35.51
1941-1949	38	0.00386	0.00386	0.5	87957	339	87787	3046179	34.63
1941-1949	39	0.00413	0.00412	0.5	87618	361	87437	2958392	33.76
1941-1949	40	0.00438	0.00437	0.5	87257	381	87066	2870955	32.90
1941-1949	41	0.00463	0.00462	0.5	86875	401	86675	2783889	32.04
1941-1949	42	0.00496	0.00495	0.5	86474	428	86260	2697214	31.19
1941-1949	43	0.00536	0.00535	0.5	86046	460	85816	2610954	30.34
1941-1949	44	0.00575	0.00574	0.5	85586	491	85341	2525138	29.50
1941-1949	45	0.00620	0.00618	0.5	85095	526	84832	2439797	28.67
1941-1949	46	0.00665	0.00663	0.5	84569	560	84289	2354965	27.85
1941-1949	47	0.00710	0.00708	0.5	84009	595	83712	2270676	27.03
1941-1949	48	0.00762	0.00759	0.5	83414	633	83098	2186964	26.22
1941-1949	49	0.00822	0.00818	0.5	82781	677	82443	2103866	25.41
1941-1949	50	0.00890	0.00886	0.5	82104	727	81740	2021424	24.62
1941-1949	51	0.00951	0.00946	0.5	81377	770	80992	1939683	23.84
1941-1949	52	0.01017	0.01012	0.5	80607	816	80199	1858691	23.06
1941-1949	53	0.01097	0.01091	0.5	79791	871	79356	1778493	22.29
1941-1949	54	0.01183	0.01176	0.5	78921	928	78456	1699137	21.53
1941-1949	55	0.01278	0.01270	0.5	77992	990	77497	1620680	20.78
1941-1949	56	0.01374	0.01365	0.5	77002	1051	76477	1543183	20.04
1941-1949	57	0.01479	0.01468	0.5	75951	1115	75394	1466706	19.31
1941-1949	58	0.01598	0.01586	0.5	74836	1187	74243	1391312	18.59
1941-1949	59	0.01727	0.01712	0.5	73650	1261	73019	1317070	17.88
1941-1949	60	0.01866	0.01848	0.5	72389	1338	71719	1244051	17.19
1941-1949	61	0.02005	0.01985	0.5	71050	1410	70345	1172331	16.50
1941-1949	62	0.02165	0.02141	0.5	69640	1491	68895	1101986	15.82
1941-1949	63	0.02354	0.02327	0.5	68149	1586	67356	1033091	15.16
1941-1949	64	0.02556	0.02523	0.5	66563	1680	65724	965735	14.51
1941-1949	65	0.02799	0.02761	0.5	64884	1791	63988	900011	13.87
1941-1949	66	0.03055	0.03010	0.5	63092	1899	62143	836023	13.25
1941-1949	67	0.03323	0.03269	0.5	61194	2000	60193	773880	12.65
1941-1949	68	0.03636	0.03571	0.5	59193	2114	58136	713686	12.06
1941-1949	69	0.03966	0.03889	0.5	57079	2220	55969	655550	11.48
1941-1949	70	0.04329	0.04237	0.5	54859	2324	53697	599581	10.93
1941-1949	71	0.04693	0.04585	0.5	52535	2409	51331	545884	10.39
1941-1949	72	0.05124	0.04996	0.5	50126	2504	48874	494553	9.87
1941-1949	73	0.05651	0.05495	0.5	47622	2617	46313	445679	9.36
1941-1949	74	0.06206	0.06020	0.5	45005	2709	43650	399366	8.87
1941-1949	75	0.06839	0.06613	0.5	42296	2797	40897	355715	8.41
1941-1949	76	0.07477	0.07207	0.5	39499	2847	38076	314818	7.97
1941-1949	77	0.08109	0.07793	0.5	36652	2856	35224	276742	7.55
1941-1949	78	0.08864	0.08488	0.5	33796	2869	32361	241518	7.15
1941-1949	79	0.09682	0.09235	0.5	30927	2856	29499	209157	6.76
1941-1949	80	0.10267	0.09766	0.5	28071	2741	26700	179658	6.40
1941-1949	81	0.11194	0.10600	0.5	25330	2685	23987	152957	6.04
1941-1949	82	0.12210	0.11508	0.5	22645	2606	21342	128970	5.70
1941-1949	83	0.13323	0.12491	0.5	20039	2503	18787	107628	5.37
1941-1949	84	0.14514	0.13532	0.5	17536	2373	16349	88841	5.07
1941-1949	85	0.15777	0.14624	0.5	15163	2217	14054	72492	4.78
1941-1949	86	0.17180	0.15821	0.5	12945	2048	11921	58438	4.51
1941-1949	87	0.18771	0.17161	0.5	10897	1870	9962	46516	4.27
1941-1949	88	0.20516	0.18607	0.5	9027	1680	8187	36554	4.05
1941-1949	89	0.22234	0.20010	0.5	7348	1470	6612	28367	3.86
1941-1949	90	0.22337	0.20093	0.5	5877	1181	5287	21754	3.70
1941-1949	91	0.23925	0.21369	0.5	4696	1004	4195	16467	3.51
1941-1949	92	0.25590	0.22687	0.5	3693	838	3274	12273	3.32
1941-1949	93	0.27331	0.24045	0.5	2855	686	2512	8999	3.15
1941-1949	94	0.29145	0.25438	0.5	2169	552	1893	6487	2.99
1941-1949	95	0.31031	0.26863	0.5	1617	434	1400	4594	2.84
1941-1949	96	0.32983	0.28314	0.5	1183	335	1015	3195	2.70
1941-1949	97	0.34998	0.29785	0.5	848	253	721	2179	2.57
1941-1949	98	0.37069	0.31272	0.5	595	186	502	1458	2.45
1941-1949	99	0.39190	0.32769	0.5	409	134	342	956	2.34
1941-1949	100	0.41353	0.34268	0.5	275	94	228	614	2.23
1941-1949	101	0.43552	0.35764	0.5	181	65	148	386	2.13
1941-1949	102	0.45778	0.37251	0.5	116	43	94	237	2.04
1941-1949	103	0.48021	0.38723	0.5	73	28	59	143	1.96
1941-1949	104	0.50272	0.40174	0.5	45	18	36	84	1.88
1941-1949	105	0.52523	0.41599	0.5	27	11	21	48	1.81
1941-1949	106	0.54764	0.42992	0.5	16	7	12	27	1.75
1941-1949	107	0.56986	0.44349	0.5	9	4	7	15	1.69
1941-1949	108	0.59180	0.45667	0.5	5	2	4	8	1.64
1941-1949	109	0.61337	0.46941	0.5	3	1	2	4	1.60
1941-1949	110+	0.63450	1.00000	1.58	1	1	2	2	1.58
1950-1959	0	0.03283	0.03192	0.14	100000	3192	97253	6930616	69.31
1950-1959	1	0.00278	0.00277	0.5	96808	269	96673	6833363	70.59
1950-1959	2	0.00157	0.00157	0.5	96539	152	96463	6736690	69.78
1950-1959	3	0.00111	0.00111	0.5	96387	107	96334	6640227	68.89
1950-1959	4	0.00083	0.00083	0.5	96280	80	96240	6543893	67.97
1950-1959	5	0.00071	0.00071	0.5	96200	68	96166	6447652	67.02
1950-1959	6	0.00065	0.00065	0.5	96132	63	96101	6351486	66.07
1950-1959	7	0.00060	0.00059	0.5	96069	57	96041	6255385	65.11
1950-1959	8	0.00054	0.00054	0.5	96012	52	95986	6159344	64.15
1950-1959	9	0.00052	0.00052	0.5	95960	50	95935	6063358	63.19
1950-1959	10	0.00053	0.00053	0.5	95910	51	95885	5967423	62.22
1950-1959	11	0.00055	0.00055	0.5	95860	52	95834	5871538	61.25
1950-1959	12	0.00060	0.00060	0.5	95807	57	95779	5775704	60.28
1950-1959	13	0.00068	0.00068	0.5	95750	65	95718	5679925	59.32
1950-1959	14	0.00083	0.00083	0.5	95685	80	95645	5584207	58.36
1950-1959	15	0.00100	0.00100	0.5	95606	95	95558	5488562	57.41
1950-1959	16	0.00117	0.00117	0.5	95510	112	95454	5393004	56.47
1950-1959	17	0.00135	0.00135	0.5	95398	129	95334	5297550	55.53
1950-1959	18	0.00148	0.00147	0.5	95270	141	95200	5202216	54.61
1950-1959	19	0.00154	0.00154	0.5	95129	146	95056	5107016	53.68
1950-1959	20	0.00164	0.00163	0.5	94983	155	94905	5011960	52.77
1950-1959	21	0.00171	0.00171	0.5	94828	162	94747	4917054	51.85
1950-1959	22	0.00171	0.00171	0.5	94666	161	94585	4822308	50.94
1950-1959	23	0.00169	0.00169	0.5	94504	159	94425	4727722	50.03
1950-1959	24	0.00173	0.00173	0.5	94345	163	94264	4633298	49.11
1950-1959	25	0.00171	0.00171	0.5	94182	161	94102	4539034	48.19
1950-1959	26	0.00170	0.00170	0.5	94021	160	93941	4444932	47.28
1950-1959	27	0.00169	0.00169	0.5	93861	158	93782	4350991	46.36
1950-1959	28	0.00171	0.00171	0.5	93703	160	93623	4257209	45.43
1950-1959	29	0.00174	0.00174	0.5	93543	163	93462	4163586	44.51
1950-1959	30	0.00180	0.00180	0.5	93381	168	93297	4070124	43.59
1950-1959	31	0.00187	0.00187	0.5	93213	174	93126	3976827	42.66
1950-1959	32	0.00197	0.00197	0.5	93039	183	92947	3883701	41.74
1950-1959	33	0.00199	0.00199	0.5	92856	185	92763	3790754	40.82
1950-1959	34	0.00210	0.00210	0.5	92671	194	92573	3697991	39.90
1950-1959	35	0.00221	0.00221	0.5	92476	204	92374	3605418	38.99
1950-1959	36	0.00235	0.00234	0.5	92272	216	92164	3513043	38.07
1950-1959	37	0.00255	0.00254	0.5	92056	234	91939	3420879	37.16
1950-1959	38	0.00271	0.00271	0.5	91822	249	91697	3328941	36.25
1950-1959	39	0.00295	0.00294	0.5	91573	270	91438	3237243	35.35
1950-1959	40	0.00326	0.00325	0.5	91303	297	91155	3145805	34.45
1950-1959	41	0.00350	0.00350	0.5	91006	318	90847	3054650	33.57
1950-1959	42	0.00385	0.00385	0.5	90688	349	90514	2963803	32.68
1950-1959	43	0.00413	0.00413	0.5	90339	373	90153	2873289	31.81
1950-1959	44	0.00449	0.00448	0.5	89967	403	89765	2783136	30.94
1950-1959	45	0.00494	0.00492	0.5	89563	441	89343	2693371	30.07
1950-1959	46	0.00537	0.00535	0.5	89123	477	88884	2604028	29.22
1950-1959	47	0.00587	0.00586	0.5	88646	519	88386	2515144	28.37
1950-1959	48	0.00647	0.00645	0.5	88127	568	87842	2426758	27.54
1950-1959	49	0.00693	0.00691	0.5	87558	605	87256	2338916	26.71
1950-1959	50	0.00740	0.00737	0.5	86954	641	86633	2251660	25.89
1950-1959	51	0.00802	0.00799	0.5	86313	689	85968	2165026	25.08
1950-1959	52	0.00875	0.00872	0.5	85624	746	85250	2079058	24.28
1950-1959	53	0.00948	0.00943	0.5	84877	801	84477	1993807	23.49
1950-1959	54	0.01026	0.01021	0.5	84077	858	83647	1909331	22.71
1950-1959	55	0.01099	0.01093	0.5	83218	910	82763	1825683	21.94
1950-1959	56	0.01196	0.01189	0.5	82309	979	81819	1742920	21.18
1950-1959	57	0.01284	0.01276	0.5	81330	1038	80811	1661101	20.42
1950-1959	58	0.01411	0.01401	0.5	80292	1125	79729	1580290	19.68
1950-1959	59	0.01531	0.01519	0.5	79167	1203	78566	1500561	18.95
1950-1959	60	0.01631	0.01618	0.5	77964	1261	77334	1421995	18.24
1950-1959	61	0.01767	0.01751	0.5	76703	1343	76031	1344661	17.53
1950-1959	62	0.01923	0.01904	0.5	75360	1435	74642	1268630	16.83
1950-1959	63	0.02091	0.02069	0.5	73925	1530	73160	1193987	16.15
1950-1959	64	0.02263	0.02238	0.5	72395	1620	71585	1120828	15.48
1950-1959	65	0.02473	0.02443	0.5	70775	1729	69910	1049243	14.83
1950-1959	66	0.02687	0.02651	0.5	69046	1831	68131	979332	14.18
1950-1959	67	0.02934	0.02892	0.5	67215	1944	66244	911201	13.56
1950-1959	68	0.03178	0.03128	0.5	65272	2042	64251	844958	12.95
1950-1959	69	0.03481	0.03422	0.5	63230	2164	62148	780707	12.35
1950-1959	70	0.03767	0.03697	0.5	61066	2258	59937	718559	11.77
1950-1959	71	0.04095	0.04013	0.5	58809	2360	57629	658621	11.20
1950-1959	72	0.04462	0.04365	0.5	56449	2464	55217	600993	10.65
1950-1959	73	0.04879	0.04763	0.5	53985	2571	52699	545776	10.11
1950-1959	74	0.05365	0.05225	0.5	51414	2686	50071	493077	9.59
1950-1959	75	0.05866	0.05698	0.5	48728	2777	47339	443006	9.09
1950-1959	76	0.06450	0.06249	0.5	45951	2871	44515	395667	8.61
1950-1959	77	0.07013	0.06775	0.5	43080	2919	41620	351152	8.15
1950-1959	78	0.07695	0.07410	0.5	40161	2976	38673	309531	7.71
1950-1959	79	0.08411	0.08072	0.5	37185	3002	35684	270858	7.28
1950-1959	80	0.08798	0.08427	0.5	34184	2881	32743	235174	6.88
1950-1959	81	0.09644	0.09201	0.5	31303	2880	29863	202431	6.47
1950-1959	82	0.10746	0.10198	0.5	28423	2899	26974	172568	6.07
1950-1959	83	0.11800	0.11143	0.5	25524	2844	24102	145594	5.70
1950-1959	84	0.12970	0.12180	0.5	22680	2762	21299	121492	5.36
1950-1959	85	0.14222	0.13278	0.5	19918	2645	18595	100193	5.03
1950-1959	86	0.15582	0.14456	0.5	17273	2497	16025	81598	4.72
1950-1959	87	0.17037	0.15700	0.5	14776	2320	13616	65574	4.44
1950-1959	88	0.18748	0.17142	0.5	12456	2135	11389	51957	4.17
1950-1959	89	0.20608	0.18683	0.5	10321	1928	9357	40569	3.93
1950-1959	90	0.21591	0.19487	0.5	8393	1636	7575	31212	3.72
1950-1959	91	0.23390	0.20941	0.5	6757	1415	6050	23637	3.50
1950-1959	92	0.25294	0.22454	0.5	5342	1200	4742	17587	3.29
1950-1959	93	0.27300	0.24021	0.5	4143	995	3645	12844	3.10
1950-1959	94	0.29406	0.25637	0.5	3148	807	2744	9199	2.92
1950-1959	95	0.31606	0.27293	0.5	2341	639	2021	6455	2.76
1950-1959	96	0.33895	0.28983	0.5	1702	493	1455	4434	2.61
1950-1959	97	0.36265	0.30699	0.5	1209	371	1023	2979	2.46
1950-1959	98	0.38706	0.32430	0.5	838	272	702	1956	2.33
1950-1959	99	0.41208	0.34168	0.5	566	193	469	1254	2.22
1950-1959	100	0.43757	0.35902	0.5	373	134	306	785	2.11
1950-1959	101	0.46342	0.37624	0.5	239	90	194	479	2.01
1950-1959	102	0.48949	0.39324	0.5	149	59	120	285	1.91
1950-1959	103	0.51562	0.40994	0.5	90	37	72	165	1.83
1950-1959	104	0.54168	0.42624	0.5	53	23	42	93	1.75
1950-1959	105	0.56752	0.44208	0.5	31	14	24	51	1.68
1950-1959	106	0.59301	0.45739	0.5	17	8	13	28	1.62
1950-1959	107	0.61800	0.47212	0.5	9	4	7	14	1.56
1950-1959	108	0.64239	0.48622	0.5	5	2	4	7	1.52
1950-1959	109	0.66606	0.49966	0.5	3	1	2	4	1.48
1950-1959	110+	0.68891	1.00000	1.45	1	1	2	2	1.45
1960-1969	0	0.02492	0.02438	0.12	100000	2438	97849	7068271	70.68
1960-1969	1	0.00197	0.00197	0.5	97562	192	97466	6970422	71.45
1960-1969	2	0.00115	0.00115	0.5	97370	112	97314	6872956	70.59
1960-1969	3	0.00090	0.00089	0.5	97258	87	97214	6775643	69.67
1960-1969	4	0.00070	0.00070	0.5	97171	68	97136	6678428	68.73
1960-1969	5	0.00061	0.00061	0.5	97102	59	97073	6581292	67.78
1960-1969	6	0.00051	0.00051	0.5	97043	50	97019	6484219	66.82
1960-1969	7	0.00045	0.00045	0.5	96994	44	96972	6387200	65.85
1960-1969	8	0.00041	0.00041	0.5	96950	40	96930	6290228	64.88
1960-1969	9	0.00039	0.00039	0.5	96910	38	96891	6193298	63.91
1960-1969	10	0.00039	0.00039	0.5	96873	38	96853	6096407	62.93
1960-1969	11	0.00039	0.00039	0.5	96834	37	96816	5999554	61.96
1960-1969	12	0.00042	0.00042	0.5	96797	41	96777	5902738	60.98
1960-1969	13	0.00051	0.00051	0.5	96756	49	96732	5805962	60.01
1960-1969	14	0.00064	0.00064	0.5	96707	62	96676	5709230	59.04
1960-1969	15	0.00080	0.00080	0.5	96645	77	96607	5612554	58.07
1960-1969	16	0.00107	0.00107	0.5	96568	103	96516	5515947	57.12
1960-1969	17	0.00120	0.00120	0.5	96465	116	96406	5419431	56.18
1960-1969	18	0.00144	0.00144	0.5	96348	139	96279	5323025	55.25
1960-1969	19	0.00149	0.00149	0.5	96209	144	96138	5226746	54.33
1960-1969	20	0.00158	0.00158	0.5	96066	152	95990	5130608	53.41
1960-1969	21	0.00166	0.00166	0.5	95914	159	95834	5034618	52.49
1960-1969	22	0.00163	0.00163	0.5	95754	156	95676	4938784	51.58
1960-1969	23	0.00159	0.00159	0.5	95598	152	95522	4843108	50.66
1960-1969	24	0.00149	0.00149	0.5	95446	142	95375	4747586	49.74
1960-1969	25	0.00160	0.00160	0.5	95304	153	95228	4652210	48.81
1960-1969	26	0.00154	0.00154	0.5	95151	146	95078	4556983	47.89
1960-1969	27	0.00149	0.00149	0.5	95005	142	94934	4461905	46.96
1960-1969	28	0.00154	0.00154	0.5	94863	146	94790	4366970	46.03
1960-1969	29	0.00159	0.00159	0.5	94717	151	94642	4272180	45.10
1960-1969	30	0.00166	0.00166	0.5	94566	157	94488	4177539	44.18
1960-1969	31	0.00163	0.00163	0.5	94409	154	94332	4083051	43.25
1960-1969	32	0.00174	0.00174	0.5	94255	164	94173	3988719	42.32
1960-1969	33	0.00191	0.00190	0.5	94091	179	94002	3894546	41.39
1960-1969	34	0.00196	0.00196	0.5	93912	184	93820	3800544	40.47
1960-1969	35	0.00205	0.00205	0.5	93728	192	93632	3706724	39.55
1960-1969	36	0.00230	0.00229	0.5	93536	214	93429	3613092	38.63
1960-1969	37	0.00240	0.00239	0.5	93322	223	93210	3519663	37.72
1960-1969	38	0.00262	0.00262	0.5	93098	244	92976	3426453	36.80
1960-1969	39	0.00279	0.00279	0.5	92854	259	92725	3333477	35.90
1960-1969	40	0.00304	0.00304	0.5	92596	281	92455	3240752	35.00
1960-1969	41	0.00314	0.00314	0.5	92315	289	92170	3148297	34.10
1960-1969	42	0.00359	0.00359	0.5	92025	330	91860	3056127	33.21
1960-1969	43	0.00393	0.00392	0.5	91695	360	91515	2964267	32.33
1960-1969	44	0.00429	0.00428	0.5	91335	391	91140	2872752	31.45
1960-1969	45	0.00443	0.00442	0.5	90945	402	90744	2781611	30.59
1960-1969	46	0.00481	0.00480	0.5	90543	435	90326	2690868	29.72
1960-1969	47	0.00570	0.00569	0.5	90109	512	89852	2600542	28.86
1960-1969	48	0.00596	0.00594	0.5	89596	532	89330	2510689	28.02
1960-1969	49	0.00650	0.00648	0.5	89064	577	88775	2421360	27.19
1960-1969	50	0.00708	0.00705	0.5	88487	624	88175	2332584	26.36
1960-1969	51	0.00780	0.00777	0.5	87863	682	87521	2244410	25.54
1960-1969	52	0.00846	0.00842	0.5	87180	734	86813	2156888	24.74
1960-1969	53	0.00916	0.00911	0.5	86446	788	86052	2070075	23.95
1960-1969	54	0.01003	0.00998	0.5	85658	855	85231	1984023	23.16
1960-1969	55	0.01069	0.01064	0.5	84804	902	84353	1898792	22.39
1960-1969	56	0.01159	0.01153	0.5	83902	967	83418	1814439	21.63
1960-1969	57	0.01245	0.01238	0.5	82934	1027	82421	1731021	20.87
1960-1969	58	0.01321	0.01313	0.5	81908	1075	81370	1648600	20.13
1960-1969	59	0.01481	0.01470	0.5	80833	1188	80239	1567230	19.39
1960-1969	60	0.01595	0.01582	0.5	79645	1260	79015	1486991	18.67
1960-1969	61	0.01705	0.01691	0.5	78385	1325	77722	1407976	17.96
1960-1969	62	0.01857	0.01840	0.5	77059	1418	76350	1330254	17.26
1960-1969	63	0.02035	0.02015	0.5	75641	1524	74879	1253904	16.58
1960-1969	64	0.02165	0.02142	0.5	74118	1587	73324	1179024	15.91
1960-1969	65	0.02395	0.02367	0.5	72530	1717	71672	1105700	15.24
1960-1969	66	0.02554	0.02521	0.5	70813	1785	69921	1034029	14.60
1960-1969	67	0.02773	0.02735	0.5	69028	1888	68084	964108	13.97
1960-1969	68	0.03011	0.02966	0.5	67140	1991	66144	896024	13.35
1960-1969	69	0.03258	0.03205	0.5	65149	2088	64105	829880	12.74
1960-1969	70	0.03606	0.03542	0.5	63060	2234	61944	765775	12.14
1960-1969	71	0.03859	0.03786	0.5	60827	2303	59675	703832	11.57
1960-1969	72	0.04286	0.04196	0.5	58524	2456	57296	644156	11.01
1960-1969	73	0.04574	0.04472	0.5	56068	2507	54814	586860	10.47
1960-1969	74	0.05091	0.04965	0.5	53561	2659	52231	532046	9.93
1960-1969	75	0.05573	0.05422	0.5	50902	2760	49522	479815	9.43
1960-1969	76	0.05885	0.05716	0.5	48142	2752	46766	430293	8.94
1960-1969	77	0.06464	0.06261	0.5	45390	2842	43969	383527	8.45
1960-1969	78	0.07067	0.06826	0.5	42548	2904	41096	339559	7.98
1960-1969	79	0.07814	0.07520	0.5	39643	2981	38153	298463	7.53
1960-1969	80	0.08419	0.08079	0.5	36662	2962	35181	260310	7.10
1960-1969	81	0.08918	0.08538	0.5	33700	2877	32262	225129	6.68
1960-1969	82	0.10142	0.09652	0.5	30823	2975	29335	192867	6.26
1960-1969	83	0.11290	0.10687	0.5	27848	2976	26360	163532	5.87
1960-1969	84	0.12174	0.11476	0.5	24872	2854	23445	137172	5.52
1960-1969	85	0.13634	0.12764	0.5	22018	2810	20612	113727	5.17
1960-1969	86	0.14842	0.13817	0.5	19207	2654	17880	93115	4.85
1960-1969	87	0.16570	0.15302	0.5	16554	2533	15287	75235	4.54
1960-1969	88	0.17758	0.16310	0.5	14021	2287	12877	59947	4.28
1960-1969	89	0.19688	0.17923	0.5	11734	2103	10682	47070	4.01
1960-1969	90	0.21004	0.19008	0.5	9631	1831	8715	36388	3.78
1960-1969	91	0.22825	0.20487	0.5	7800	1598	7001	27673	3.55
1960-1969	92	0.24758	0.22031	0.5	6202	1366	5519	20672	3.33
1960-1969	93	0.26800	0.23633	0.5	4836	1143	4264	15153	3.13
1960-1969	94	0.28949	0.25289	0.5	3693	934	3226	10889	2.95
1960-1969	95	0.31201	0.26990	0.5	2759	745	2387	7663	2.78
1960-1969	96	0.33548	0.28729	0.5	2014	579	1725	5276	2.62
1960-1969	97	0.35983	0.30496	0.5	1436	438	1217	3551	2.47
1960-1969	98	0.38495	0.32282	0.5	998	322	837	2334	2.34
1960-1969	99	0.41074	0.34076	0.5	676	230	561	1497	2.22
1960-1969	100	0.43706	0.35868	0.5	445	160	366	937	2.10
1960-1969	101	0.46378	0.37648	0.5	286	108	232	571	2.00
1960-1969	102	0.49073	0.39405	0.5	178	70	143	339	1.91
1960-1969	103	0.51777	0.41129	0.5	108	44	86	196	1.82
1960-1969	104	0.54472	0.42812	0.5	64	27	50	111	1.74
1960-1969	105	0.57145	0.44446	0.5	36	16	28	61	1.67
1960-1969	106	0.59778	0.46022	0.5	20	9	16	32	1.61
1960-1969	107	0.62358	0.47537	0.5	11	5	8	17	1.55
1960-1969	108	0.64872	0.48984	0.5	6	3	4	9	1.50
1960-1969	109	0.67307	0.50359	0.5	3	1	2	4	1.46
1960-1969	110+	0.69654	1.00000	1.44	1	1	2	2	1.44
1970-1979	0	0.01550	0.01528	0.09	100000	1528	98611	7303546	73.04
1970-1979	1	0.00135	0.00135	0.5	98472	133	98405	7204935	73.17
1970-1979	2	0.00090	0.00090	0.5	98339	88	98295	7106530	72.27
1970-1979	3	0.00070	0.00070	0.5	98250	68	98216	7008235	71.33
1970-1979	4	0.00050	0.00050	0.5	98182	49	98157	6910019	70.38
1970-1979	5	0.00049	0.00049	0.5	98133	48	98109	6811862	69.41
1970-1979	6	0.00045	0.00045	0.5	98085	44	98063	6713753	68.45
1970-1979	7	0.00041	0.00041	0.5	98041	41	98021	6615690	67.48
1970-1979	8	0.00034	0.00034	0.5	98001	34	97984	6517669	66.51
1970-1979	9	0.00033	0.00033	0.5	97967	32	97951	6419686	65.53
1970-1979	10	0.00036	0.00036	0.5	97935	35	97917	6321735	64.55
1970-1979	11	0.00035	0.00035	0.5	97900	34	97883	6223818	63.57
1970-1979	12	0.00038	0.00038	0.5	97866	37	97847	6125935	62.60
1970-1979	13	0.00047	0.00047	0.5	97828	46	97805	6028088	61.62
1970-1979	14	0.00057	0.00057	0.5	97782	56	97754	5930283	60.65
1970-1979	15	0.00080	0.00080	0.5	97726	78	97687	5832529	59.68
1970-1979	16	0.00109	0.00109	0.5	97648	106	97595	5734842	58.73
1970-1979	17	0.00134	0.00134	0.5	97542	131	97476	5637247	57.79
1970-1979	18	0.00154	0.00154	0.5	97411	150	97336	5539771	56.87
1970-1979	19	0.00163	0.00163	0.5	97261	159	97181	5442435	55.96
1970-1979	20	0.00160	0.00160	0.5	97102	155	97024	5345253	55.05
1970-1979	21	0.00158	0.00158	0.5	96946	153	96870	5248229	54.14
1970-1979	22	0.00164	0.00164	0.5	96794	159	96714	5151359	53.22
1970-1979	23	0.00160	0.00160	0.5	96635	155	96557	5054645	52.31
1970-1979	24	0.00157	0.00156	0.5	96480	151	96405	4958087	51.39
1970-1979	25	0.00151	0.00151	0.5	96329	145	96257	4861683	50.47
1970-1979	26	0.00150	0.00149	0.5	96184	144	96112	4765426	49.54
1970-1979	27	0.00147	0.00147	0.5	96040	141	95970	4669314	48.62
1970-1979	28	0.00151	0.00151	0.5	95899	145	95827	4573344	47.69
1970-1979	29	0.00151	0.00151	0.5	95755	144	95683	4477517	46.76
1970-1979	30	0.00155	0.00155	0.5	95611	148	95536	4381834	45.83
1970-1979	31	0.00159	0.00159	0.5	95462	152	95386	4286298	44.90
1970-1979	32	0.00149	0.00149	0.5	95310	142	95239	4190911	43.97
1970-1979	33	0.00173	0.00173	0.5	95168	164	95086	4095672	43.04
1970-1979	34	0.00177	0.00177	0.5	95004	168	94920	4000586	42.11
1970-1979	35	0.00200	0.00200	0.5	94836	189	94742	3905666	41.18
1970-1979	36	0.00212	0.00212	0.5	94647	201	94546	3810924	40.26
1970-1979	37	0.00216	0.00215	0.5	94446	203	94344	3716378	39.35
1970-1979	38	0.00229	0.00229	0.5	94243	215	94135	3622033	38.43
1970-1979	39	0.00247	0.00247	0.5	94027	232	93911	3527899	37.52
1970-1979	40	0.00266	0.00266	0.5	93795	250	93670	3433987	36.61
1970-1979	41	0.00286	0.00285	0.5	93545	267	93412	3340317	35.71
1970-1979	42	0.00322	0.00321	0.5	93279	300	93129	3246905	34.81
1970-1979	43	0.00332	0.00332	0.5	92979	308	92825	3153776	33.92
1970-1979	44	0.00371	0.00371	0.5	92671	344	92499	3060951	33.03
1970-1979	45	0.00403	0.00402	0.5	92327	372	92141	2968453	32.15
1970-1979	46	0.00442	0.00441	0.5	91955	405	91753	2876311	31.28
1970-1979	47	0.00463	0.00462	0.5	91550	423	91339	2784559	30.42
1970-1979	48	0.00519	0.00517	0.5	91128	471	90892	2693220	29.55
1970-1979	49	0.00561	0.00560	0.5	90656	508	90402	2602328	28.71
1970-1979	50	0.00605	0.00604	0.5	90149	544	89877	2511926	27.86
1970-1979	51	0.00668	0.00666	0.5	89604	596	89306	2422049	27.03
1970-1979	52	0.00716	0.00714	0.5	89008	635	88690	2332743	26.21
1970-1979	53	0.00757	0.00754	0.5	88373	667	88039	2244052	25.39
1970-1979	54	0.00847	0.00843	0.5	87706	740	87336	2156013	24.58
1970-1979	55	0.00933	0.00929	0.5	86966	808	86562	2068677	23.79
1970-1979	56	0.00988	0.00983	0.5	86158	847	85735	1982114	23.01
1970-1979	57	0.01081	0.01075	0.5	85311	917	84853	1896379	22.23
1970-1979	58	0.01205	0.01197	0.5	84394	1011	83889	1811527	21.47
1970-1979	59	0.01267	0.01259	0.5	83383	1050	82858	1727638	20.72
1970-1979	60	0.01392	0.01383	0.5	82333	1138	81764	1644780	19.98
1970-1979	61	0.01514	0.01502	0.5	81195	1220	80585	1563016	19.25
1970-1979	62	0.01655	0.01641	0.5	79975	1312	79319	1482431	18.54
1970-1979	63	0.01811	0.01794	0.5	78663	1412	77957	1403112	17.84
1970-1979	64	0.01911	0.01893	0.5	77251	1462	76520	1325155	17.15
1970-1979	65	0.02050	0.02029	0.5	75789	1538	75020	1248634	16.48
1970-1979	66	0.02182	0.02159	0.5	74251	1603	73450	1173614	15.81
1970-1979	67	0.02442	0.02412	0.5	72649	1753	71772	1100164	15.14
1970-1979	68	0.02545	0.02513	0.5	70896	1782	70005	1028392	14.51
1970-1979	69	0.02853	0.02813	0.5	69114	1944	68142	958387	13.87
1970-1979	70	0.03065	0.03018	0.5	67170	2027	66156	890244	13.25
1970-1979	71	0.03341	0.03286	0.5	65143	2141	64072	824088	12.65
1970-1979	72	0.03636	0.03571	0.5	63002	2250	61877	760016	12.06
1970-1979	73	0.03892	0.03817	0.5	60752	2319	59593	698139	11.49
1970-1979	74	0.04254	0.04165	0.5	58433	2434	57216	638547	10.93
1970-1979	75	0.04695	0.04587	0.5	55999	2569	54715	581330	10.38
1970-1979	76	0.05073	0.04948	0.5	53430	2644	52109	526616	9.86
1970-1979	77	0.05560	0.05410	0.5	50787	2747	49413	474507	9.34
1970-1979	78	0.06209	0.06022	0.5	48039	2893	46593	425094	8.85
1970-1979	79	0.06635	0.06422	0.5	45147	2899	43697	378501	8.38
1970-1979	80	0.07045	0.06805	0.5	42247	2875	40810	334804	7.92
1970-1979	81	0.07702	0.07416	0.5	39372	2920	37913	293994	7.47
1970-1979	82	0.08453	0.08110	0.5	36453	2956	34974	256081	7.03
1970-1979	83	0.09485	0.09056	0.5	33496	3033	31979	221107	6.60
1970-1979	84	0.10405	0.09890	0.5	30463	3013	28956	189127	6.21
1970-1979	85	0.11161	0.10571	0.5	27450	2902	25999	160171	5.84
1970-1979	86	0.12517	0.11780	0.5	24548	2892	23102	134172	5.47
1970-1979	87	0.13750	0.12866	0.5	21657	2786	20264	111069	5.13
1970-1979	88	0.14832	0.13808	0.5	18870	2606	17568	90806	4.81
1970-1979	89	0.16505	0.15247	0.5	16265	2480	15025	73238	4.50
1970-1979	90	0.18006	0.16519	0.5	13785	2277	12646	58213	4.22
1970-1979	91	0.19649	0.17891	0.5	11508	2059	10478	45567	3.96
1970-1979	92	0.21408	0.19338	0.5	9449	1827	8535	35089	3.71
1970-1979	93	0.23285	0.20857	0.5	7622	1590	6827	26553	3.48
1970-1979	94	0.25279	0.22442	0.5	6032	1354	5355	19726	3.27
1970-1979	95	0.27390	0.24090	0.5	4678	1127	4115	14371	3.07
1970-1979	96	0.29613	0.25794	0.5	3551	916	3093	10257	2.89
1970-1979	97	0.31944	0.27545	0.5	2635	726	2272	7163	2.72
1970-1979	98	0.34376	0.29334	0.5	1909	560	1629	4891	2.56
1970-1979	99	0.36899	0.31152	0.5	1349	420	1139	3262	2.42
1970-1979	100	0.39503	0.32987	0.5	929	306	776	2123	2.28
1970-1979	101	0.42174	0.34829	0.5	623	217	514	1347	2.16
1970-1979	102	0.44897	0.36666	0.5	406	149	331	833	2.05
1970-1979	103	0.47658	0.38487	0.5	257	99	208	501	1.95
1970-1979	104	0.50439	0.40280	0.5	158	64	126	294	1.86
1970-1979	105	0.53222	0.42036	0.5	94	40	75	168	1.78
1970-1979	106	0.55990	0.43744	0.5	55	24	43	93	1.70
1970-1979	107	0.58726	0.45396	0.5	31	14	24	50	1.63
1970-1979	108	0.61413	0.46985	0.5	17	8	13	26	1.58
1970-1979	109	0.64035	0.48505	0.5	9	4	7	14	1.53
1970-1979	110+	0.66580	1.00000	1.5	5	5	7	7	1.50
1980-1989	0	0.00985	0.00976	0.08	100000	976	99098	7562867	75.63
1980-1989	1	0.00096	0.00096	0.5	99024	96	98976	7463770	75.37
1980-1989	2	0.00065	0.00065	0.5	98928	64	98896	7364794	74.45
1980-1989	3	0.00043	0.00043	0.5	98864	43	98843	7265898	73.49
1980-1989	4	0.00035	0.00035	0.5	98821	34	98804	7167056	72.53
1980-1989	5	0.00031	0.00031	0.5	98787	31	98771	7068252	71.55
1980-1989	6	0.00028	0.00028	0.5	98756	28	98742	6969480	70.57
1980-1989	7	0.00024	0.00024	0.5	98728	24	98716	6870739	69.59
1980-1989	8	0.00026	0.00026	0.5	98704	26	98691	6772023	68.61
1980-1989	9	0.00024	0.00024	0.5	98678	24	98666	6673332	67.63
1980-1989	10	0.00024	0.00024	0.5	98654	23	98643	6574665	66.64
1980-1989	11	0.00027	0.00027	0.5	98631	27	98617	6476023	65.66
1980-1989	12	0.00029	0.00029	0.5	98604	28	98590	6377405	64.68
1980-1989	13	0.00035	0.00035	0.5	98576	34	98559	6278815	63.70
1980-1989	14	0.00045	0.00045	0.5	98542	44	98519	6180256	62.72
1980-1989	15	0.00061	0.00061	0.5	98497	60	98467	6081737	61.75
1980-1989	16	0.00086	0.00086	0.5	98437	85	98395	5983270	60.78
1980-1989	17	0.00103	0.00103	0.5	98352	102	98301	5884875	59.83
1980-1989	18	0.00125	0.00125	0.5	98251	123	98189	5786574	58.90
1980-1989	19	0.00126	0.00126	0.5	98128	123	98066	5688384	57.97
1980-1989	20	0.00126	0.00126	0.5	98005	123	97943	5590318	57.04
1980-1989	21	0.00133	0.00133	0.5	97881	131	97816	5492375	56.11
1980-1989	22	0.00134	0.00134	0.5	97751	131	97685	5394559	55.19
1980-1989	23	0.00134	0.00134	0.5	97620	131	97555	5296874	54.26
1980-1989	24	0.00129	0.00129	0.5	97489	126	97426	5199319	53.33
1980-1989	25	0.00124	0.00124	0.5	97363	121	97303	5101893	52.40
1980-1989	26	0.00124	0.00124	0.5	97243	121	97182	5004590	51.46
1980-1989	27	0.00122	0.00121	0.5	97122	118	97063	4907408	50.53
1980-1989	28	0.00133	0.00133	0.5	97004	129	96939	4810345	49.59
1980-1989	29	0.00124	0.00124	0.5	96875	120	96815	4713405	48.65
1980-1989	30	0.00122	0.00122	0.5	96755	118	96696	4616590	47.71
1980-1989	31	0.00132	0.00132	0.5	96637	127	96573	4519894	46.77
1980-1989	32	0.00137	0.00136	0.5	96510	132	96444	4423321	45.83
1980-1989	33	0.00144	0.00144	0.5	96378	138	96309	4326877	44.89
1980-1989	34	0.00145	0.00145	0.5	96240	140	96170	4230568	43.96
1980-1989	35	0.00150	0.00150	0.5	96100	144	96028	4134399	43.02
1980-1989	36	0.00164	0.00164	0.5	95956	157	95877	4038371	42.09
1980-1989	37	0.00164	0.00164	0.5	95798	157	95720	3942494	41.15
1980-1989	38	0.00182	0.00182	0.5	95641	174	95554	3846774	40.22
1980-1989	39	0.00180	0.00180	0.5	95468	172	95382	3751220	39.29
1980-1989	40	0.00200	0.00200	0.5	95296	191	95200	3655838	38.36
1980-1989	41	0.00218	0.00218	0.5	95105	207	95002	3560638	37.44
1980-1989	42	0.00230	0.00230	0.5	94898	218	94789	3465636	36.52
1980-1989	43	0.00244	0.00243	0.5	94680	231	94565	3370847	35.60
1980-1989	44	0.00263	0.00262	0.5	94450	248	94326	3276282	34.69
1980-1989	45	0.00304	0.00303	0.5	94202	286	94059	3181957	33.78
1980-1989	46	0.00327	0.00326	0.5	93916	306	93763	3087898	32.88
1980-1989	47	0.00353	0.00352	0.5	93610	330	93445	2994134	31.99
1980-1989	48	0.00399	0.00398	0.5	93280	371	93095	2900689	31.10
1980-1989	49	0.00414	0.00413	0.5	92909	384	92717	2807595	30.22
1980-1989	50	0.00446	0.00445	0.5	92525	412	92319	2714878	29.34
1980-1989	51	0.00515	0.00513	0.5	92113	473	91877	2622559	28.47
1980-1989	52	0.00583	0.00582	0.5	91640	533	91374	2530682	27.62
1980-1989	53	0.00606	0.00604	0.5	91107	550	90832	2439308	26.77
1980-1989	54	0.00668	0.00666	0.5	90557	603	90256	2348476	25.93
1980-1989	55	0.00747	0.00744	0.5	89954	669	89620	2258220	25.10
1980-1989	56	0.00806	0.00802	0.5	89285	716	88927	2168601	24.29
1980-1989	57	0.00866	0.00863	0.5	88569	764	88186	2079674	23.48
1980-1989	58	0.00994	0.00989	0.5	87804	868	87370	1991487	22.68
1980-1989	59	0.01068	0.01062	0.5	86936	924	86474	1904117	21.90
1980-1989	60	0.01141	0.01135	0.5	86012	976	85525	1817643	21.13
1980-1989	61	0.01248	0.01241	0.5	85037	1055	84509	1732118	20.37
1980-1989	62	0.01390	0.01380	0.5	83982	1159	83402	1647609	19.62
1980-1989	63	0.01505	0.01494	0.5	82822	1237	82204	1564207	18.89
1980-1989	64	0.01562	0.01549	0.5	81585	1264	80953	1482003	18.17
1980-1989	65	0.01753	0.01738	0.5	80321	1396	79623	1401050	17.44
1980-1989	66	0.01888	0.01870	0.5	78925	1476	78187	1321427	16.74
1980-1989	67	0.02062	0.02041	0.5	77449	1581	76659	1243239	16.05
1980-1989	68	0.02306	0.02280	0.5	75869	1730	75004	1166580	15.38
1980-1989	69	0.02430	0.02400	0.5	74139	1780	73249	1091577	14.72
1980-1989	70	0.02669	0.02634	0.5	72359	1906	71406	1018327	14.07
1980-1989	71	0.02911	0.02869	0.5	70453	2021	69443	946921	13.44
1980-1989	72	0.03239	0.03187	0.5	68432	2181	67342	877478	12.82
1980-1989	73	0.03510	0.03450	0.5	66251	2286	65108	810136	12.23
1980-1989	74	0.03765	0.03696	0.5	63966	2364	62784	745028	11.65
1980-1989	75	0.04095	0.04012	0.5	61602	2472	60366	682244	11.08
1980-1989	76	0.04534	0.04433	0.5	59130	2621	57819	621879	10.52
1980-1989	77	0.04887	0.04770	0.5	56508	2696	55161	564059	9.98
1980-1989	78	0.05298	0.05162	0.5	53813	2778	52424	508899	9.46
1980-1989	79	0.05826	0.05661	0.5	51035	2889	49591	456475	8.94
1980-1989	80	0.06251	0.06062	0.5	48146	2918	46687	406884	8.45
1980-1989	81	0.06965	0.06731	0.5	45228	3044	43706	360197	7.96
1980-1989	82	0.07609	0.07330	0.5	42184	3092	40638	316491	7.50
1980-1989	83	0.08365	0.08029	0.5	39092	3139	37522	275854	7.06
1980-1989	84	0.09251	0.08842	0.5	35953	3179	34363	238331	6.63
1980-1989	85	0.10131	0.09643	0.5	32774	3160	31194	203968	6.22
1980-1989	86	0.11103	0.10519	0.5	29614	3115	28056	172774	5.83
1980-1989	87	0.12391	0.11668	0.5	26498	3092	24953	144718	5.46
1980-1989	88	0.13405	0.12563	0.5	23407	2941	21936	119766	5.12
1980-1989	89	0.15021	0.13972	0.5	20466	2859	19036	97829	4.78
1980-1989	90	0.16468	0.15215	0.5	17607	2679	16267	78793	4.48
1980-1989	91	0.18056	0.16561	0.5	14928	2472	13692	62526	4.19
1980-1989	92	0.19759	0.17983	0.5	12456	2240	11336	48834	3.92
1980-1989	93	0.21587	0.19484	0.5	10216	1990	9221	37499	3.67
1980-1989	94	0.23540	0.21061	0.5	8225	1732	7359	28278	3.44
1980-1989	95	0.25619	0.22710	0.5	6493	1475	5756	20919	3.22
1980-1989	96	0.27822	0.24425	0.5	5018	1226	4406	15163	3.02
1980-1989	97	0.30146	0.26197	0.5	3793	994	3296	10758	2.84
1980-1989	98	0.32583	0.28018	0.5	2799	784	2407	7462	2.67
1980-1989	99	0.35126	0.29878	0.5	2015	602	1714	5055	2.51
1980-1989	100	0.37764	0.31766	0.5	1413	449	1188	3341	2.36
1980-1989	101	0.40484	0.33669	0.5	964	325	802	2152	2.23
1980-1989	102	0.43272	0.35575	0.5	639	227	526	1351	2.11
1980-1989	103	0.46110	0.37471	0.5	412	154	335	825	2.00
1980-1989	104	0.48981	0.39345	0.5	258	101	207	490	1.90
1980-1989	105	0.51866	0.41186	0.5	156	64	124	283	1.81
1980-1989	106	0.54745	0.42980	0.5	92	39	72	159	1.73
1980-1989	107	0.57599	0.44720	0.5	52	23	41	87	1.66
1980-1989	108	0.60408	0.46395	0.5	29	13	22	46	1.60
1980-1989	109	0.63156	0.47999	0.5	16	7	12	24	1.55
1980-1989	110+	0.65826	1.00000	1.52	8	8	12	12	1.52
1990-1999	0	0.00740	0.00735	0.07	100000	735	99316	7692314	76.92
1990-1999	1	0.00069	0.00068	0.5	99265	68	99231	7592998	76.49
1990-1999	2	0.00047	0.00047	0.5	99197	47	99173	7493767	75.54
1990-1999	3	0.00033	0.00033	0.5	99150	33	99134	7394594	74.58
1990-1999	4	0.00026	0.00026	0.5	99117	26	99104	7295460	73.60
1990-1999	5	0.00024	0.00024	0.5	99091	23	99080	7196356	72.62
1990-1999	6	0.00020	0.00020	0.5	99068	20	99058	7097276	71.64
1990-1999	7	0.00019	0.00019	0.5	99048	19	99039	6998218	70.65
1990-1999	8	0.00019	0.00019	0.5	99030	19	99020	6899179	69.67
1990-1999	9	0.00018	0.00018	0.5	99011	18	99002	6800159	68.68
1990-1999	10	0.00019	0.00019	0.5	98993	19	98983	6701157	67.69
1990-1999	11	0.00021	0.00021	0.5	98974	20	98964	6602174	66.71
1990-1999	12	0.00024	0.00024	0.5	98953	23	98942	6503211	65.72
1990-1999	13	0.00030	0.00030	0.5	98930	30	98915	6404269	64.74
1990-1999	14	0.00042	0.00042	0.5	98900	41	98880	6305354	63.75
1990-1999	15	0.00058	0.00058	0.5	98859	57	98830	6206474	62.78
1990-1999	16	0.00079	0.00079	0.5	98802	78	98763	6107644	61.82
1990-1999	17	0.00092	0.00092	0.5	98724	91	98678	6008881	60.87
1990-1999	18	0.00108	0.00108	0.5	98632	106	98579	5910203	59.92
1990-1999	19	0.00110	0.00110	0.5	98526	108	98472	5811623	58.99
1990-1999	20	0.00107	0.00107	0.5	98418	105	98366	5713151	58.05
1990-1999	21	0.00112	0.00112	0.5	98313	110	98258	5614786	57.11
1990-1999	22	0.00107	0.00107	0.5	98203	105	98150	5516527	56.17
1990-1999	23	0.00107	0.00107	0.5	98098	105	98046	5418377	55.23
1990-1999	24	0.00106	0.00106	0.5	97993	104	97941	5320331	54.29
1990-1999	25	0.00107	0.00107	0.5	97889	105	97837	5222390	53.35
1990-1999	26	0.00104	0.00104	0.5	97784	101	97734	5124554	52.41
1990-1999	27	0.00109	0.00109	0.5	97683	106	97630	5026820	51.46
1990-1999	28	0.00117	0.00117	0.5	97577	114	97520	4929190	50.52
1990-1999	29	0.00121	0.00121	0.5	97463	118	97404	4831671	49.57
1990-1999	30	0.00119	0.00119	0.5	97344	116	97287	4734267	48.63
1990-1999	31	0.00135	0.00134	0.5	97229	131	97163	4636981	47.69
1990-1999	32	0.00141	0.00141	0.5	97098	137	97029	4539818	46.76
1990-1999	33	0.00146	0.00146	0.5	96961	141	96890	4442788	45.82
1990-1999	34	0.00152	0.00152	0.5	96820	147	96746	4345898	44.89
1990-1999	35	0.00156	0.00156	0.5	96673	151	96597	4249151	43.95
1990-1999	36	0.00166	0.00166	0.5	96522	161	96441	4152554	43.02
1990-1999	37	0.00179	0.00179	0.5	96361	172	96275	4056113	42.09
1990-1999	38	0.00196	0.00196	0.5	96189	189	96095	3959838	41.17
1990-1999	39	0.00189	0.00189	0.5	96000	181	95910	3863744	40.25
1990-1999	40	0.00202	0.00202	0.5	95819	193	95722	3767834	39.32
1990-1999	41	0.00224	0.00224	0.5	95626	214	95519	3672112	38.40
1990-1999	42	0.00233	0.00232	0.5	95412	222	95301	3576593	37.49
1990-1999	43	0.00254	0.00253	0.5	95190	241	95070	3481292	36.57
1990-1999	44	0.00258	0.00257	0.5	94949	244	94827	3386222	35.66
1990-1999	45	0.00278	0.00277	0.5	94705	263	94574	3291395	34.75
1990-1999	46	0.00300	0.00299	0.5	94442	282	94301	3196821	33.85
1990-1999	47	0.00321	0.00321	0.5	94160	302	94009	3102520	32.95
1990-1999	48	0.00355	0.00354	0.5	93858	333	93691	3008511	32.05
1990-1999	49	0.00363	0.00362	0.5	93525	339	93356	2914820	31.17
1990-1999	50	0.00401	0.00400	0.5	93186	373	93000	2821464	30.28
1990-1999	51	0.00447	0.00446	0.5	92813	414	92606	2728465	29.40
1990-1999	52	0.00478	0.00476	0.5	92399	440	92179	2635858	28.53
1990-1999	53	0.00535	0.00533	0.5	91959	491	91714	2543679	27.66
1990-1999	54	0.00571	0.00569	0.5	91468	521	91208	2451966	26.81
1990-1999	55	0.00613	0.00611	0.5	90948	556	90670	2360757	25.96
1990-1999	56	0.00688	0.00685	0.5	90392	620	90082	2270088	25.11
1990-1999	57	0.00749	0.00746	0.5	89772	670	89437	2180006	24.28
1990-1999	58	0.00850	0.00846	0.5	89102	754	88725	2090568	23.46
1990-1999	59	0.00892	0.00888	0.5	88348	784	87956	2001843	22.66
1990-1999	60	0.01003	0.00998	0.5	87564	874	87127	1913887	21.86
1990-1999	61	0.01130	0.01123	0.5	86690	974	86203	1826761	21.07
1990-1999	62	0.01237	0.01229	0.5	85716	1054	85189	1740558	20.31
1990-1999	63	0.01302	0.01293	0.5	84662	1095	84115	1655369	19.55
1990-1999	64	0.01418	0.01408	0.5	83567	1177	82979	1571254	18.80
1990-1999	65	0.01548	0.01536	0.5	82390	1266	81757	1488275	18.06
1990-1999	66	0.01670	0.01656	0.5	81125	1344	80453	1406518	17.34
1990-1999	67	0.01833	0.01816	0.5	79781	1449	79057	1326065	16.62
1990-1999	68	0.02015	0.01995	0.5	78332	1563	77551	1247008	15.92
1990-1999	69	0.02176	0.02153	0.5	76769	1653	75943	1169458	15.23
1990-1999	70	0.02381	0.02353	0.5	75116	1768	74232	1093515	14.56
1990-1999	71	0.02639	0.02604	0.5	73349	1910	72393	1019283	13.90
1990-1999	72	0.02863	0.02823	0.5	71438	2017	70430	946889	13.25
1990-1999	73	0.03147	0.03098	0.5	69422	2151	68346	876459	12.63
1990-1999	74	0.03369	0.03314	0.5	67271	2229	66156	808113	12.01
1990-1999	75	0.03699	0.03632	0.5	65042	2362	63861	741957	11.41
1990-1999	76	0.04043	0.03963	0.5	62680	2484	61438	678096	10.82
1990-1999	77	0.04448	0.04351	0.5	60196	2619	58886	616658	10.24
1990-1999	78	0.04816	0.04703	0.5	57576	2708	56223	557772	9.69
1990-1999	79	0.05285	0.05149	0.5	54869	2825	53456	501550	9.14
1990-1999	80	0.05963	0.05791	0.5	52044	3014	50537	448094	8.61
1990-1999	81	0.06571	0.06362	0.5	49030	3119	47470	397557	8.11
1990-1999	82	0.07250	0.06996	0.5	45911	3212	44305	350086	7.63
1990-1999	83	0.07981	0.07675	0.5	42699	3277	41060	305782	7.16
1990-1999	84	0.08930	0.08548	0.5	39421	3370	37736	264722	6.72
1990-1999	85	0.09660	0.09215	0.5	36051	3322	34390	226985	6.30
1990-1999	86	0.10884	0.10323	0.5	32729	3379	31040	192595	5.88
1990-1999	87	0.11895	0.11228	0.5	29351	3295	27703	161555	5.50
1990-1999	88	0.13200	0.12383	0.5	26055	3226	24442	133852	5.14
1990-1999	89	0.14513	0.13531	0.5	22829	3089	21285	109410	4.79
1990-1999	90	0.16179	0.14968	0.5	19740	2955	18263	88125	4.46
1990-1999	91	0.17932	0.16457	0.5	16785	2762	15404	69862	4.16
1990-1999	92	0.19736	0.17963	0.5	14023	2519	12764	54458	3.88
1990-1999	93	0.21679	0.19559	0.5	11504	2250	10379	41694	3.62
1990-1999	94	0.23762	0.21238	0.5	9254	1965	8271	31315	3.38
1990-1999	95	0.25985	0.22997	0.5	7289	1676	6451	23044	3.16
1990-1999	96	0.28345	0.24827	0.5	5612	1393	4916	16593	2.96
1990-1999	97	0.30837	0.26718	0.5	4219	1127	3655	11678	2.77
1990-1999	98	0.33453	0.28660	0.5	3092	886	2649	8022	2.59
1990-1999	99	0.36183	0.30640	0.5	2206	676	1868	5373	2.44
1990-1999	100	0.39012	0.32644	0.5	1530	499	1280	3506	2.29
1990-1999	101	0.41924	0.34659	0.5	1030	357	852	2225	2.16
1990-1999	102	0.44901	0.36669	0.5	673	247	550	1373	2.04
1990-1999	103	0.47922	0.38659	0.5	426	165	344	824	1.93
1990-1999	104	0.50965	0.40615	0.5	262	106	208	480	1.83
1990-1999	105	0.54008	0.42524	0.5	155	66	122	271	1.75
1990-1999	106	0.57027	0.44374	0.5	89	40	69	149	1.67
1990-1999	107	0.60001	0.46154	0.5	50	23	38	79	1.60
1990-1999	108	0.62908	0.47855	0.5	27	13	20	41	1.54
1990-1999	109	0.65729	0.49471	0.5	14	7	10	21	1.49
1990-1999	110+	0.68448	1.00000	1.46	7	7	10	10	1.46
2000-2009	0	0.00634	0.00631	0.07	100000	631	99411	7807562	78.08
2000-2009	1	0.00053	0.00053	0.5	99369	53	99343	7708151	77.57
2000-2009	2	0.00034	0.00034	0.5	99317	34	99300	7608808	76.61
2000-2009	3	0.00024	0.00024	0.5	99283	24	99271	7509508	75.64
2000-2009	4	0.00020	0.00020	0.5	99259	20	99249	7410236	74.66
2000-2009	5	0.00016	0.00016	0.5	99239	16	99231	7310987	73.67
2000-2009	6	0.00016	0.00016	0.5	99223	16	99215	7211756	72.68
2000-2009	7	0.00014	0.00014	0.5	99207	14	99200	7112541	71.69
2000-2009	8	0.00013	0.00013	0.5	99193	13	99186	7013341	70.70
2000-2009	9	0.00015	0.00015	0.5	99180	14	99172	6914154	69.71
2000-2009	10	0.00014	0.00014	0.5	99165	14	99158	6814982	68.72
2000-2009	11	0.00016	0.00016	0.5	99151	16	99143	6715824	67.73
2000-2009	12	0.00018	0.00018	0.5	99135	18	99126	6616681	66.74
2000-2009	13	0.00023	0.00023	0.5	99118	23	99106	6517554	65.76
2000-2009	14	0.00030	0.00030	0.5	99095	30	99080	6418448	64.77
2000-2009	15	0.00042	0.00042	0.5	99065	41	99044	6319368	63.79
2000-2009	16	0.00058	0.00058	0.5	99024	57	98995	6220324	62.82
2000-2009	17	0.00068	0.00068	0.5	98967	68	98933	6121329	61.85
2000-2009	18	0.00092	0.00091	0.5	98899	90	98854	6022396	60.89
2000-2009	19	0.00101	0.00101	0.5	98809	100	98759	5923543	59.95
2000-2009	20	0.00102	0.00102	0.5	98709	101	98658	5824784	59.01
2000-2009	21	0.00104	0.00104	0.5	98608	103	98556	5726126	58.07
2000-2009	22	0.00103	0.00103	0.5	98505	102	98454	5627569	57.13
2000-2009	23	0.00099	0.00099	0.5	98403	98	98355	5529115	56.19
2000-2009	24	0.00102	0.00102	0.5	98306	100	98256	5430760	55.24
2000-2009	25	0.00101	0.00101	0.5	98206	99	98156	5332504	54.30
2000-2009	26	0.00101	0.00101	0.5	98106	99	98057	5234348	53.35
2000-2009	27	0.00104	0.00104	0.5	98007	102	97956	5136292	52.41
2000-2009	28	0.00104	0.00104	0.5	97905	102	97854	5038336	51.46
2000-2009	29	0.00109	0.00109	0.5	97803	106	97750	4940482	50.51
2000-2009	30	0.00111	0.00111	0.5	97697	109	97642	4842732	49.57
2000-2009	31	0.00115	0.00115	0.5	97588	112	97532	4745090	48.62
2000-2009	32	0.00117	0.00116	0.5	97476	114	97419	4647559	47.68
2000-2009	33	0.00125	0.00125	0.5	97362	121	97301	4550140	46.73
2000-2009	34	0.00132	0.00132	0.5	97241	129	97176	4452838	45.79
2000-2009	35	0.00143	0.00143	0.5	97112	139	97043	4355662	44.85
2000-2009	36	0.00151	0.00150	0.5	96973	146	96900	4258619	43.92
2000-2009	37	0.00161	0.00161	0.5	96827	155	96750	4161719	42.98
2000-2009	38	0.00173	0.00173	0.5	96672	167	96588	4064969	42.05
2000-2009	39	0.00190	0.00190	0.5	96505	183	96413	3968381	41.12
2000-2009	40	0.00202	0.00202	0.5	96322	194	96225	3871968	40.20
2000-2009	41	0.00216	0.00216	0.5	96128	208	96024	3775743	39.28
2000-2009	42	0.00234	0.00233	0.5	95920	224	95808	3679719	38.36
2000-2009	43	0.00255	0.00254	0.5	95696	243	95574	3583912	37.45
2000-2009	44	0.00273	0.00273	0.5	95453	260	95323	3488337	36.55
2000-2009	45	0.00293	0.00293	0.5	95192	279	95053	3393015	35.64
2000-2009	46	0.00315	0.00315	0.5	94914	299	94764	3297962	34.75
2000-2009	47	0.00338	0.00338	0.5	94615	319	94455	3203197	33.86
2000-2009	48	0.00367	0.00366	0.5	94295	346	94123	3108742	32.97
2000-2009	49	0.00392	0.00391	0.5	93950	368	93766	3014620	32.09
2000-2009	50	0.00418	0.00417	0.5	93582	391	93387	2920854	31.21
2000-2009	51	0.00440	0.00439	0.5	93192	409	92987	2827467	30.34
2000-2009	52	0.00482	0.00481	0.5	92783	446	92560	2734480	29.47
2000-2009	53	0.00514	0.00513	0.5	92337	473	92100	2641920	28.61
2000-2009	54	0.00547	0.00545	0.5	91863	501	91613	2549820	27.76
2000-2009	55	0.00586	0.00584	0.5	91362	534	91096	2458207	26.91
2000-2009	56	0.00614	0.00612	0.5	90829	556	90551	2367112	26.06
2000-2009	57	0.00673	0.00671	0.5	90273	606	89970	2276561	25.22
2000-2009	58	0.00719	0.00716	0.5	89667	642	89346	2186591	24.39
2000-2009	59	0.00784	0.00781	0.5	89025	695	88677	2097245	23.56
2000-2009	60	0.00864	0.00860	0.5	88330	760	87950	2008568	22.74
2000-2009	61	0.00937	0.00933	0.5	87570	817	87161	1920618	21.93
2000-2009	62	0.01009	0.01004	0.5	86753	871	86317	1833457	21.13
2000-2009	63	0.01099	0.01093	0.5	85882	939	85412	1747140	20.34
2000-2009	64	0.01209	0.01202	0.5	84943	1021	84432	1661727	19.56
2000-2009	65	0.01302	0.01294	0.5	83922	1086	83379	1577295	18.79
2000-2009	66	0.01413	0.01404	0.5	82836	1163	82255	1493916	18.03
2000-2009	67	0.01523	0.01512	0.5	81673	1235	81056	1411661	17.28
2000-2009	68	0.01645	0.01631	0.5	80439	1312	79783	1330605	16.54
2000-2009	69	0.01831	0.01815	0.5	79127	1436	78409	1250822	15.81
2000-2009	70	0.02018	0.01997	0.5	77691	1552	76915	1172414	15.09
2000-2009	71	0.02162	0.02139	0.5	76139	1628	75325	1095499	14.39
2000-2009	72	0.02416	0.02388	0.5	74511	1779	73621	1020174	13.69
2000-2009	73	0.02690	0.02654	0.5	72732	1930	71767	946552	13.01
2000-2009	74	0.02920	0.02878	0.5	70801	2038	69783	874786	12.36
2000-2009	75	0.03230	0.03179	0.5	68764	2186	67671	805003	11.71
2000-2009	76	0.03556	0.03494	0.5	66578	2326	65415	737332	11.07
2000-2009	77	0.03938	0.03862	0.5	64252	2481	63011	671917	10.46
2000-2009	78	0.04323	0.04231	0.5	61771	2614	60464	608906	9.86
2000-2009	79	0.04793	0.04680	0.5	59157	2769	57773	548443	9.27
2000-2009	80	0.05479	0.05333	0.5	56388	3007	54885	490670	8.70
2000-2009	81	0.06121	0.05939	0.5	53381	3170	51796	435785	8.16
2000-2009	82	0.06886	0.06657	0.5	50211	3342	48539	383990	7.65
2000-2009	83	0.07639	0.07358	0.5	46868	3449	45144	335450	7.16
2000-2009	84	0.08457	0.08114	0.5	43420	3523	41658	290306	6.69
2000-2009	85	0.09518	0.09086	0.5	39897	3625	38084	248648	6.23
2000-2009	86	0.10698	0.10155	0.5	36272	3683	34430	210563	5.81
2000-2009	87	0.11883	0.11217	0.5	32589	3655	30761	176133	5.40
2000-2009	88	0.13334	0.12501	0.5	28933	3617	27125	145372	5.02
2000-2009	89	0.14795	0.13776	0.5	25316	3487	23573	118248	4.67
2000-2009	90	0.16619	0.15344	0.5	21829	3349	20154	94675	4.34
2000-2009	91	0.18353	0.16810	0.5	18479	3106	16926	74521	4.03
2000-2009	92	0.20351	0.18471	0.5	15373	2840	13953	57595	3.75
2000-2009	93	0.22508	0.20231	0.5	12533	2536	11266	43642	3.48
2000-2009	94	0.24826	0.22085	0.5	9998	2208	8894	32376	3.24
2000-2009	95	0.27301	0.24022	0.5	7790	1871	6854	23482	3.01
2000-2009	96	0.29928	0.26033	0.5	5919	1541	5148	16628	2.81
2000-2009	97	0.32698	0.28103	0.5	4378	1230	3763	11480	2.62
2000-2009	98	0.35597	0.30219	0.5	3147	951	2672	7717	2.45
2000-2009	99	0.38610	0.32362	0.5	2196	711	1841	5045	2.30
2000-2009	100	0.41717	0.34517	0.5	1486	513	1229	3204	2.16
2000-2009	101	0.44895	0.36665	0.5	973	357	794	1975	2.03
2000-2009	102	0.48120	0.38788	0.5	616	239	497	1181	1.92
2000-2009	103	0.51365	0.40869	0.5	377	154	300	684	1.81
2000-2009	104	0.54603	0.42892	0.5	223	96	175	384	1.72
2000-2009	105	0.57806	0.44844	0.5	127	57	99	209	1.64
2000-2009	106	0.60948	0.46713	0.5	70	33	54	110	1.57
2000-2009	107	0.64006	0.48488	0.5	37	18	28	56	1.50
2000-2009	108	0.66958	0.50164	0.5	19	10	14	28	1.45
2000-2009	109	0.69785	0.51734	0.5	10	5	7	14	1.41
2000-2009	110+	0.72472	1.00000	1.38	5	5	6	6	1.38
2010-2019	0	0.00536	0.00533	0.06	100000	533	99500	7916236	79.16
2010-2019	1	0.00046	0.00046	0.5	99467	45	99444	7816736	78.59
2010-2019	2	0.00026	0.00026	0.5	99421	26	99408	7717292	77.62
2010-2019	3	0.00020	0.00020	0.5	99395	20	99385	7617884	76.64
2010-2019	4	0.00016	0.00016	0.5	99375	16	99367	7518499	75.66
2010-2019	5	0.00014	0.00014	0.5	99359	14	99352	7419132	74.67
2010-2019	6	0.00011	0.00011	0.5	99345	11	99339	7319781	73.68
2010-2019	7	0.00011	0.00011	0.5	99334	11	99328	7220441	72.69
2010-2019	8	0.00011	0.00011	0.5	99323	11	99317	7121113	71.70
2010-2019	9	0.00011	0.00011	0.5	99311	11	99306	7021796	70.70
2010-2019	10	0.00011	0.00011	0.5	99301	11	99295	6922490	69.71
2010-2019	11	0.00012	0.00012	0.5	99290	12	99284	6823195	68.72
2010-2019	12	0.00015	0.00015	0.5	99278	15	99270	6723911	67.73
2010-2019	13	0.00019	0.00019	0.5	99263	18	99254	6624641	66.74
2010-2019	14	0.00025	0.00025	0.5	99245	25	99232	6525387	65.75
2010-2019	15	0.00032	0.00032	0.5	99220	32	99204	6426155	64.77
2010-2019	16	0.00044	0.00044	0.5	99187	43	99166	6326951	63.79
2010-2019	17	0.00053	0.00053	0.5	99144	53	99118	6227785	62.82
2010-2019	18	0.00070	0.00070	0.5	99091	70	99057	6128668	61.85
2010-2019	19	0.00078	0.00078	0.5	99022	77	98983	6029611	60.89
2010-2019	20	0.00087	0.00087	0.5	98945	86	98902	5930628	59.94
2010-2019	21	0.00093	0.00093	0.5	98859	92	98813	5831726	58.99
2010-2019	22	0.00098	0.00098	0.5	98767	97	98718	5732913	58.04
2010-2019	23	0.00099	0.00099	0.5	98670	97	98621	5634195	57.10
2010-2019	24	0.00101	0.00101	0.5	98572	99	98523	5535574	56.16
2010-2019	25	0.00105	0.00105	0.5	98473	103	98421	5437052	55.21
2010-2019	26	0.00110	0.00110	0.5	98369	108	98315	5338630	54.27
2010-2019	27	0.00115	0.00115	0.5	98261	113	98205	5240315	53.33
2010-2019	28	0.00117	0.00117	0.5	98148	115	98091	5142110	52.39
2010-2019	29	0.00123	0.00123	0.5	98034	120	97974	5044019	51.45
2010-2019	30	0.00123	0.00123	0.5	97913	121	97853	4946046	50.51
2010-2019	31	0.00134	0.00134	0.5	97792	131	97727	4848193	49.58
2010-2019	32	0.00131	0.00131	0.5	97662	128	97598	4750466	48.64
2010-2019	33	0.00140	0.00140	0.5	97534	136	97466	4652868	47.71
2010-2019	34	0.00144	0.00144	0.5	97398	140	97328	4555402	46.77
2010-2019	35	0.00148	0.00147	0.5	97258	143	97186	4458075	45.84
2010-2019	36	0.00158	0.00158	0.5	97114	153	97038	4360889	44.90
2010-2019	37	0.00159	0.00159	0.5	96961	154	96884	4263851	43.97
2010-2019	38	0.00167	0.00167	0.5	96807	161	96726	4166967	43.04
2010-2019	39	0.00180	0.00180	0.5	96645	174	96559	4070241	42.12
2010-2019	40	0.00190	0.00190	0.5	96472	183	96380	3973682	41.19
2010-2019	41	0.00202	0.00202	0.5	96288	194	96191	3877302	40.27
2010-2019	42	0.00214	0.00214	0.5	96094	206	95991	3781111	39.35
2010-2019	43	0.00229	0.00228	0.5	95889	219	95779	3685119	38.43
2010-2019	44	0.00243	0.00243	0.5	95670	233	95553	3589340	37.52
2010-2019	45	0.00260	0.00260	0.5	95437	248	95313	3493787	36.61
2010-2019	46	0.00296	0.00295	0.5	95189	281	95048	3398474	35.70
2010-2019	47	0.00312	0.00312	0.5	94908	296	94760	3303425	34.81
2010-2019	48	0.00345	0.00345	0.5	94612	326	94449	3208665	33.91
2010-2019	49	0.00376	0.00375	0.5	94286	354	94109	3114217	33.03
2010-2019	50	0.00398	0.00398	0.5	93932	373	93745	3020108	32.15
2010-2019	51	0.00433	0.00432	0.5	93559	405	93356	2926362	31.28
2010-2019	52	0.00468	0.00467	0.5	93154	435	92937	2833006	30.41
2010-2019	53	0.00509	0.00508	0.5	92719	471	92484	2740069	29.55
2010-2019	54	0.00550	0.00548	0.5	92248	506	91995	2647586	28.70
2010-2019	55	0.00590	0.00588	0.5	91742	539	91473	2555590	27.86
2010-2019	56	0.00635	0.00633	0.5	91203	578	90914	2464118	27.02
2010-2019	57	0.00679	0.00677	0.5	90625	614	90319	2373203	26.19
2010-2019	58	0.00728	0.00725	0.5	90012	653	89686	2282885	25.36
2010-2019	59	0.00779	0.00776	0.5	89359	694	89012	2193199	24.54
2010-2019	60	0.00835	0.00832	0.5	88666	738	88297	2104187	23.73
2010-2019	61	0.00889	0.00885	0.5	87928	778	87539	2015890	22.93
2010-2019	62	0.00948	0.00944	0.5	87150	822	86738	1928351	22.13
2010-2019	63	0.01038	0.01032	0.5	86327	891	85882	1841613	21.33
2010-2019	64	0.01090	0.01084	0.5	85436	927	84973	1755731	20.55
2010-2019	65	0.01153	0.01147	0.5	84510	969	84025	1670758	19.77
2010-2019	66	0.01244	0.01236	0.5	83540	1033	83024	1586733	18.99
2010-2019	67	0.01348	0.01339	0.5	82507	1105	81955	1503709	18.23
2010-2019	68	0.01429	0.01419	0.5	81403	1155	80825	1421754	17.47
2010-2019	69	0.01562	0.01550	0.5	80247	1244	79625	1340930	16.71
2010-2019	70	0.01704	0.01690	0.5	79004	1335	78336	1261304	15.97
2010-2019	71	0.01858	0.01841	0.5	77668	1430	76954	1182968	15.23
2010-2019	72	0.02068	0.02047	0.5	76239	1561	75459	1106014	14.51
2010-2019	73	0.02235	0.02211	0.5	74678	1651	73853	1030556	13.80
2010-2019	74	0.02480	0.02449	0.5	73027	1789	72133	956703	13.10
2010-2019	75	0.02761	0.02724	0.5	71239	1940	70268	884570	12.42
2010-2019	76	0.03039	0.02993	0.5	69298	2074	68261	814302	11.75
2010-2019	77	0.03331	0.03276	0.5	67224	2202	66123	746041	11.10
2010-2019	78	0.03693	0.03626	0.5	65022	2358	63843	679918	10.46
2010-2019	79	0.04109	0.04027	0.5	62664	2523	61402	616075	9.83
2010-2019	80	0.04761	0.04651	0.5	60140	2797	58742	554673	9.22
2010-2019	81	0.05331	0.05192	0.5	57343	2978	55855	495931	8.65
2010-2019	82	0.06005	0.05830	0.5	54366	3170	52781	440077	8.09
2010-2019	83	0.06717	0.06499	0.5	51196	3327	49533	387295	7.56
2010-2019	84	0.07639	0.07358	0.5	47869	3522	46108	337763	7.06
2010-2019	85	0.08453	0.08110	0.5	44347	3596	42549	291655	6.58
2010-2019	86	0.09599	0.09159	0.5	40750	3732	38884	249106	6.11
2010-2019	87	0.10800	0.10247	0.5	37018	3793	35121	210222	5.68
2010-2019	88	0.12168	0.11470	0.5	33225	3811	31319	175101	5.27
2010-2019	89	0.13661	0.12787	0.5	29414	3761	27533	143781	4.89
2010-2019	90	0.15365	0.14269	0.5	25653	3660	23823	116248	4.53
2010-2019	91	0.17067	0.15725	0.5	21992	3458	20263	92425	4.20
2010-2019	92	0.19051	0.17394	0.5	18534	3224	16922	72162	3.89
2010-2019	93	0.21208	0.19175	0.5	15310	2936	13842	55240	3.61
2010-2019	94	0.23539	0.21061	0.5	12374	2606	11071	41397	3.35
2010-2019	95	0.26043	0.23042	0.5	9768	2251	8643	30326	3.10
2010-2019	96	0.28714	0.25109	0.5	7517	1888	6574	21683	2.88
2010-2019	97	0.31544	0.27247	0.5	5630	1534	4863	15109	2.68
2010-2019	98	0.34519	0.29438	0.5	4096	1206	3493	10246	2.50
2010-2019	99	0.37623	0.31666	0.5	2890	915	2433	6753	2.34
2010-2019	100	0.40834	0.33911	0.5	1975	670	1640	4321	2.19
2010-2019	101	0.44128	0.36151	0.5	1305	472	1069	2681	2.05
2010-2019	102	0.47476	0.38368	0.5	833	320	674	1611	1.93
2010-2019	103	0.50850	0.40542	0.5	514	208	410	938	1.83
2010-2019	104	0.54219	0.42655	0.5	305	130	240	528	1.73
2010-2019	105	0.57552	0.44692	0.5	175	78	136	288	1.64
2010-2019	106	0.60821	0.46638	0.5	97	45	74	152	1.57
2010-2019	107	0.63998	0.48483	0.5	52	25	39	78	1.50
2010-2019	108	0.67059	0.50220	0.5	27	13	20	39	1.45
2010-2019	109	0.69984	0.51843	0.5	13	7	10	19	1.40
2010-2019	110+	0.72757	1.00000	1.37	6	6	9	9	1.37
2020-2022	0	0.00517	0.00514	0.06	100000	514	99518	7708763	77.09
2020-2022	1	0.00044	0.00044	0.5	99486	44	99464	7609245	76.49
2020-2022	2	0.00023	0.00023	0.5	99441	23	99430	7509782	75.52
2020-2022	3	0.00019	0.00019	0.5	99418	19	99409	7410352	74.54
2020-2022	4	0.00015	0.00015	0.5	99399	14	99392	7310943	73.55
2020-2022	5	0.00014	0.00014	0.5	99385	13	99378	7211551	72.56
2020-2022	6	0.00011	0.00011	0.5	99371	11	99366	7112173	71.57
2020-2022	7	0.00012	0.00012	0.5	99360	12	99354	7012807	70.58
2020-2022	8	0.00010	0.00010	0.5	99348	10	99344	6913453	69.59
2020-2022	9	0.00010	0.00010	0.5	99339	10	99334	6814109	68.59
2020-2022	10	0.00012	0.00012	0.5	99329	12	99323	6714775	67.60
2020-2022	11	0.00016	0.00016	0.5	99317	16	99309	6615452	66.61
2020-2022	12	0.00016	0.00016	0.5	99301	16	99293	6516143	65.62
2020-2022	13	0.00023	0.00023	0.5	99285	23	99273	6416850	64.63
2020-2022	14	0.00028	0.00028	0.5	99262	28	99248	6317577	63.65
2020-2022	15	0.00042	0.00042	0.5	99233	42	99212	6218329	62.66
2020-2022	16	0.00060	0.00060	0.5	99191	59	99162	6119117	61.69
2020-2022	17	0.00067	0.00067	0.5	99132	67	99099	6019955	60.73
2020-2022	18	0.00089	0.00089	0.5	99066	88	99022	5920856	59.77
2020-2022	19	0.00103	0.00102	0.5	98977	101	98927	5821834	58.82
2020-2022	20	0.00109	0.00109	0.5	98876	107	98822	5722907	57.88
2020-2022	21	0.00115	0.00115	0.5	98769	114	98712	5624085	56.94
2020-2022	22	0.00124	0.00124	0.5	98655	122	98593	5525373	56.01
2020-2022	23	0.00129	0.00129	0.5	98532	127	98469	5426780	55.08
2020-2022	24	0.00130	0.00130	0.5	98406	128	98342	5328311	54.15
2020-2022	25	0.00140	0.00140	0.5	98278	137	98209	5229969	53.22
2020-2022	26	0.00148	0.00148	0.5	98141	145	98068	5131760	52.29
2020-2022	27	0.00157	0.00157	0.5	97995	153	97918	5033692	51.37
2020-2022	28	0.00166	0.00166	0.5	97842	162	97761	4935774	50.45
2020-2022	29	0.00181	0.00181	0.5	97679	177	97591	4838013	49.53
2020-2022	30	0.00196	0.00196	0.5	97503	191	97407	4740422	48.62
2020-2022	31	0.00201	0.00201	0.5	97312	196	97214	4643015	47.71
2020-2022	32	0.00206	0.00206	0.5	97116	200	97016	4545801	46.81
2020-2022	33	0.00219	0.00219	0.5	96916	212	96810	4448785	45.90
2020-2022	34	0.00232	0.00231	0.5	96704	224	96592	4351975	45.00
2020-2022	35	0.00233	0.00233	0.5	96480	225	96368	4255383	44.11
2020-2022	36	0.00252	0.00251	0.5	96255	242	96135	4159015	43.21
2020-2022	37	0.00245	0.00245	0.5	96014	235	95896	4062881	42.32
2020-2022	38	0.00260	0.00260	0.5	95778	249	95654	3966985	41.42
2020-2022	39	0.00267	0.00267	0.5	95530	255	95402	3871331	40.52
2020-2022	40	0.00280	0.00280	0.5	95275	267	95141	3775928	39.63
2020-2022	41	0.00294	0.00293	0.5	95008	279	94869	3680787	38.74
2020-2022	42	0.00299	0.00298	0.5	94729	282	94588	3585918	37.85
2020-2022	43	0.00319	0.00319	0.5	94447	301	94296	3491330	36.97
2020-2022	44	0.00330	0.00329	0.5	94146	310	93991	3397033	36.08
2020-2022	45	0.00347	0.00346	0.5	93836	325	93674	3303042	35.20
2020-2022	46	0.00374	0.00373	0.5	93511	349	93337	3209369	34.32
2020-2022	47	0.00414	0.00413	0.5	93162	385	92970	3116032	33.45
2020-2022	48	0.00437	0.00436	0.5	92777	405	92575	3023062	32.58
2020-2022	49	0.00466	0.00465	0.5	92373	430	92158	2930487	31.72
2020-2022	50	0.00505	0.00504	0.5	91943	463	91711	2838330	30.87
2020-2022	51	0.00523	0.00522	0.5	91480	478	91241	2746618	30.02
2020-2022	52	0.00574	0.00572	0.5	91002	521	90742	2655378	29.18
2020-2022	53	0.00596	0.00594	0.5	90481	537	90213	2564636	28.34
2020-2022	54	0.00642	0.00640	0.5	89944	576	89656	2474423	27.51
2020-2022	55	0.00722	0.00719	0.5	89368	643	89047	2384767	26.68
2020-2022	56	0.00779	0.00776	0.5	88725	688	88381	2295720	25.87
2020-2022	57	0.00829	0.00826	0.5	88037	727	87673	2207339	25.07
2020-2022	58	0.00898	0.00894	0.5	87310	780	86920	2119666	24.28
2020-2022	59	0.00972	0.00968	0.5	86530	837	86111	2032746	23.49
2020-2022	60	0.01026	0.01021	0.5	85692	875	85255	1946635	22.72
2020-2022	61	0.01093	0.01087	0.5	84818	922	84357	1861380	21.95
2020-2022	62	0.01173	0.01166	0.5	83896	978	83407	1777023	21.18
2020-2022	63	0.01249	0.01241	0.5	82917	1029	82403	1693617	20.43
2020-2022	64	0.01321	0.01313	0.5	81888	1075	81351	1611214	19.68
2020-2022	65	0.01436	0.01425	0.5	80814	1152	80238	1529863	18.93
2020-2022	66	0.01484	0.01473	0.5	79662	1173	79075	1449625	18.20
2020-2022	67	0.01583	0.01571	0.5	78488	1233	77872	1370550	17.46
2020-2022	68	0.01708	0.01693	0.5	77255	1308	76601	1292679	16.73
2020-2022	69	0.01825	0.01809	0.5	75947	1374	75260	1216078	16.01
2020-2022	70	0.01985	0.01966	0.5	74573	1466	73840	1140817	15.30
2020-2022	71	0.02144	0.02121	0.5	73107	1551	72332	1066977	14.59
2020-2022	72	0.02296	0.02269	0.5	71557	1624	70745	994645	13.90
2020-2022	73	0.02586	0.02553	0.5	69933	1785	69040	923900	13.21
2020-2022	74	0.02781	0.02743	0.5	68148	1869	67213	854860	12.54
2020-2022	75	0.03142	0.03094	0.5	66278	2050	65253	787647	11.88
2020-2022	76	0.03367	0.03311	0.5	64228	2126	63165	722393	11.25
2020-2022	77	0.03794	0.03723	0.5	62102	2312	60945	659229	10.62
2020-2022	78	0.04227	0.04139	0.5	59789	2475	58552	598283	10.01
2020-2022	79	0.04701	0.04593	0.5	57314	2632	55998	539731	9.42
2020-2022	80	0.05179	0.05048	0.5	54682	2760	53302	483733	8.85
2020-2022	81	0.05884	0.05716	0.5	51922	2968	50438	430431	8.29
2020-2022	82	0.06462	0.06260	0.5	48954	3064	47422	379994	7.76
2020-2022	83	0.07337	0.07077	0.5	45889	3248	44266	332572	7.25
2020-2022	84	0.08194	0.07871	0.5	42642	3357	40964	288306	6.76
2020-2022	85	0.09148	0.08748	0.5	39285	3437	37567	247343	6.30
2020-2022	86	0.10222	0.09725	0.5	35849	3486	34105	209776	5.85
2020-2022	87	0.11515	0.10888	0.5	32362	3524	30601	175670	5.43
2020-2022	88	0.12938	0.12152	0.5	28839	3504	27087	145070	5.03
2020-2022	89	0.14741	0.13729	0.5	25334	3478	23595	117983	4.66
2020-2022	90	0.16595	0.15324	0.5	21856	3349	20182	94388	4.32
2020-2022	91	0.18348	0.16807	0.5	18507	3110	16952	74207	4.01
2020-2022	92	0.20354	0.18474	0.5	15397	2844	13974	57255	3.72
2020-2022	93	0.22606	0.20311	0.5	12552	2549	11277	43281	3.45
2020-2022	94	0.25031	0.22247	0.5	10003	2225	8890	32003	3.20
2020-2022	95	0.27624	0.24272	0.5	7777	1888	6834	23113	2.97
2020-2022	96	0.30380	0.26374	0.5	5890	1553	5113	16279	2.76
2020-2022	97	0.33286	0.28536	0.5	4336	1237	3718	11166	2.58
2020-2022	98	0.36327	0.30743	0.5	3099	953	2623	7449	2.40
2020-2022	99	0.39484	0.32974	0.5	2146	708	1792	4826	2.25
2020-2022	100	0.42734	0.35211	0.5	1439	507	1185	3034	2.11
2020-2022	101	0.46051	0.37432	0.5	932	349	758	1848	1.98
2020-2022	102	0.49405	0.39619	0.5	583	231	468	1091	1.87
2020-2022	103	0.52768	0.41752	0.5	352	147	279	623	1.77
2020-2022	104	0.56109	0.43817	0.5	205	90	160	345	1.68
2020-2022	105	0.59398	0.45797	0.5	115	53	89	184	1.60
2020-2022	106	0.62607	0.47681	0.5	62	30	48	96	1.53
2020-2022	107	0.65712	0.49461	0.5	33	16	25	48	1.47
2020-2022	108	0.68690	0.51129	0.5	17	8	12	23	1.42
2020-2022	109	0.71523	0.52683	0.5	8	4	6	11	1.37
2020-2022	110+	0.74198	1.00000	1.35	4	4	5	5	1.35
