Div8: Div8, Lifetables (period 5x5), Males Last modified: February 4 2025, MPv5 (May07) 

Year     	Age	mx	qx	ax	lx	dx	Lx	Tx	ex
1941-1944	0	0.06293	0.05997	0.21	100000	5997	95286	6138332	61.38
1941-1944	1-4	0.00409	0.01619	1.39	94003	1522	372035	6043046	64.29
1941-1944	5-9	0.00134	0.00669	2.38	92481	619	460788	5671011	61.32
1941-1944	10-14	0.00143	0.00711	2.64	91863	653	457771	5210223	56.72
1941-1944	15-19	0.00246	0.01225	2.76	91210	1117	453547	4752452	52.10
1941-1944	20-24	0.00396	0.01961	2.54	90093	1767	446120	4298905	47.72
1941-1944	25-29	0.00327	0.01621	2.4	88326	1432	437902	3852786	43.62
1941-1944	30-34	0.00339	0.01679	2.58	86894	1459	430939	3414884	39.30
1941-1944	35-39	0.00451	0.02230	2.62	85434	1906	422644	2983945	34.93
1941-1944	40-44	0.00622	0.03067	2.63	83529	2562	411577	2561301	30.66
1941-1944	45-49	0.00927	0.04535	2.62	80967	3672	396104	2149724	26.55
1941-1944	50-54	0.01317	0.06383	2.62	77296	4934	374726	1753620	22.69
1941-1944	55-59	0.01886	0.09021	2.6	72362	6528	346162	1378894	19.06
1941-1944	60-64	0.02787	0.13065	2.61	65834	8601	308617	1032732	15.69
1941-1944	65-69	0.04063	0.18496	2.58	57233	10586	260565	724115	12.65
1941-1944	70-74	0.06240	0.27033	2.53	46648	12610	202095	463550	9.94
1941-1944	75-79	0.09278	0.37615	2.49	34037	12803	137988	261455	7.68
1941-1944	80-84	0.14251	0.51873	2.38	21234	11015	77290	123467	5.81
1941-1944	85-89	0.20058	0.64401	2.22	10219	6581	32811	46178	4.52
1941-1944	90-94	0.25369	0.73042	2.1	3638	2657	10474	13367	3.67
1941-1944	95-99	0.32554	0.81641	1.95	981	801	2460	2893	2.95
1941-1944	100-104	0.40649	0.88152	1.79	180	159	390	433	2.41
1941-1944	105-109	0.49289	0.92613	1.63	21	20	40	43	2.01
1941-1944	110+	0.56337	1.00000	1.78	2	2	3	3	1.78
1945-1949	0	0.05123	0.04917	0.18	100000	4917	95980	6369292	63.69
1945-1949	1-4	0.00263	0.01045	1.48	95083	993	377832	6273312	65.98
1945-1949	5-9	0.00116	0.00577	2.39	94089	543	469029	5895480	62.66
1945-1949	10-14	0.00116	0.00581	2.68	93546	543	466470	5426451	58.01
1945-1949	15-19	0.00202	0.01004	2.67	93003	934	462843	4959980	53.33
1945-1949	20-24	0.00260	0.01290	2.52	92070	1188	457407	4497138	48.84
1945-1949	25-29	0.00265	0.01316	2.52	90882	1196	451441	4039731	44.45
1945-1949	30-34	0.00302	0.01498	2.57	89686	1343	445161	3588290	40.01
1945-1949	35-39	0.00395	0.01954	2.64	88342	1727	437629	3143129	35.58
1945-1949	40-44	0.00591	0.02916	2.65	86616	2525	427140	2705500	31.24
1945-1949	45-49	0.00842	0.04128	2.64	84090	3471	412251	2278360	27.09
1945-1949	50-54	0.01258	0.06109	2.62	80619	4925	391378	1866110	23.15
1945-1949	55-59	0.01823	0.08733	2.62	75694	6611	362710	1474732	19.48
1945-1949	60-64	0.02611	0.12285	2.59	69084	8487	324973	1112021	16.10
1945-1949	65-69	0.03963	0.18082	2.58	60597	10957	276522	787048	12.99
1945-1949	70-74	0.05822	0.25489	2.56	49640	12653	217306	510526	10.28
1945-1949	75-79	0.08961	0.36533	2.47	36987	13513	150788	293221	7.93
1945-1949	80-84	0.13005	0.48580	2.4	23475	11404	87688	142433	6.07
1945-1949	85-89	0.19548	0.63777	2.28	12071	7698	39381	54745	4.54
1945-1949	90-94	0.26421	0.74739	2.09	4372	3268	12368	15364	3.51
1945-1949	95-99	0.35517	0.84573	1.9	1104	934	2630	2996	2.71
1945-1949	100-104	0.45779	0.91218	1.7	170	155	340	366	2.15
1945-1949	105-109	0.56443	0.95136	1.52	15	14	25	26	1.76
1945-1949	110+	0.64984	1.00000	1.54	1	1	1	1	1.54
1950-1954	0	0.04025	0.03892	0.15	100000	3892	96704	6562463	65.62
1950-1954	1-4	0.00195	0.00777	1.48	96108	746	382554	6465759	67.28
1950-1954	5-9	0.00079	0.00396	2.43	95362	377	475838	6083205	63.79
1950-1954	10-14	0.00089	0.00443	2.74	94984	421	473969	5607367	59.03
1950-1954	15-19	0.00179	0.00893	2.71	94563	844	470888	5133398	54.29
1950-1954	20-24	0.00236	0.01172	2.52	93719	1098	465878	4662510	49.75
1950-1954	25-29	0.00239	0.01189	2.5	92621	1101	460355	4196633	45.31
1950-1954	30-34	0.00266	0.01319	2.57	91520	1208	454659	3736278	40.82
1950-1954	35-39	0.00334	0.01655	2.62	90312	1494	448005	3281619	36.34
1950-1954	40-44	0.00503	0.02487	2.67	88818	2209	438952	2833614	31.90
1950-1954	45-49	0.00800	0.03925	2.66	86609	3400	425079	2394662	27.65
1950-1954	50-54	0.01175	0.05716	2.64	83209	4756	404820	1969584	23.67
1950-1954	55-59	0.01754	0.08418	2.6	78453	6604	376438	1564764	19.95
1950-1954	60-64	0.02558	0.12054	2.62	71849	8660	338601	1188326	16.54
1950-1954	65-69	0.03764	0.17247	2.57	63188	10898	289496	849725	13.45
1950-1954	70-74	0.05542	0.24392	2.54	52290	12755	230134	560229	10.71
1950-1954	75-79	0.08188	0.33981	2.5	39536	13435	164073	330095	8.35
1950-1954	80-84	0.12205	0.46382	2.41	26101	12106	99187	166022	6.36
1950-1954	85-89	0.18204	0.60944	2.29	13995	8529	46852	66835	4.78
1950-1954	90-94	0.25185	0.73024	2.12	5466	3991	15848	19983	3.66
1950-1954	95-99	0.34207	0.83451	1.93	1474	1230	3597	4135	2.80
1950-1954	100-104	0.44514	0.90599	1.73	244	221	497	538	2.20
1950-1954	105-109	0.55343	0.94839	1.53	23	22	39	41	1.79
1950-1954	110+	0.64061	1.00000	1.56	1	1	2	2	1.56
1955-1959	0	0.03427	0.03329	0.14	100000	3329	97127	6666051	66.66
1955-1959	1-4	0.00151	0.00601	1.54	96671	581	385260	6568924	67.95
1955-1959	5-9	0.00063	0.00312	2.31	96091	300	479648	6183664	64.35
1955-1959	10-14	0.00074	0.00368	2.79	95791	353	478175	5704016	59.55
1955-1959	15-19	0.00174	0.00868	2.75	95438	828	475331	5225841	54.76
1955-1959	20-24	0.00243	0.01206	2.5	94610	1141	470197	4750511	50.21
1955-1959	25-29	0.00218	0.01086	2.46	93469	1015	464763	4280314	45.79
1955-1959	30-34	0.00237	0.01177	2.55	92454	1088	459601	3815551	41.27
1955-1959	35-39	0.00301	0.01492	2.64	91366	1363	453616	3355950	36.73
1955-1959	40-44	0.00469	0.02319	2.64	90003	2087	445093	2902335	32.25
1955-1959	45-49	0.00728	0.03580	2.68	87915	3148	432275	2457242	27.95
1955-1959	50-54	0.01119	0.05454	2.66	84767	4624	413000	2024967	23.89
1955-1959	55-59	0.01698	0.08167	2.65	80144	6545	385365	1611966	20.11
1955-1959	60-64	0.02495	0.11767	2.59	73599	8661	347150	1226602	16.67
1955-1959	65-69	0.03664	0.16830	2.58	64938	10929	298292	879452	13.54
1955-1959	70-74	0.05374	0.23751	2.56	54009	12828	238686	581160	10.76
1955-1959	75-79	0.08225	0.34113	2.5	41181	14048	170789	342473	8.32
1955-1959	80-84	0.12112	0.46266	2.45	27133	12553	103647	171685	6.33
1955-1959	85-89	0.18617	0.61904	2.29	14580	9025	48479	68038	4.67
1955-1959	90-94	0.26223	0.74580	2.11	5554	4142	15797	19560	3.52
1955-1959	95-99	0.36142	0.85198	1.9	1412	1203	3328	3762	2.66
1955-1959	100-104	0.47386	0.92044	1.68	209	192	406	434	2.08
1955-1959	105-109	0.58952	0.95818	1.48	17	16	27	28	1.69
1955-1959	110+	0.68093	1.00000	1.47	1	1	1	1	1.47
1960-1964	0	0.03062	0.02983	0.13	100000	2983	97397	6698060	66.98
1960-1964	1-4	0.00139	0.00554	1.58	97017	537	386769	6600664	68.04
1960-1964	5-9	0.00056	0.00280	2.34	96480	270	481683	6213895	64.41
1960-1964	10-14	0.00061	0.00305	2.78	96210	294	480398	5732212	59.58
1960-1964	15-19	0.00166	0.00825	2.82	95916	792	477857	5251814	54.75
1960-1964	20-24	0.00235	0.01170	2.43	95125	1113	472759	4773957	50.19
1960-1964	25-29	0.00217	0.01080	2.49	94012	1015	467512	4301198	45.75
1960-1964	30-34	0.00232	0.01153	2.62	92997	1073	462429	3833686	41.22
1960-1964	35-39	0.00314	0.01560	2.64	91924	1434	456235	3371256	36.67
1960-1964	40-44	0.00471	0.02329	2.68	90490	2107	447552	2915021	32.21
1960-1964	45-49	0.00724	0.03561	2.7	88383	3147	434667	2467470	27.92
1960-1964	50-54	0.01129	0.05500	2.63	85235	4688	415084	2032802	23.85
1960-1964	55-59	0.01701	0.08175	2.62	80547	6585	387036	1617718	20.08
1960-1964	60-64	0.02531	0.11931	2.61	73962	8825	348679	1230683	16.64
1960-1964	65-69	0.03751	0.17186	2.57	65138	11194	298469	882004	13.54
1960-1964	70-74	0.05442	0.24003	2.55	53943	12948	237947	583535	10.82
1960-1964	75-79	0.07862	0.32832	2.49	40995	13460	171206	345588	8.43
1960-1964	80-84	0.12088	0.46113	2.43	27536	12698	105041	174382	6.33
1960-1964	85-89	0.18392	0.61446	2.3	14838	9117	49573	69341	4.67
1960-1964	90-94	0.26886	0.75150	2.07	5721	4299	15990	19768	3.46
1960-1964	95-99	0.36242	0.85286	1.9	1422	1212	3345	3778	2.66
1960-1964	100-104	0.47555	0.92123	1.68	209	193	405	433	2.07
1960-1964	105-109	0.59176	0.95873	1.47	16	16	27	28	1.68
1960-1964	110+	0.68348	1.00000	1.46	1	1	1	1	1.46
1965-1969	0	0.02595	0.02537	0.11	100000	2537	97754	6767111	67.67
1965-1969	1-4	0.00123	0.00490	1.58	97463	478	388697	6669357	68.43
1965-1969	5-9	0.00054	0.00269	2.34	96986	260	484234	6280660	64.76
1965-1969	10-14	0.00059	0.00294	2.88	96725	284	483022	5796426	59.93
1965-1969	15-19	0.00177	0.00880	2.83	96441	848	480360	5313404	55.09
1965-1969	20-24	0.00233	0.01158	2.48	95593	1107	475173	4833045	50.56
1965-1969	25-29	0.00217	0.01081	2.46	94486	1021	469834	4357872	46.12
1965-1969	30-34	0.00236	0.01174	2.53	93465	1097	464616	3888038	41.60
1965-1969	35-39	0.00305	0.01515	2.65	92368	1399	458551	3423422	37.06
1965-1969	40-44	0.00448	0.02219	2.69	90968	2018	450169	2964871	32.59
1965-1969	45-49	0.00685	0.03370	2.69	88950	2997	437823	2514702	28.27
1965-1969	50-54	0.01098	0.05354	2.66	85952	4602	419001	2076879	24.16
1965-1969	55-59	0.01654	0.07960	2.64	81350	6476	391496	1657878	20.38
1965-1969	60-64	0.02483	0.11712	2.59	74875	8770	353247	1266382	16.91
1965-1969	65-69	0.03572	0.16436	2.58	66105	10865	304190	913136	13.81
1965-1969	70-74	0.05263	0.23299	2.54	55240	12870	244535	608945	11.02
1965-1969	75-79	0.07569	0.31797	2.49	42369	13472	177989	364410	8.60
1965-1969	80-84	0.11754	0.45169	2.44	28897	13052	111050	186420	6.45
1965-1969	85-89	0.17997	0.60682	2.32	15845	9615	53424	75371	4.76
1965-1969	90-94	0.26163	0.74522	2.11	6230	4643	17745	21947	3.52
1965-1969	95-99	0.36375	0.85431	1.9	1587	1356	3728	4202	2.65
1965-1969	100-104	0.48022	0.92351	1.67	231	214	445	474	2.05
1965-1969	105-109	0.59946	0.96062	1.46	18	17	28	29	1.66
1965-1969	110+	0.69311	1.00000	1.44	1	1	1	1	1.44
1970-1974	0	0.02001	0.01966	0.1	100000	1966	98228	6822970	68.23
1970-1974	1-4	0.00106	0.00423	1.66	98034	414	391170	6724741	68.60
1970-1974	5-9	0.00052	0.00259	2.36	97620	252	487434	6333572	64.88
1970-1974	10-14	0.00059	0.00292	2.8	97368	285	486213	5846137	60.04
1970-1974	15-19	0.00192	0.00955	2.84	97083	927	483412	5359925	55.21
1970-1974	20-24	0.00250	0.01243	2.46	96156	1195	477739	4876513	50.71
1970-1974	25-29	0.00221	0.01098	2.47	94961	1042	472165	4398774	46.32
1970-1974	30-34	0.00241	0.01198	2.55	93918	1126	466832	3926609	41.81
1970-1974	35-39	0.00314	0.01558	2.58	92793	1445	460469	3459778	37.28
1970-1974	40-44	0.00446	0.02209	2.68	91347	2018	452049	2999309	32.83
1970-1974	45-49	0.00670	0.03298	2.65	89330	2946	439738	2547260	28.52
1970-1974	50-54	0.01027	0.05015	2.66	86384	4332	421792	2107522	24.40
1970-1974	55-59	0.01589	0.07655	2.63	82052	6281	395347	1685729	20.54
1970-1974	60-64	0.02430	0.11483	2.61	75771	8700	358054	1290382	17.03
1970-1974	65-69	0.03530	0.16262	2.58	67071	10907	309009	932328	13.90
1970-1974	70-74	0.05202	0.23056	2.54	56164	12949	248910	623318	11.10
1970-1974	75-79	0.07849	0.32774	2.48	43215	14163	180441	374408	8.66
1970-1974	80-84	0.11244	0.43635	2.44	29052	12677	112746	193967	6.68
1970-1974	85-89	0.17131	0.58607	2.31	16375	9597	56022	81221	4.96
1970-1974	90-94	0.24531	0.72273	2.16	6778	4899	19970	25199	3.72
1970-1974	95-99	0.34425	0.83746	1.93	1879	1574	4572	5230	2.78
1970-1974	100-104	0.45589	0.91217	1.71	305	279	611	658	2.15
1970-1974	105-109	0.57255	0.95407	1.51	27	26	45	47	1.74
1970-1974	110+	0.66564	1.00000	1.5	1	1	2	2	1.50
1975-1979	0	0.01508	0.01487	0.09	100000	1487	98640	7021811	70.22
1975-1979	1-4	0.00089	0.00357	1.61	98513	352	393209	6923171	70.28
1975-1979	5-9	0.00043	0.00215	2.32	98161	211	490241	6529961	66.52
1975-1979	10-14	0.00051	0.00256	2.76	97950	251	489191	6039720	61.66
1975-1979	15-19	0.00176	0.00874	2.91	97699	854	486708	5550529	56.81
1975-1979	20-24	0.00234	0.01164	2.52	96845	1127	481426	5063821	52.29
1975-1979	25-29	0.00213	0.01061	2.48	95718	1016	476026	4582395	47.87
1975-1979	30-34	0.00212	0.01053	2.54	94702	997	471058	4106369	43.36
1975-1979	35-39	0.00271	0.01348	2.58	93705	1264	465464	3635311	38.80
1975-1979	40-44	0.00363	0.01798	2.61	92442	1662	458231	3169847	34.29
1975-1979	45-49	0.00561	0.02767	2.69	90779	2512	448090	2711616	29.87
1975-1979	50-54	0.00872	0.04272	2.65	88267	3771	432459	2263526	25.64
1975-1979	55-59	0.01347	0.06528	2.64	84496	5516	409442	1831067	21.67
1975-1979	60-64	0.02103	0.10017	2.63	78981	7911	376187	1421625	18.00
1975-1979	65-69	0.03138	0.14589	2.59	71069	10368	330409	1045438	14.71
1975-1979	70-74	0.04629	0.20803	2.57	60701	12628	272820	715029	11.78
1975-1979	75-79	0.07012	0.29857	2.51	48073	14353	204690	442208	9.20
1975-1979	80-84	0.10476	0.41393	2.47	33720	13958	133232	237519	7.04
1975-1979	85-89	0.15643	0.55329	2.36	19762	10934	69899	104286	5.28
1975-1979	90-94	0.23248	0.70034	2.16	8828	6183	26594	34387	3.90
1975-1979	95-99	0.32283	0.81713	1.98	2645	2162	6696	7793	2.95
1975-1979	100-104	0.43123	0.89924	1.76	484	435	1009	1097	2.27
1975-1979	105-109	0.54691	0.94696	1.55	49	46	84	88	1.81
1975-1979	110+	0.64045	1.00000	1.56	3	3	4	4	1.56
1980-1984	0	0.01170	0.01158	0.08	100000	1158	98931	7170293	71.70
1980-1984	1-4	0.00073	0.00290	1.61	98842	286	394683	7071362	71.54
1980-1984	5-9	0.00034	0.00171	2.42	98556	169	492343	6676679	67.75
1980-1984	10-14	0.00042	0.00209	2.83	98387	206	491488	6184337	62.86
1980-1984	15-19	0.00146	0.00730	2.91	98181	717	489405	5692848	57.98
1980-1984	20-24	0.00204	0.01013	2.51	97464	987	484864	5203443	53.39
1980-1984	25-29	0.00189	0.00938	2.47	96477	905	480100	4718579	48.91
1980-1984	30-34	0.00192	0.00955	2.54	95572	913	475616	4238479	44.35
1980-1984	35-39	0.00226	0.01122	2.6	94659	1062	470749	3762863	39.75
1980-1984	40-44	0.00311	0.01542	2.59	93597	1444	464507	3292114	35.17
1980-1984	45-49	0.00492	0.02433	2.63	92153	2242	455456	2827608	30.68
1980-1984	50-54	0.00762	0.03746	2.67	89911	3368	441725	2372152	26.38
1980-1984	55-59	0.01227	0.05966	2.66	86543	5163	420636	1930427	22.31
1980-1984	60-64	0.01835	0.08795	2.63	81380	7157	389957	1509791	18.55
1980-1984	65-69	0.02867	0.13424	2.63	74223	9964	347489	1119834	15.09
1980-1984	70-74	0.04387	0.19832	2.58	64259	12744	290515	772345	12.02
1980-1984	75-79	0.06716	0.28813	2.54	51516	14843	220999	481830	9.35
1980-1984	80-84	0.10284	0.40804	2.47	36673	14964	145512	260831	7.11
1980-1984	85-89	0.15499	0.55013	2.36	21709	11943	77057	115319	5.31
1980-1984	90-94	0.22992	0.69772	2.18	9766	6814	29637	38263	3.92
1980-1984	95-99	0.32557	0.82019	1.98	2952	2421	7437	8626	2.92
1980-1984	100-104	0.43707	0.90271	1.75	531	479	1096	1189	2.24
1980-1984	105-109	0.55565	0.94966	1.53	52	49	88	92	1.79
1980-1984	110+	0.65115	1.00000	1.54	3	3	4	4	1.54
1985-1989	0	0.01066	0.01056	0.07	100000	1056	99022	7264359	72.64
1985-1989	1-4	0.00064	0.00255	1.6	98944	253	395170	7165337	72.42
1985-1989	5-9	0.00030	0.00148	2.35	98692	146	493071	6770168	68.60
1985-1989	10-14	0.00040	0.00198	2.85	98546	195	492308	6277097	63.70
1985-1989	15-19	0.00135	0.00672	2.88	98351	661	490350	5784788	58.82
1985-1989	20-24	0.00185	0.00921	2.51	97689	900	486208	5294438	54.20
1985-1989	25-29	0.00177	0.00883	2.53	96789	854	481831	4808231	49.68
1985-1989	30-34	0.00193	0.00962	2.58	95935	922	477442	4326399	45.10
1985-1989	35-39	0.00230	0.01143	2.56	95012	1086	472411	3848957	40.51
1985-1989	40-44	0.00288	0.01430	2.61	93927	1344	466420	3376547	35.95
1985-1989	45-49	0.00431	0.02133	2.64	92583	1975	458251	2910127	31.43
1985-1989	50-54	0.00676	0.03327	2.67	90608	3014	446012	2451876	27.06
1985-1989	55-59	0.01102	0.05370	2.66	87594	4704	426958	2005864	22.90
1985-1989	60-64	0.01714	0.08238	2.64	82890	6829	398300	1578906	19.05
1985-1989	65-69	0.02613	0.12297	2.61	76061	9354	357914	1180606	15.52
1985-1989	70-74	0.04127	0.18765	2.59	66708	12518	303343	822693	12.33
1985-1989	75-79	0.06360	0.27532	2.56	54190	14920	234571	519350	9.58
1985-1989	80-84	0.09805	0.39313	2.48	39270	15438	157457	284779	7.25
1985-1989	85-89	0.15286	0.54545	2.38	23832	12999	85041	127322	5.34
1985-1989	90-94	0.23016	0.69880	2.19	10833	7570	32890	42281	3.90
1985-1989	95-99	0.33062	0.82580	1.97	3263	2694	8150	9392	2.88
1985-1989	100-104	0.44848	0.90922	1.73	568	517	1152	1242	2.18
1985-1989	105-109	0.57290	0.95460	1.51	52	49	86	89	1.73
1985-1989	110+	0.67216	1.00000	1.49	2	2	3	3	1.49
1990-1994	0	0.00907	0.00900	0.07	100000	900	99163	7339361	73.39
1990-1994	1-4	0.00054	0.00214	1.63	99100	212	395898	7240198	73.06
1990-1994	5-9	0.00025	0.00123	2.38	98888	121	494123	6844300	69.21
1990-1994	10-14	0.00036	0.00181	2.94	98767	179	493466	6350177	64.29
1990-1994	15-19	0.00133	0.00663	2.83	98588	653	491523	5856711	59.41
1990-1994	20-24	0.00169	0.00843	2.49	97935	826	487598	5365188	54.78
1990-1994	25-29	0.00175	0.00871	2.57	97109	846	483488	4877590	50.23
1990-1994	30-34	0.00211	0.01048	2.58	96263	1009	478870	4394101	45.65
1990-1994	35-39	0.00253	0.01257	2.58	95254	1197	473367	3915232	41.10
1990-1994	40-44	0.00313	0.01554	2.59	94057	1462	466760	3441865	36.59
1990-1994	45-49	0.00420	0.02079	2.64	92595	1925	458434	2975105	32.13
1990-1994	50-54	0.00638	0.03143	2.66	90669	2849	446688	2516671	27.76
1990-1994	55-59	0.01002	0.04896	2.68	87820	4300	429105	2069983	23.57
1990-1994	60-64	0.01614	0.07770	2.62	83520	6490	402184	1640878	19.65
1990-1994	65-69	0.02430	0.11490	2.63	77031	8850	364152	1238694	16.08
1990-1994	70-74	0.03739	0.17156	2.6	68180	11697	312861	874542	12.83
1990-1994	75-79	0.05740	0.25166	2.56	56483	14215	247662	561681	9.94
1990-1994	80-84	0.09366	0.37945	2.5	42268	16039	171246	314019	7.43
1990-1994	85-89	0.14743	0.53137	2.37	26230	13938	94537	142773	5.44
1990-1994	90-94	0.22781	0.69600	2.21	12292	8555	37554	48236	3.92
1990-1994	95-99	0.33275	0.82844	1.97	3737	3096	9303	10682	2.86
1990-1994	100-104	0.45586	0.91333	1.72	641	586	1284	1379	2.15
1990-1994	105-109	0.58521	0.95787	1.49	56	53	91	94	1.70
1990-1994	110+	0.68757	1.00000	1.45	2	2	3	3	1.45
1995-1999	0	0.00756	0.00751	0.07	100000	751	99298	7431317	74.31
1995-1999	1-4	0.00045	0.00178	1.64	99249	177	396579	7332019	73.87
1995-1999	5-9	0.00021	0.00106	2.46	99072	105	495096	6935440	70.00
1995-1999	10-14	0.00031	0.00153	2.93	98967	151	494525	6440344	65.08
1995-1999	15-19	0.00121	0.00603	2.89	98816	596	492822	5945820	60.17
1995-1999	20-24	0.00154	0.00768	2.43	98221	755	489166	5452997	55.52
1995-1999	25-29	0.00152	0.00756	2.57	97466	737	485537	4963831	50.93
1995-1999	30-34	0.00184	0.00918	2.64	96729	888	481547	4478293	46.30
1995-1999	35-39	0.00235	0.01171	2.6	95841	1122	476511	3996746	41.70
1995-1999	40-44	0.00316	0.01569	2.62	94719	1486	470060	3520236	37.16
1995-1999	45-49	0.00418	0.02071	2.6	93234	1930	461535	3050175	32.72
1995-1999	50-54	0.00592	0.02922	2.67	91303	2667	450297	2588641	28.35
1995-1999	55-59	0.00907	0.04440	2.67	88636	3935	433997	2138344	24.13
1995-1999	60-64	0.01450	0.07011	2.64	84700	5939	409489	1704347	20.12
1995-1999	65-69	0.02222	0.10557	2.65	78762	8315	374230	1294858	16.44
1995-1999	70-74	0.03468	0.16006	2.6	70447	11276	325118	920628	13.07
1995-1999	75-79	0.05401	0.23891	2.59	59171	14137	261723	595510	10.06
1995-1999	80-84	0.09261	0.37657	2.52	45034	16959	183121	333787	7.41
1995-1999	85-89	0.14931	0.53684	2.38	28076	15072	100942	150665	5.37
1995-1999	90-94	0.23438	0.70730	2.2	13004	9197	39241	49723	3.82
1995-1999	95-99	0.34664	0.84184	1.95	3806	3204	9244	10483	2.75
1995-1999	100-104	0.47748	0.92368	1.68	602	556	1165	1239	2.06
1995-1999	105-109	0.61233	0.96407	1.45	46	44	72	75	1.62
1995-1999	110+	0.71689	1.00000	1.39	2	2	2	2	1.39
2000-2004	0	0.00704	0.00700	0.06	100000	700	99345	7512314	75.12
2000-2004	1-4	0.00037	0.00146	1.58	99300	145	396849	7412968	74.65
2000-2004	5-9	0.00017	0.00085	2.43	99155	84	495560	7016119	70.76
2000-2004	10-14	0.00027	0.00137	2.91	99071	136	495073	6520559	65.82
2000-2004	15-19	0.00104	0.00520	2.95	98936	514	493626	6025487	60.90
2000-2004	20-24	0.00146	0.00729	2.45	98421	718	490273	5531861	56.21
2000-2004	25-29	0.00143	0.00714	2.49	97704	697	486769	5041588	51.60
2000-2004	30-34	0.00161	0.00804	2.58	97006	779	483147	4554819	46.95
2000-2004	35-39	0.00219	0.01089	2.61	96227	1048	478631	4071672	42.31
2000-2004	40-44	0.00311	0.01545	2.62	95179	1470	472394	3593041	37.75
2000-2004	45-49	0.00444	0.02197	2.64	93709	2059	463693	3120647	33.30
2000-2004	50-54	0.00604	0.02977	2.61	91650	2728	451729	2656954	28.99
2000-2004	55-59	0.00863	0.04229	2.66	88921	3761	435807	2205225	24.80
2000-2004	60-64	0.01322	0.06408	2.63	85161	5457	412881	1769417	20.78
2000-2004	65-69	0.01984	0.09479	2.65	79703	7555	380725	1356536	17.02
2000-2004	70-74	0.03107	0.14469	2.62	72148	10439	335944	975811	13.53
2000-2004	75-79	0.04967	0.22188	2.6	61709	13692	275678	639867	10.37
2000-2004	80-84	0.08651	0.35657	2.54	48017	17122	197922	364189	7.58
2000-2004	85-89	0.14699	0.53305	2.42	30896	16469	112039	166267	5.38
2000-2004	90-94	0.23764	0.71450	2.21	14427	10308	43376	54229	3.76
2000-2004	95-99	0.36357	0.85741	1.92	4119	3532	9713	10853	2.64
2000-2004	100-104	0.50794	0.93652	1.63	587	550	1083	1140	1.94
2000-2004	105-109	0.65233	0.97169	1.39	37	36	56	57	1.53
2000-2004	110+	0.76004	1.00000	1.32	1	1	1	1	1.32
2005-2009	0	0.00690	0.00686	0.06	100000	686	99358	7602191	76.02
2005-2009	1-4	0.00035	0.00140	1.57	99314	139	396919	7502833	75.55
2005-2009	5-9	0.00015	0.00075	2.46	99175	74	495687	7105914	71.65
2005-2009	10-14	0.00022	0.00110	2.93	99101	109	495278	6610227	66.70
2005-2009	15-19	0.00094	0.00470	3.05	98992	465	494052	6114949	61.77
2005-2009	20-24	0.00153	0.00763	2.52	98526	752	490767	5620897	57.05
2005-2009	25-29	0.00152	0.00756	2.53	97775	740	487049	5130130	52.47
2005-2009	30-34	0.00161	0.00801	2.54	97035	778	483264	4643081	47.85
2005-2009	35-39	0.00203	0.01012	2.62	96257	974	478972	4159817	43.22
2005-2009	40-44	0.00289	0.01437	2.64	95284	1369	473189	3680844	38.63
2005-2009	45-49	0.00424	0.02100	2.64	93915	1972	464927	3207656	34.15
2005-2009	50-54	0.00618	0.03045	2.63	91943	2799	453070	2742729	29.83
2005-2009	55-59	0.00832	0.04081	2.6	89143	3638	436997	2289658	25.69
2005-2009	60-64	0.01201	0.05841	2.63	85505	4994	415689	1852662	21.67
2005-2009	65-69	0.01772	0.08502	2.61	80511	6845	386205	1436973	17.85
2005-2009	70-74	0.02700	0.12690	2.63	73666	9348	346218	1050768	14.26
2005-2009	75-79	0.04361	0.19740	2.6	64318	12696	291151	704550	10.95
2005-2009	80-84	0.07806	0.32819	2.58	51622	16942	217028	413399	8.01
2005-2009	85-89	0.13481	0.50135	2.44	34680	17387	128969	196371	5.66
2005-2009	90-94	0.22651	0.69658	2.24	17293	12046	53181	67402	3.90
2005-2009	95-99	0.35174	0.84827	1.95	5247	4451	12654	14222	2.71
2005-2009	100-104	0.49996	0.93400	1.65	796	744	1487	1568	1.97
2005-2009	105-109	0.64960	0.97144	1.39	53	51	79	81	1.53
2005-2009	110+	0.76120	1.00000	1.31	2	2	2	2	1.31
2010-2014	0	0.00607	0.00603	0.06	100000	603	99434	7688255	76.88
2010-2014	1-4	0.00032	0.00130	1.56	99397	129	397272	7588821	76.35
2010-2014	5-9	0.00013	0.00064	2.38	99268	63	496174	7191548	72.45
2010-2014	10-14	0.00019	0.00094	2.91	99205	93	495828	6695375	67.49
2010-2014	15-19	0.00072	0.00358	2.98	99111	355	494840	6199546	62.55
2010-2014	20-24	0.00131	0.00652	2.58	98756	644	492223	5704707	57.77
2010-2014	25-29	0.00149	0.00745	2.52	98112	731	488750	5212484	53.13
2010-2014	30-34	0.00160	0.00795	2.53	97382	774	484997	4723734	48.51
2010-2014	35-39	0.00190	0.00946	2.59	96607	914	480832	4238737	43.88
2010-2014	40-44	0.00261	0.01297	2.63	95693	1241	475528	3757905	39.27
2010-2014	45-49	0.00394	0.01951	2.68	94453	1843	467995	3282376	34.75
2010-2014	50-54	0.00587	0.02895	2.64	92610	2681	456727	2814381	30.39
2010-2014	55-59	0.00861	0.04219	2.63	89929	3794	440644	2357655	26.22
2010-2014	60-64	0.01183	0.05751	2.59	86135	4954	418759	1917010	22.26
2010-2014	65-69	0.01650	0.07937	2.62	81181	6444	390597	1498251	18.46
2010-2014	70-74	0.02495	0.11779	2.63	74738	8804	352818	1107655	14.82
2010-2014	75-79	0.03977	0.18165	2.62	65934	11977	301118	754836	11.45
2010-2014	80-84	0.07061	0.30171	2.59	53957	16280	230547	453719	8.41
2010-2014	85-89	0.12494	0.47503	2.48	37678	17898	143249	223171	5.92
2010-2014	90-94	0.21558	0.67891	2.27	19780	13428	62289	79923	4.04
2010-2014	95-99	0.34179	0.84018	1.97	6351	5336	15612	17634	2.78
2010-2014	100-104	0.49391	0.93211	1.66	1015	946	1916	2021	1.99
2010-2014	105-109	0.64868	0.97147	1.39	69	67	103	106	1.53
2010-2014	110+	0.76389	1.00000	1.31	2	2	3	3	1.31
2015-2019	0	0.00571	0.00568	0.06	100000	568	99466	7676759	76.77
2015-2019	1-4	0.00028	0.00113	1.54	99432	113	397452	7577292	76.21
2015-2019	5-9	0.00013	0.00065	2.46	99319	65	496433	7179840	72.29
2015-2019	10-14	0.00020	0.00099	2.97	99255	98	496074	6683407	67.34
2015-2019	15-19	0.00080	0.00401	2.95	99156	397	494967	6187333	62.40
2015-2019	20-24	0.00142	0.00708	2.54	98759	699	492074	5692366	57.64
2015-2019	25-29	0.00167	0.00830	2.57	98060	814	488326	5200292	53.03
2015-2019	30-34	0.00195	0.00969	2.56	97246	942	483937	4711966	48.45
2015-2019	35-39	0.00222	0.01103	2.56	96304	1062	478932	4228029	43.90
2015-2019	40-44	0.00274	0.01360	2.59	95242	1295	473092	3749098	39.36
2015-2019	45-49	0.00388	0.01924	2.65	93947	1808	465496	3276006	34.87
2015-2019	50-54	0.00584	0.02883	2.67	92139	2656	454496	2810510	30.50
2015-2019	55-59	0.00862	0.04222	2.62	89483	3778	438424	2356014	26.33
2015-2019	60-64	0.01240	0.06022	2.61	85705	5162	416200	1917590	22.37
2015-2019	65-69	0.01673	0.08038	2.58	80543	6474	387053	1501390	18.64
2015-2019	70-74	0.02429	0.11484	2.63	74070	8506	350168	1114337	15.04
2015-2019	75-79	0.03868	0.17698	2.6	65564	11604	299964	764169	11.66
2015-2019	80-84	0.06740	0.29021	2.61	53960	15659	232349	464205	8.60
2015-2019	85-89	0.12012	0.46195	2.5	38301	17693	147296	231856	6.05
2015-2019	90-94	0.21073	0.67022	2.29	20608	13812	65540	84560	4.10
2015-2019	95-99	0.33844	0.83753	1.98	6796	5692	16818	19020	2.80
2015-2019	100-104	0.49318	0.93207	1.66	1104	1029	2087	2202	1.99
2015-2019	105-109	0.65083	0.97192	1.39	75	73	112	115	1.53
2015-2019	110+	0.76773	1.00000	1.3	2	2	3	3	1.30
2020-2022	0	0.00551	0.00548	0.06	100000	548	99485	7445280	74.45
2020-2022	1-4	0.00029	0.00115	1.51	99452	115	397522	7345795	73.86
2020-2022	5-9	0.00013	0.00066	2.32	99337	65	496512	6948273	69.95
2020-2022	10-14	0.00022	0.00111	3.03	99272	110	496144	6451761	64.99
2020-2022	15-19	0.00102	0.00511	2.96	99162	507	494774	5955617	60.06
2020-2022	20-24	0.00173	0.00863	2.59	98655	852	491223	5460843	55.35
2020-2022	25-29	0.00221	0.01100	2.63	97804	1076	486468	4969620	50.81
2020-2022	30-34	0.00283	0.01407	2.57	96728	1361	480333	4483152	46.35
2020-2022	35-39	0.00330	0.01637	2.53	95368	1561	472985	4002819	41.97
2020-2022	40-44	0.00390	0.01932	2.56	93807	1812	464612	3529834	37.63
2020-2022	45-49	0.00513	0.02535	2.64	91995	2332	454465	3065222	33.32
2020-2022	50-54	0.00707	0.03477	2.62	89663	3118	440892	2610756	29.12
2020-2022	55-59	0.01051	0.05127	2.63	86545	4438	422206	2169864	25.07
2020-2022	60-64	0.01469	0.07096	2.6	82108	5826	396584	1747658	21.28
2020-2022	65-69	0.02003	0.09551	2.58	76281	7286	363789	1351074	17.71
2020-2022	70-74	0.02837	0.13280	2.6	68996	9163	322956	987285	14.31
2020-2022	75-79	0.04485	0.20255	2.61	59833	12119	270198	664329	11.10
2020-2022	80-84	0.07382	0.31283	2.56	47714	14926	202199	394131	8.26
2020-2022	85-89	0.12689	0.48091	2.48	32787	15768	124263	191932	5.85
2020-2022	90-94	0.22024	0.68583	2.25	17020	11673	52999	67669	3.98
2020-2022	95-99	0.34663	0.84429	1.96	5347	4514	13024	14670	2.74
2020-2022	100-104	0.49783	0.93348	1.65	833	777	1561	1646	1.98
2020-2022	105-109	0.65093	0.97177	1.39	55	54	83	85	1.53
2020-2022	110+	0.76473	1.00000	1.31	2	2	2	2	1.31
