Div7: Div7, Lifetables (period 1x10), Both sexes Last modified: February 4 2025, MPv5 (May07) 

Year     	Age	mx	qx	ax	lx	dx	Lx	Tx	ex
1941-1949	0	0.04567	0.04401	0.17	100000	4401	96367	6587963	65.88
1941-1949	1	0.00481	0.00480	0.5	95599	459	95370	6491595	67.90
1941-1949	2	0.00246	0.00246	0.5	95140	234	95023	6396225	67.23
1941-1949	3	0.00175	0.00174	0.5	94906	166	94824	6301202	66.39
1941-1949	4	0.00133	0.00133	0.5	94741	126	94678	6206379	65.51
1941-1949	5	0.00112	0.00112	0.5	94614	106	94562	6111701	64.60
1941-1949	6	0.00101	0.00101	0.5	94509	95	94461	6017139	63.67
1941-1949	7	0.00092	0.00092	0.5	94414	86	94371	5922678	62.73
1941-1949	8	0.00085	0.00085	0.5	94327	80	94287	5828308	61.79
1941-1949	9	0.00080	0.00080	0.5	94248	75	94210	5734020	60.84
1941-1949	10	0.00078	0.00078	0.5	94172	73	94136	5639810	59.89
1941-1949	11	0.00080	0.00080	0.5	94099	75	94062	5545674	58.93
1941-1949	12	0.00086	0.00086	0.5	94025	81	93984	5451612	57.98
1941-1949	13	0.00098	0.00098	0.5	93943	92	93898	5357628	57.03
1941-1949	14	0.00113	0.00113	0.5	93852	106	93798	5263731	56.09
1941-1949	15	0.00133	0.00133	0.5	93745	124	93683	5169932	55.15
1941-1949	16	0.00152	0.00152	0.5	93621	142	93550	5076249	54.22
1941-1949	17	0.00171	0.00171	0.5	93479	160	93399	4982699	53.30
1941-1949	18	0.00190	0.00190	0.5	93319	178	93230	4889300	52.39
1941-1949	19	0.00209	0.00209	0.5	93141	195	93044	4796070	51.49
1941-1949	20	0.00227	0.00227	0.5	92947	211	92841	4703026	50.60
1941-1949	21	0.00242	0.00241	0.5	92736	224	92624	4610185	49.71
1941-1949	22	0.00251	0.00251	0.5	92512	232	92396	4517561	48.83
1941-1949	23	0.00257	0.00257	0.5	92280	237	92161	4425165	47.95
1941-1949	24	0.00258	0.00257	0.5	92043	237	91924	4333004	47.08
1941-1949	25	0.00254	0.00254	0.5	91806	233	91689	4241079	46.20
1941-1949	26	0.00252	0.00251	0.5	91573	230	91457	4149390	45.31
1941-1949	27	0.00251	0.00251	0.5	91342	229	91228	4057933	44.43
1941-1949	28	0.00253	0.00253	0.5	91114	231	90998	3966705	43.54
1941-1949	29	0.00258	0.00258	0.5	90883	234	90766	3875706	42.65
1941-1949	30	0.00266	0.00266	0.5	90649	241	90528	3784941	41.75
1941-1949	31	0.00275	0.00274	0.5	90408	248	90283	3694412	40.86
1941-1949	32	0.00286	0.00286	0.5	90159	258	90031	3604129	39.98
1941-1949	33	0.00301	0.00301	0.5	89902	270	89767	3514098	39.09
1941-1949	34	0.00319	0.00318	0.5	89631	285	89489	3424332	38.20
1941-1949	35	0.00341	0.00340	0.5	89346	304	89194	3334843	37.32
1941-1949	36	0.00364	0.00363	0.5	89042	323	88880	3245649	36.45
1941-1949	37	0.00387	0.00387	0.5	88719	343	88547	3156769	35.58
1941-1949	38	0.00415	0.00414	0.5	88376	366	88193	3068221	34.72
1941-1949	39	0.00442	0.00441	0.5	88010	388	87816	2980028	33.86
1941-1949	40	0.00468	0.00467	0.5	87622	409	87417	2892212	33.01
1941-1949	41	0.00492	0.00491	0.5	87213	428	86999	2804795	32.16
1941-1949	42	0.00526	0.00524	0.5	86784	455	86557	2717796	31.32
1941-1949	43	0.00567	0.00565	0.5	86329	488	86085	2631240	30.48
1941-1949	44	0.00606	0.00604	0.5	85842	518	85582	2545154	29.65
1941-1949	45	0.00651	0.00649	0.5	85323	554	85046	2459572	28.83
1941-1949	46	0.00697	0.00695	0.5	84769	589	84475	2374526	28.01
1941-1949	47	0.00748	0.00745	0.5	84180	627	83867	2290051	27.20
1941-1949	48	0.00812	0.00808	0.5	83553	675	83215	2206184	26.40
1941-1949	49	0.00887	0.00883	0.5	82878	732	82512	2122969	25.62
1941-1949	50	0.00971	0.00967	0.5	82146	794	81749	2040457	24.84
1941-1949	51	0.01041	0.01035	0.5	81352	842	80931	1958709	24.08
1941-1949	52	0.01114	0.01108	0.5	80509	892	80063	1877778	23.32
1941-1949	53	0.01199	0.01192	0.5	79617	949	79143	1797715	22.58
1941-1949	54	0.01285	0.01277	0.5	78668	1005	78166	1718572	21.85
1941-1949	55	0.01378	0.01368	0.5	77664	1063	77132	1640406	21.12
1941-1949	56	0.01465	0.01455	0.5	76601	1114	76044	1563273	20.41
1941-1949	57	0.01557	0.01545	0.5	75487	1166	74904	1487230	19.70
1941-1949	58	0.01661	0.01647	0.5	74321	1224	73709	1412326	19.00
1941-1949	59	0.01762	0.01746	0.5	73097	1276	72458	1338617	18.31
1941-1949	60	0.01863	0.01845	0.5	71820	1325	71158	1266159	17.63
1941-1949	61	0.01963	0.01944	0.5	70495	1370	69810	1195001	16.95
1941-1949	62	0.02097	0.02075	0.5	69125	1434	68408	1125191	16.28
1941-1949	63	0.02279	0.02254	0.5	67690	1526	66928	1056784	15.61
1941-1949	64	0.02489	0.02459	0.5	66165	1627	65352	989856	14.96
1941-1949	65	0.02753	0.02716	0.5	64538	1753	63662	924505	14.32
1941-1949	66	0.03005	0.02960	0.5	62785	1859	61856	860843	13.71
1941-1949	67	0.03257	0.03205	0.5	60927	1953	59950	798987	13.11
1941-1949	68	0.03557	0.03495	0.5	58974	2061	57943	739037	12.53
1941-1949	69	0.03845	0.03773	0.5	56913	2147	55839	681093	11.97
1941-1949	70	0.04136	0.04053	0.5	54766	2219	53656	625254	11.42
1941-1949	71	0.04401	0.04306	0.5	52546	2263	51415	571598	10.88
1941-1949	72	0.04731	0.04621	0.5	50283	2324	49122	520183	10.35
1941-1949	73	0.05160	0.05030	0.5	47960	2413	46753	471062	9.82
1941-1949	74	0.05608	0.05455	0.5	45547	2485	44305	424308	9.32
1941-1949	75	0.06135	0.05953	0.5	43062	2563	41781	380004	8.82
1941-1949	76	0.06678	0.06462	0.5	40499	2617	39190	338223	8.35
1941-1949	77	0.07250	0.06996	0.5	37882	2650	36557	299032	7.89
1941-1949	78	0.07953	0.07648	0.5	35231	2695	33884	262476	7.45
1941-1949	79	0.08667	0.08307	0.5	32537	2703	31185	228592	7.03
1941-1949	80	0.09936	0.09465	0.5	29834	2824	28422	197406	6.62
1941-1949	81	0.10810	0.10256	0.5	27010	2770	25625	168985	6.26
1941-1949	82	0.11749	0.11097	0.5	24240	2690	22895	143360	5.91
1941-1949	83	0.12787	0.12019	0.5	21550	2590	20255	120465	5.59
1941-1949	84	0.13933	0.13026	0.5	18960	2470	17725	100210	5.29
1941-1949	85	0.15190	0.14118	0.5	16490	2328	15326	82485	5.00
1941-1949	86	0.16524	0.15263	0.5	14162	2162	13081	67159	4.74
1941-1949	87	0.17949	0.16471	0.5	12001	1977	11012	54077	4.51
1941-1949	88	0.19439	0.17717	0.5	10024	1776	9136	43065	4.30
1941-1949	89	0.20858	0.18888	0.5	8248	1558	7469	33929	4.11
1941-1949	90	0.21951	0.19780	0.5	6690	1323	6028	26460	3.96
1941-1949	91	0.22784	0.20454	0.5	5367	1098	4818	20432	3.81
1941-1949	92	0.23397	0.20946	0.5	4269	894	3822	15614	3.66
1941-1949	93	0.23754	0.21233	0.5	3375	717	3017	11792	3.49
1941-1949	94	0.26203	0.23168	0.5	2658	616	2350	8775	3.30
1941-1949	95	0.27791	0.24400	0.5	2042	498	1793	6425	3.15
1941-1949	96	0.29437	0.25660	0.5	1544	396	1346	4631	3.00
1941-1949	97	0.31139	0.26944	0.5	1148	309	993	3285	2.86
1941-1949	98	0.32894	0.28248	0.5	839	237	720	2292	2.73
1941-1949	99	0.34699	0.29569	0.5	602	178	513	1572	2.61
1941-1949	100	0.36550	0.30903	0.5	424	131	358	1059	2.50
1941-1949	101	0.38442	0.32245	0.5	293	94	246	701	2.39
1941-1949	102	0.40371	0.33591	0.5	198	67	165	455	2.30
1941-1949	103	0.42331	0.34937	0.5	132	46	109	290	2.20
1941-1949	104	0.44316	0.36278	0.5	86	31	70	182	2.12
1941-1949	105	0.46321	0.37610	0.5	55	21	44	111	2.04
1941-1949	106	0.48338	0.38930	0.5	34	13	27	67	1.97
1941-1949	107	0.50362	0.40232	0.5	21	8	17	40	1.90
1941-1949	108	0.52386	0.41513	0.5	12	5	10	23	1.85
1941-1949	109	0.54403	0.42769	0.5	7	3	6	13	1.80
1941-1949	110+	0.56406	1.00000	1.77	4	4	7	7	1.77
1950-1959	0	0.03240	0.03152	0.14	100000	3152	97283	6931418	69.31
1950-1959	1	0.00265	0.00265	0.5	96848	256	96720	6834136	70.57
1950-1959	2	0.00148	0.00148	0.5	96591	143	96520	6737416	69.75
1950-1959	3	0.00107	0.00107	0.5	96449	103	96397	6640896	68.85
1950-1959	4	0.00080	0.00080	0.5	96346	77	96307	6544499	67.93
1950-1959	5	0.00068	0.00068	0.5	96268	66	96236	6448192	66.98
1950-1959	6	0.00063	0.00063	0.5	96203	60	96173	6351956	66.03
1950-1959	7	0.00057	0.00057	0.5	96143	55	96115	6255784	65.07
1950-1959	8	0.00053	0.00053	0.5	96088	51	96062	6159669	64.10
1950-1959	9	0.00049	0.00049	0.5	96037	47	96013	6063606	63.14
1950-1959	10	0.00049	0.00049	0.5	95990	47	95966	5967593	62.17
1950-1959	11	0.00050	0.00050	0.5	95943	48	95919	5871627	61.20
1950-1959	12	0.00056	0.00056	0.5	95895	54	95868	5775708	60.23
1950-1959	13	0.00063	0.00063	0.5	95841	60	95811	5679840	59.26
1950-1959	14	0.00075	0.00075	0.5	95781	72	95745	5584029	58.30
1950-1959	15	0.00090	0.00090	0.5	95709	86	95666	5488284	57.34
1950-1959	16	0.00105	0.00105	0.5	95623	100	95573	5392617	56.39
1950-1959	17	0.00118	0.00118	0.5	95523	112	95467	5297044	55.45
1950-1959	18	0.00129	0.00129	0.5	95411	123	95349	5201578	54.52
1950-1959	19	0.00139	0.00139	0.5	95288	132	95222	5106228	53.59
1950-1959	20	0.00148	0.00148	0.5	95155	141	95085	5011007	52.66
1950-1959	21	0.00154	0.00154	0.5	95014	146	94941	4915922	51.74
1950-1959	22	0.00159	0.00159	0.5	94869	151	94793	4820981	50.82
1950-1959	23	0.00159	0.00159	0.5	94717	151	94642	4726188	49.90
1950-1959	24	0.00163	0.00163	0.5	94567	154	94490	4631546	48.98
1950-1959	25	0.00166	0.00166	0.5	94412	156	94334	4537056	48.06
1950-1959	26	0.00166	0.00166	0.5	94256	157	94178	4442722	47.13
1950-1959	27	0.00167	0.00167	0.5	94099	157	94021	4348544	46.21
1950-1959	28	0.00170	0.00169	0.5	93942	159	93863	4254523	45.29
1950-1959	29	0.00174	0.00174	0.5	93783	163	93702	4160660	44.36
1950-1959	30	0.00177	0.00177	0.5	93620	165	93537	4066959	43.44
1950-1959	31	0.00185	0.00185	0.5	93455	173	93368	3973421	42.52
1950-1959	32	0.00194	0.00194	0.5	93282	181	93191	3880053	41.59
1950-1959	33	0.00203	0.00203	0.5	93101	189	93007	3786862	40.67
1950-1959	34	0.00217	0.00217	0.5	92912	202	92811	3693855	39.76
1950-1959	35	0.00232	0.00232	0.5	92710	215	92603	3601044	38.84
1950-1959	36	0.00246	0.00245	0.5	92496	227	92382	3508441	37.93
1950-1959	37	0.00265	0.00265	0.5	92269	244	92147	3416059	37.02
1950-1959	38	0.00289	0.00288	0.5	92024	265	91892	3323912	36.12
1950-1959	39	0.00310	0.00310	0.5	91759	284	91617	3232021	35.22
1950-1959	40	0.00333	0.00332	0.5	91475	304	91323	3140404	34.33
1950-1959	41	0.00360	0.00359	0.5	91171	328	91007	3049081	33.44
1950-1959	42	0.00392	0.00391	0.5	90844	355	90666	2958073	32.56
1950-1959	43	0.00424	0.00423	0.5	90488	382	90297	2867407	31.69
1950-1959	44	0.00462	0.00461	0.5	90106	415	89898	2777111	30.82
1950-1959	45	0.00504	0.00502	0.5	89691	451	89466	2687212	29.96
1950-1959	46	0.00550	0.00548	0.5	89240	489	88996	2597747	29.11
1950-1959	47	0.00607	0.00605	0.5	88751	537	88483	2508751	28.27
1950-1959	48	0.00664	0.00662	0.5	88214	584	87922	2420268	27.44
1950-1959	49	0.00721	0.00718	0.5	87630	630	87315	2332346	26.62
1950-1959	50	0.00782	0.00779	0.5	87001	678	86662	2245031	25.80
1950-1959	51	0.00855	0.00851	0.5	86323	735	85955	2158369	25.00
1950-1959	52	0.00936	0.00932	0.5	85588	797	85190	2072414	24.21
1950-1959	53	0.01011	0.01006	0.5	84791	853	84364	1987224	23.44
1950-1959	54	0.01103	0.01097	0.5	83938	921	83477	1902860	22.67
1950-1959	55	0.01181	0.01174	0.5	83017	975	82529	1819383	21.92
1950-1959	56	0.01266	0.01258	0.5	82042	1032	81526	1736854	21.17
1950-1959	57	0.01360	0.01351	0.5	81010	1094	80463	1655328	20.43
1950-1959	58	0.01482	0.01471	0.5	79916	1175	79328	1574865	19.71
1950-1959	59	0.01594	0.01582	0.5	78740	1245	78118	1495537	18.99
1950-1959	60	0.01694	0.01680	0.5	77495	1302	76844	1417420	18.29
1950-1959	61	0.01819	0.01803	0.5	76193	1374	75507	1340576	17.59
1950-1959	62	0.01985	0.01965	0.5	74820	1471	74085	1265069	16.91
1950-1959	63	0.02161	0.02138	0.5	73349	1568	72565	1190984	16.24
1950-1959	64	0.02350	0.02323	0.5	71781	1667	70947	1118419	15.58
1950-1959	65	0.02572	0.02539	0.5	70114	1781	69224	1047472	14.94
1950-1959	66	0.02773	0.02736	0.5	68333	1869	67399	978248	14.32
1950-1959	67	0.03026	0.02981	0.5	66464	1981	65473	910849	13.70
1950-1959	68	0.03246	0.03194	0.5	64483	2060	63453	845376	13.11
1950-1959	69	0.03456	0.03397	0.5	62423	2120	61363	781923	12.53
1950-1959	70	0.03733	0.03665	0.5	60303	2210	59198	720560	11.95
1950-1959	71	0.03985	0.03907	0.5	58093	2270	56958	661363	11.38
1950-1959	72	0.04351	0.04259	0.5	55823	2377	54634	604405	10.83
1950-1959	73	0.04696	0.04588	0.5	53445	2452	52219	549771	10.29
1950-1959	74	0.05160	0.05030	0.5	50993	2565	49711	497552	9.76
1950-1959	75	0.05657	0.05502	0.5	48428	2664	47096	447841	9.25
1950-1959	76	0.06152	0.05969	0.5	45764	2731	44398	400745	8.76
1950-1959	77	0.06734	0.06515	0.5	43032	2803	41631	356347	8.28
1950-1959	78	0.07396	0.07132	0.5	40229	2869	38794	314717	7.82
1950-1959	79	0.08069	0.07756	0.5	37360	2898	35911	275922	7.39
1950-1959	80	0.09015	0.08626	0.5	34462	2973	32976	240011	6.96
1950-1959	81	0.09802	0.09344	0.5	31490	2942	30018	207035	6.57
1950-1959	82	0.10799	0.10246	0.5	28547	2925	27085	177017	6.20
1950-1959	83	0.11817	0.11158	0.5	25622	2859	24193	149932	5.85
1950-1959	84	0.12947	0.12160	0.5	22763	2768	21379	125739	5.52
1950-1959	85	0.13941	0.13032	0.5	19995	2606	18692	104360	5.22
1950-1959	86	0.15171	0.14101	0.5	17389	2452	16163	85667	4.93
1950-1959	87	0.16644	0.15365	0.5	14937	2295	13790	69504	4.65
1950-1959	88	0.17928	0.16453	0.5	12642	2080	11602	55714	4.41
1950-1959	89	0.19762	0.17985	0.5	10562	1900	9612	44112	4.18
1950-1959	90	0.21033	0.19032	0.5	8663	1649	7838	34499	3.98
1950-1959	91	0.21909	0.19746	0.5	7014	1385	6322	26661	3.80
1950-1959	92	0.23137	0.20738	0.5	5629	1167	5045	20339	3.61
1950-1959	93	0.24084	0.21496	0.5	4462	959	3982	15294	3.43
1950-1959	94	0.26464	0.23371	0.5	3503	819	3093	11312	3.23
1950-1959	95	0.28268	0.24767	0.5	2684	665	2352	8219	3.06
1950-1959	96	0.30146	0.26198	0.5	2019	529	1755	5867	2.91
1950-1959	97	0.32097	0.27658	0.5	1490	412	1284	4112	2.76
1950-1959	98	0.34114	0.29143	0.5	1078	314	921	2828	2.62
1950-1959	99	0.36193	0.30647	0.5	764	234	647	1907	2.50
1950-1959	100	0.38327	0.32163	0.5	530	170	445	1260	2.38
1950-1959	101	0.40509	0.33686	0.5	359	121	299	815	2.27
1950-1959	102	0.42732	0.35209	0.5	238	84	196	517	2.17
1950-1959	103	0.44987	0.36726	0.5	154	57	126	320	2.07
1950-1959	104	0.47265	0.38230	0.5	98	37	79	194	1.99
1950-1959	105	0.49556	0.39715	0.5	60	24	48	115	1.91
1950-1959	106	0.51851	0.41176	0.5	36	15	29	67	1.84
1950-1959	107	0.54141	0.42607	0.5	21	9	17	38	1.77
1950-1959	108	0.56414	0.44002	0.5	12	5	10	21	1.72
1950-1959	109	0.58663	0.45358	0.5	7	3	5	11	1.67
1950-1959	110+	0.60877	1.00000	1.64	4	4	6	6	1.64
1960-1969	0	0.02665	0.02604	0.12	100000	2604	97714	7014317	70.14
1960-1969	1	0.00200	0.00199	0.5	97396	194	97299	6916603	71.02
1960-1969	2	0.00115	0.00115	0.5	97202	112	97146	6819304	70.16
1960-1969	3	0.00085	0.00085	0.5	97090	82	97049	6722157	69.24
1960-1969	4	0.00072	0.00072	0.5	97008	69	96974	6625108	68.29
1960-1969	5	0.00060	0.00060	0.5	96939	58	96910	6528135	67.34
1960-1969	6	0.00054	0.00054	0.5	96881	52	96855	6431224	66.38
1960-1969	7	0.00046	0.00046	0.5	96829	44	96807	6334369	65.42
1960-1969	8	0.00044	0.00044	0.5	96785	42	96764	6237562	64.45
1960-1969	9	0.00040	0.00040	0.5	96743	39	96723	6140798	63.48
1960-1969	10	0.00040	0.00040	0.5	96704	38	96685	6044075	62.50
1960-1969	11	0.00039	0.00039	0.5	96666	38	96646	5947390	61.53
1960-1969	12	0.00045	0.00045	0.5	96627	43	96606	5850744	60.55
1960-1969	13	0.00051	0.00051	0.5	96584	49	96560	5754138	59.58
1960-1969	14	0.00061	0.00061	0.5	96535	59	96506	5657578	58.61
1960-1969	15	0.00079	0.00079	0.5	96476	76	96438	5561072	57.64
1960-1969	16	0.00097	0.00097	0.5	96400	93	96354	5464634	56.69
1960-1969	17	0.00112	0.00112	0.5	96307	108	96253	5368280	55.74
1960-1969	18	0.00132	0.00131	0.5	96200	126	96136	5272026	54.80
1960-1969	19	0.00143	0.00143	0.5	96073	137	96004	5175890	53.87
1960-1969	20	0.00140	0.00140	0.5	95936	134	95869	5079886	52.95
1960-1969	21	0.00149	0.00149	0.5	95801	143	95730	4984017	52.02
1960-1969	22	0.00151	0.00151	0.5	95659	144	95587	4888287	51.10
1960-1969	23	0.00149	0.00149	0.5	95515	142	95444	4792701	50.18
1960-1969	24	0.00148	0.00148	0.5	95372	141	95302	4697257	49.25
1960-1969	25	0.00149	0.00149	0.5	95231	141	95160	4601955	48.32
1960-1969	26	0.00146	0.00146	0.5	95090	139	95020	4506795	47.40
1960-1969	27	0.00146	0.00146	0.5	94951	138	94881	4411775	46.46
1960-1969	28	0.00155	0.00155	0.5	94812	147	94739	4316893	45.53
1960-1969	29	0.00155	0.00155	0.5	94665	147	94592	4222155	44.60
1960-1969	30	0.00165	0.00165	0.5	94519	156	94441	4127563	43.67
1960-1969	31	0.00169	0.00168	0.5	94363	159	94283	4033122	42.74
1960-1969	32	0.00181	0.00181	0.5	94204	171	94119	3938839	41.81
1960-1969	33	0.00191	0.00191	0.5	94033	179	93944	3844720	40.89
1960-1969	34	0.00209	0.00209	0.5	93854	196	93756	3750777	39.96
1960-1969	35	0.00220	0.00220	0.5	93658	206	93555	3657021	39.05
1960-1969	36	0.00234	0.00234	0.5	93452	219	93343	3563466	38.13
1960-1969	37	0.00252	0.00252	0.5	93233	235	93116	3470124	37.22
1960-1969	38	0.00280	0.00279	0.5	92998	260	92868	3377008	36.31
1960-1969	39	0.00303	0.00303	0.5	92739	281	92598	3284139	35.41
1960-1969	40	0.00325	0.00324	0.5	92458	300	92308	3191541	34.52
1960-1969	41	0.00350	0.00349	0.5	92158	322	91997	3099233	33.63
1960-1969	42	0.00390	0.00389	0.5	91836	357	91658	3007236	32.75
1960-1969	43	0.00421	0.00420	0.5	91479	384	91287	2915579	31.87
1960-1969	44	0.00451	0.00450	0.5	91095	410	90890	2824292	31.00
1960-1969	45	0.00486	0.00485	0.5	90685	440	90465	2733402	30.14
1960-1969	46	0.00534	0.00533	0.5	90245	481	90005	2642937	29.29
1960-1969	47	0.00582	0.00581	0.5	89764	521	89504	2552932	28.44
1960-1969	48	0.00641	0.00639	0.5	89243	570	88958	2463429	27.60
1960-1969	49	0.00689	0.00687	0.5	88673	609	88369	2374471	26.78
1960-1969	50	0.00761	0.00759	0.5	88064	668	87730	2286102	25.96
1960-1969	51	0.00803	0.00800	0.5	87396	699	87046	2198372	25.15
1960-1969	52	0.00905	0.00901	0.5	86697	781	86306	2111326	24.35
1960-1969	53	0.00977	0.00972	0.5	85915	835	85498	2025020	23.57
1960-1969	54	0.01067	0.01062	0.5	85080	903	84628	1939522	22.80
1960-1969	55	0.01145	0.01139	0.5	84177	958	83698	1854893	22.04
1960-1969	56	0.01234	0.01227	0.5	83218	1021	82708	1771196	21.28
1960-1969	57	0.01309	0.01300	0.5	82197	1069	81663	1688488	20.54
1960-1969	58	0.01432	0.01422	0.5	81129	1153	80552	1606825	19.81
1960-1969	59	0.01544	0.01532	0.5	79975	1225	79363	1526273	19.08
1960-1969	60	0.01697	0.01683	0.5	78750	1325	78088	1446910	18.37
1960-1969	61	0.01767	0.01752	0.5	77425	1356	76747	1368822	17.68
1960-1969	62	0.02027	0.02006	0.5	76069	1526	75306	1292076	16.99
1960-1969	63	0.02118	0.02096	0.5	74542	1562	73761	1216770	16.32
1960-1969	64	0.02332	0.02305	0.5	72980	1682	72139	1143009	15.66
1960-1969	65	0.02608	0.02575	0.5	71298	1836	70380	1070870	15.02
1960-1969	66	0.02708	0.02672	0.5	69462	1856	68534	1000489	14.40
1960-1969	67	0.02992	0.02948	0.5	67607	1993	66610	931955	13.78
1960-1969	68	0.03222	0.03171	0.5	65613	2080	64573	865345	13.19
1960-1969	69	0.03417	0.03360	0.5	63533	2135	62466	800772	12.60
1960-1969	70	0.03755	0.03686	0.5	61398	2263	60267	738306	12.02
1960-1969	71	0.03917	0.03842	0.5	59136	2272	58000	678039	11.47
1960-1969	72	0.04476	0.04378	0.5	56864	2489	55619	620039	10.90
1960-1969	73	0.04739	0.04629	0.5	54374	2517	53116	564420	10.38
1960-1969	74	0.05158	0.05028	0.5	51857	2608	50553	511304	9.86
1960-1969	75	0.05634	0.05479	0.5	49250	2699	47900	460751	9.36
1960-1969	76	0.06013	0.05838	0.5	46551	2717	45192	412850	8.87
1960-1969	77	0.06406	0.06207	0.5	43834	2721	42473	367658	8.39
1960-1969	78	0.07091	0.06848	0.5	41113	2816	39705	325185	7.91
1960-1969	79	0.07624	0.07344	0.5	38297	2813	36891	285480	7.45
1960-1969	80	0.08866	0.08489	0.5	35485	3012	33978	248589	7.01
1960-1969	81	0.09204	0.08799	0.5	32472	2857	31044	214611	6.61
1960-1969	82	0.10445	0.09926	0.5	29615	2940	28145	183567	6.20
1960-1969	83	0.11602	0.10966	0.5	26675	2925	25213	155422	5.83
1960-1969	84	0.12863	0.12086	0.5	23750	2870	22315	130209	5.48
1960-1969	85	0.13859	0.12961	0.5	20880	2706	19527	107894	5.17
1960-1969	86	0.15193	0.14121	0.5	18174	2566	16890	88368	4.86
1960-1969	87	0.16746	0.15452	0.5	15607	2412	14402	71477	4.58
1960-1969	88	0.17815	0.16358	0.5	13196	2159	12116	57076	4.33
1960-1969	89	0.19773	0.17994	0.5	11037	1986	10044	44959	4.07
1960-1969	90	0.21343	0.19285	0.5	9051	1745	8178	34915	3.86
1960-1969	91	0.22181	0.19967	0.5	7306	1459	6576	26737	3.66
1960-1969	92	0.24229	0.21611	0.5	5847	1264	5215	20161	3.45
1960-1969	93	0.25893	0.22925	0.5	4583	1051	4058	14946	3.26
1960-1969	94	0.27726	0.24350	0.5	3533	860	3103	10888	3.08
1960-1969	95	0.29739	0.25889	0.5	2672	692	2326	7785	2.91
1960-1969	96	0.31837	0.27465	0.5	1981	544	1709	5459	2.76
1960-1969	97	0.34015	0.29071	0.5	1437	418	1228	3750	2.61
1960-1969	98	0.36267	0.30700	0.5	1019	313	863	2522	2.48
1960-1969	99	0.38584	0.32344	0.5	706	228	592	1660	2.35
1960-1969	100	0.40958	0.33996	0.5	478	162	397	1068	2.23
1960-1969	101	0.43377	0.35646	0.5	315	112	259	671	2.13
1960-1969	102	0.45832	0.37287	0.5	203	76	165	412	2.03
1960-1969	103	0.48311	0.38912	0.5	127	50	103	247	1.94
1960-1969	104	0.50800	0.40511	0.5	78	31	62	144	1.86
1960-1969	105	0.53289	0.42078	0.5	46	19	37	82	1.78
1960-1969	106	0.55764	0.43606	0.5	27	12	21	46	1.71
1960-1969	107	0.58212	0.45089	0.5	15	7	12	25	1.65
1960-1969	108	0.60624	0.46522	0.5	8	4	6	13	1.60
1960-1969	109	0.62986	0.47901	0.5	4	2	3	7	1.56
1960-1969	110+	0.65289	1.00000	1.53	2	2	4	4	1.53
1970-1979	0	0.01846	0.01815	0.1	100000	1815	98365	7180081	71.80
1970-1979	1	0.00134	0.00134	0.5	98185	131	98119	7081716	72.13
1970-1979	2	0.00084	0.00084	0.5	98053	82	98012	6983597	71.22
1970-1979	3	0.00065	0.00065	0.5	97971	64	97939	6885585	70.28
1970-1979	4	0.00055	0.00055	0.5	97907	54	97880	6787646	69.33
1970-1979	5	0.00048	0.00048	0.5	97853	47	97830	6689766	68.37
1970-1979	6	0.00044	0.00044	0.5	97807	43	97785	6591936	67.40
1970-1979	7	0.00038	0.00038	0.5	97764	38	97745	6494150	66.43
1970-1979	8	0.00036	0.00036	0.5	97726	35	97709	6396405	65.45
1970-1979	9	0.00037	0.00037	0.5	97691	37	97673	6298697	64.48
1970-1979	10	0.00035	0.00035	0.5	97654	34	97637	6201024	63.50
1970-1979	11	0.00036	0.00036	0.5	97620	35	97603	6103387	62.52
1970-1979	12	0.00039	0.00039	0.5	97585	38	97566	6005784	61.54
1970-1979	13	0.00046	0.00046	0.5	97547	44	97525	5908218	60.57
1970-1979	14	0.00058	0.00058	0.5	97502	56	97474	5810693	59.60
1970-1979	15	0.00073	0.00073	0.5	97446	72	97411	5713219	58.63
1970-1979	16	0.00096	0.00096	0.5	97375	94	97328	5615808	57.67
1970-1979	17	0.00118	0.00118	0.5	97281	114	97224	5518480	56.73
1970-1979	18	0.00141	0.00141	0.5	97167	137	97098	5421257	55.79
1970-1979	19	0.00152	0.00152	0.5	97030	147	96956	5324159	54.87
1970-1979	20	0.00146	0.00146	0.5	96882	141	96812	5227203	53.95
1970-1979	21	0.00151	0.00151	0.5	96741	146	96669	5130391	53.03
1970-1979	22	0.00150	0.00150	0.5	96596	145	96523	5033722	52.11
1970-1979	23	0.00150	0.00150	0.5	96451	144	96379	4937199	51.19
1970-1979	24	0.00148	0.00148	0.5	96307	143	96235	4840820	50.26
1970-1979	25	0.00151	0.00151	0.5	96164	145	96091	4744584	49.34
1970-1979	26	0.00147	0.00147	0.5	96019	141	95948	4648493	48.41
1970-1979	27	0.00150	0.00150	0.5	95878	144	95806	4552544	47.48
1970-1979	28	0.00150	0.00150	0.5	95734	143	95663	4456738	46.55
1970-1979	29	0.00153	0.00153	0.5	95591	146	95518	4361076	45.62
1970-1979	30	0.00156	0.00155	0.5	95445	148	95371	4265558	44.69
1970-1979	31	0.00155	0.00155	0.5	95296	148	95223	4170187	43.76
1970-1979	32	0.00167	0.00167	0.5	95149	158	95069	4074965	42.83
1970-1979	33	0.00174	0.00174	0.5	94990	165	94908	3979895	41.90
1970-1979	34	0.00186	0.00186	0.5	94825	176	94737	3884988	40.97
1970-1979	35	0.00204	0.00204	0.5	94648	193	94552	3790251	40.05
1970-1979	36	0.00211	0.00211	0.5	94455	199	94356	3695699	39.13
1970-1979	37	0.00228	0.00228	0.5	94256	215	94149	3601343	38.21
1970-1979	38	0.00253	0.00253	0.5	94041	238	93922	3507195	37.29
1970-1979	39	0.00273	0.00273	0.5	93804	256	93675	3413272	36.39
1970-1979	40	0.00298	0.00298	0.5	93547	279	93408	3319597	35.49
1970-1979	41	0.00313	0.00313	0.5	93269	292	93123	3226189	34.59
1970-1979	42	0.00360	0.00359	0.5	92977	334	92810	3133066	33.70
1970-1979	43	0.00378	0.00377	0.5	92643	349	92468	3040256	32.82
1970-1979	44	0.00418	0.00417	0.5	92294	385	92101	2947788	31.94
1970-1979	45	0.00453	0.00452	0.5	91909	415	91701	2855687	31.07
1970-1979	46	0.00508	0.00506	0.5	91494	463	91262	2763985	30.21
1970-1979	47	0.00545	0.00544	0.5	91030	495	90783	2672723	29.36
1970-1979	48	0.00599	0.00597	0.5	90535	541	90265	2581940	28.52
1970-1979	49	0.00654	0.00652	0.5	89995	586	89701	2491675	27.69
1970-1979	50	0.00724	0.00722	0.5	89408	645	89086	2401974	26.87
1970-1979	51	0.00761	0.00759	0.5	88763	673	88426	2312888	26.06
1970-1979	52	0.00840	0.00836	0.5	88090	737	87721	2224462	25.25
1970-1979	53	0.00897	0.00893	0.5	87353	780	86963	2136740	24.46
1970-1979	54	0.00970	0.00965	0.5	86573	835	86156	2049777	23.68
1970-1979	55	0.01052	0.01046	0.5	85738	897	85289	1963622	22.90
1970-1979	56	0.01134	0.01128	0.5	84841	957	84363	1878332	22.14
1970-1979	57	0.01238	0.01231	0.5	83884	1032	83368	1793970	21.39
1970-1979	58	0.01338	0.01329	0.5	82852	1101	82301	1710602	20.65
1970-1979	59	0.01445	0.01435	0.5	81751	1173	81164	1628301	19.92
1970-1979	60	0.01569	0.01557	0.5	80578	1254	79951	1547137	19.20
1970-1979	61	0.01694	0.01680	0.5	79324	1332	78657	1467186	18.50
1970-1979	62	0.01874	0.01857	0.5	77991	1448	77267	1388528	17.80
1970-1979	63	0.02010	0.01990	0.5	76543	1524	75781	1311261	17.13
1970-1979	64	0.02156	0.02133	0.5	75019	1600	74219	1235480	16.47
1970-1979	65	0.02310	0.02284	0.5	73419	1677	72581	1161261	15.82
1970-1979	66	0.02463	0.02433	0.5	71742	1745	70870	1088680	15.17
1970-1979	67	0.02648	0.02613	0.5	69997	1829	69082	1017810	14.54
1970-1979	68	0.02861	0.02821	0.5	68168	1923	67206	948728	13.92
1970-1979	69	0.03093	0.03046	0.5	66245	2018	65236	881522	13.31
1970-1979	70	0.03420	0.03362	0.5	64227	2160	63147	816286	12.71
1970-1979	71	0.03615	0.03551	0.5	62067	2204	60965	753139	12.13
1970-1979	72	0.03974	0.03897	0.5	59863	2333	58697	692174	11.56
1970-1979	73	0.04266	0.04177	0.5	57530	2403	56329	633477	11.01
1970-1979	74	0.04683	0.04576	0.5	55127	2522	53866	577148	10.47
1970-1979	75	0.05131	0.05003	0.5	52605	2632	51289	523282	9.95
1970-1979	76	0.05461	0.05316	0.5	49973	2657	48645	471993	9.44
1970-1979	77	0.05904	0.05735	0.5	47317	2714	45960	423348	8.95
1970-1979	78	0.06529	0.06322	0.5	44603	2820	43193	377388	8.46
1970-1979	79	0.07067	0.06825	0.5	41783	2852	40357	334195	8.00
1970-1979	80	0.07884	0.07585	0.5	38931	2953	37455	293838	7.55
1970-1979	81	0.08546	0.08196	0.5	35978	2949	34504	256383	7.13
1970-1979	82	0.09385	0.08965	0.5	33030	2961	31549	221879	6.72
1970-1979	83	0.10286	0.09783	0.5	30069	2942	28598	190330	6.33
1970-1979	84	0.11401	0.10786	0.5	27127	2926	25664	161732	5.96
1970-1979	85	0.12254	0.11547	0.5	24201	2794	22804	136068	5.62
1970-1979	86	0.13646	0.12774	0.5	21407	2734	20039	113264	5.29
1970-1979	87	0.14609	0.13615	0.5	18672	2542	17401	93225	4.99
1970-1979	88	0.15913	0.14740	0.5	16130	2378	14941	75824	4.70
1970-1979	89	0.17335	0.15952	0.5	13752	2194	12656	60883	4.43
1970-1979	90	0.18888	0.17258	0.5	11559	1995	10561	48227	4.17
1970-1979	91	0.20044	0.18218	0.5	9564	1742	8693	37666	3.94
1970-1979	92	0.21988	0.19810	0.5	7821	1549	7047	28973	3.70
1970-1979	93	0.23816	0.21282	0.5	6272	1335	5605	21926	3.50
1970-1979	94	0.25337	0.22488	0.5	4937	1110	4382	16322	3.31
1970-1979	95	0.27256	0.23987	0.5	3827	918	3368	11940	3.12
1970-1979	96	0.29269	0.25532	0.5	2909	743	2538	8572	2.95
1970-1979	97	0.31372	0.27118	0.5	2166	587	1873	6034	2.79
1970-1979	98	0.33561	0.28738	0.5	1579	454	1352	4162	2.64
1970-1979	99	0.35829	0.30385	0.5	1125	342	954	2810	2.50
1970-1979	100	0.38167	0.32051	0.5	783	251	658	1855	2.37
1970-1979	101	0.40568	0.33727	0.5	532	179	442	1198	2.25
1970-1979	102	0.43020	0.35404	0.5	353	125	290	755	2.14
1970-1979	103	0.45511	0.37075	0.5	228	84	186	465	2.04
1970-1979	104	0.48031	0.38730	0.5	143	56	116	279	1.95
1970-1979	105	0.50564	0.40360	0.5	88	35	70	164	1.87
1970-1979	106	0.53099	0.41959	0.5	52	22	41	94	1.79
1970-1979	107	0.55622	0.43519	0.5	30	13	24	52	1.72
1970-1979	108	0.58119	0.45033	0.5	17	8	13	29	1.66
1970-1979	109	0.60579	0.46496	0.5	9	4	7	15	1.62
1970-1979	110+	0.62989	1.00000	1.59	5	5	8	8	1.59
1980-1989	0	0.01108	0.01097	0.08	100000	1097	98990	7409747	74.10
1980-1989	1	0.00096	0.00096	0.5	98903	95	98856	7310757	73.92
1980-1989	2	0.00064	0.00064	0.5	98808	63	98777	7211902	72.99
1980-1989	3	0.00050	0.00050	0.5	98745	49	98720	7113125	72.04
1980-1989	4	0.00040	0.00039	0.5	98696	39	98677	7014405	71.07
1980-1989	5	0.00032	0.00032	0.5	98657	32	98641	6915728	70.10
1980-1989	6	0.00031	0.00031	0.5	98625	30	98610	6817087	69.12
1980-1989	7	0.00029	0.00029	0.5	98595	29	98580	6718477	68.14
1980-1989	8	0.00028	0.00028	0.5	98566	28	98552	6619897	67.16
1980-1989	9	0.00026	0.00026	0.5	98538	26	98525	6521345	66.18
1980-1989	10	0.00025	0.00025	0.5	98512	24	98500	6422820	65.20
1980-1989	11	0.00027	0.00027	0.5	98488	27	98475	6324319	64.21
1980-1989	12	0.00030	0.00030	0.5	98461	30	98447	6225845	63.23
1980-1989	13	0.00034	0.00034	0.5	98432	34	98415	6127398	62.25
1980-1989	14	0.00043	0.00043	0.5	98398	42	98377	6028983	61.27
1980-1989	15	0.00057	0.00057	0.5	98356	56	98328	5930606	60.30
1980-1989	16	0.00082	0.00082	0.5	98300	80	98260	5832278	59.33
1980-1989	17	0.00103	0.00102	0.5	98220	101	98169	5734019	58.38
1980-1989	18	0.00129	0.00129	0.5	98119	126	98056	5635849	57.44
1980-1989	19	0.00130	0.00130	0.5	97992	127	97929	5537794	56.51
1980-1989	20	0.00134	0.00134	0.5	97865	132	97800	5439865	55.59
1980-1989	21	0.00142	0.00142	0.5	97734	138	97665	5342065	54.66
1980-1989	22	0.00141	0.00140	0.5	97595	137	97527	5244401	53.74
1980-1989	23	0.00141	0.00141	0.5	97458	137	97390	5146874	52.81
1980-1989	24	0.00140	0.00140	0.5	97321	136	97253	5049484	51.88
1980-1989	25	0.00140	0.00140	0.5	97185	136	97117	4952231	50.96
1980-1989	26	0.00140	0.00139	0.5	97049	135	96981	4855114	50.03
1980-1989	27	0.00140	0.00140	0.5	96914	136	96846	4758133	49.10
1980-1989	28	0.00147	0.00147	0.5	96778	142	96707	4661287	48.16
1980-1989	29	0.00139	0.00139	0.5	96636	134	96568	4564580	47.24
1980-1989	30	0.00147	0.00147	0.5	96501	142	96430	4468012	46.30
1980-1989	31	0.00150	0.00150	0.5	96359	144	96287	4371581	45.37
1980-1989	32	0.00155	0.00155	0.5	96215	149	96141	4275294	44.43
1980-1989	33	0.00164	0.00164	0.5	96066	157	95987	4179154	43.50
1980-1989	34	0.00165	0.00165	0.5	95908	158	95829	4083167	42.57
1980-1989	35	0.00171	0.00171	0.5	95750	164	95668	3987337	41.64
1980-1989	36	0.00179	0.00179	0.5	95586	171	95501	3891669	40.71
1980-1989	37	0.00191	0.00191	0.5	95415	182	95324	3796168	39.79
1980-1989	38	0.00212	0.00212	0.5	95233	202	95133	3700844	38.86
1980-1989	39	0.00215	0.00214	0.5	95032	204	94930	3605711	37.94
1980-1989	40	0.00231	0.00230	0.5	94828	219	94719	3510781	37.02
1980-1989	41	0.00248	0.00247	0.5	94609	234	94492	3416063	36.11
1980-1989	42	0.00275	0.00275	0.5	94375	259	94246	3321570	35.20
1980-1989	43	0.00302	0.00302	0.5	94116	284	93974	3227324	34.29
1980-1989	44	0.00321	0.00320	0.5	93832	301	93682	3133350	33.39
1980-1989	45	0.00356	0.00356	0.5	93532	333	93365	3039668	32.50
1980-1989	46	0.00386	0.00385	0.5	93199	359	93019	2946303	31.61
1980-1989	47	0.00412	0.00411	0.5	92840	381	92649	2853283	30.73
1980-1989	48	0.00471	0.00470	0.5	92458	434	92241	2760634	29.86
1980-1989	49	0.00495	0.00493	0.5	92024	454	91797	2668393	29.00
1980-1989	50	0.00557	0.00555	0.5	91570	509	91316	2576596	28.14
1980-1989	51	0.00616	0.00614	0.5	91061	559	90782	2485280	27.29
1980-1989	52	0.00687	0.00685	0.5	90502	620	90192	2394498	26.46
1980-1989	53	0.00746	0.00743	0.5	89882	668	89548	2304306	25.64
1980-1989	54	0.00786	0.00783	0.5	89214	698	88865	2214758	24.83
1980-1989	55	0.00880	0.00877	0.5	88516	776	88128	2125892	24.02
1980-1989	56	0.00955	0.00950	0.5	87740	834	87323	2037764	23.22
1980-1989	57	0.01043	0.01037	0.5	86906	901	86456	1950441	22.44
1980-1989	58	0.01184	0.01177	0.5	86005	1013	85499	1863985	21.67
1980-1989	59	0.01236	0.01228	0.5	84992	1044	84470	1778487	20.93
1980-1989	60	0.01358	0.01349	0.5	83948	1132	83382	1694016	20.18
1980-1989	61	0.01473	0.01462	0.5	82816	1211	82211	1610634	19.45
1980-1989	62	0.01620	0.01607	0.5	81605	1311	80950	1528424	18.73
1980-1989	63	0.01719	0.01705	0.5	80294	1369	79610	1447474	18.03
1980-1989	64	0.01845	0.01828	0.5	78925	1443	78204	1367864	17.33
1980-1989	65	0.02075	0.02053	0.5	77483	1591	76687	1289660	16.64
1980-1989	66	0.02206	0.02182	0.5	75892	1656	75064	1212973	15.98
1980-1989	67	0.02368	0.02340	0.5	74236	1737	73367	1137909	15.33
1980-1989	68	0.02606	0.02572	0.5	72499	1865	71566	1064542	14.68
1980-1989	69	0.02761	0.02723	0.5	70634	1924	69672	992975	14.06
1980-1989	70	0.03025	0.02980	0.5	68710	2048	67686	923303	13.44
1980-1989	71	0.03283	0.03230	0.5	66662	2153	65586	855617	12.84
1980-1989	72	0.03634	0.03569	0.5	64510	2302	63358	790031	12.25
1980-1989	73	0.03964	0.03887	0.5	62207	2418	60998	726672	11.68
1980-1989	74	0.04130	0.04047	0.5	59789	2420	58580	665674	11.13
1980-1989	75	0.04538	0.04437	0.5	57370	2546	56097	607094	10.58
1980-1989	76	0.04950	0.04831	0.5	54824	2648	53500	550998	10.05
1980-1989	77	0.05280	0.05145	0.5	52176	2684	50834	497498	9.54
1980-1989	78	0.05835	0.05669	0.5	49491	2806	48088	446664	9.03
1980-1989	79	0.06263	0.06073	0.5	46686	2835	45268	398576	8.54
1980-1989	80	0.07102	0.06858	0.5	43850	3007	42347	353308	8.06
1980-1989	81	0.07659	0.07376	0.5	40843	3013	39337	310961	7.61
1980-1989	82	0.08434	0.08093	0.5	37830	3062	36299	271625	7.18
1980-1989	83	0.09292	0.08879	0.5	34769	3087	33225	235325	6.77
1980-1989	84	0.10084	0.09600	0.5	31681	3041	30161	202100	6.38
1980-1989	85	0.11038	0.10461	0.5	28640	2996	27142	171940	6.00
1980-1989	86	0.11995	0.11316	0.5	25644	2902	24193	144798	5.65
1980-1989	87	0.13359	0.12523	0.5	22742	2848	21318	120605	5.30
1980-1989	88	0.14261	0.13312	0.5	19894	2648	18570	99287	4.99
1980-1989	89	0.15711	0.14567	0.5	17246	2512	15990	80717	4.68
1980-1989	90	0.17207	0.15844	0.5	14734	2334	13567	64727	4.39
1980-1989	91	0.18663	0.17070	0.5	12399	2117	11341	51160	4.13
1980-1989	92	0.20423	0.18530	0.5	10283	1905	9330	39819	3.87
1980-1989	93	0.22306	0.20068	0.5	8377	1681	7537	30489	3.64
1980-1989	94	0.23970	0.21405	0.5	6696	1433	5979	22953	3.43
1980-1989	95	0.25918	0.22945	0.5	5263	1208	4659	16973	3.23
1980-1989	96	0.27973	0.24541	0.5	4055	995	3558	12314	3.04
1980-1989	97	0.30132	0.26187	0.5	3060	801	2659	8756	2.86
1980-1989	98	0.32390	0.27876	0.5	2259	630	1944	6097	2.70
1980-1989	99	0.34741	0.29599	0.5	1629	482	1388	4153	2.55
1980-1989	100	0.37176	0.31349	0.5	1147	360	967	2765	2.41
1980-1989	101	0.39685	0.33115	0.5	787	261	657	1798	2.28
1980-1989	102	0.42258	0.34887	0.5	527	184	435	1141	2.17
1980-1989	103	0.44879	0.36654	0.5	343	126	280	706	2.06
1980-1989	104	0.47537	0.38408	0.5	217	83	176	426	1.96
1980-1989	105	0.50214	0.40137	0.5	134	54	107	250	1.87
1980-1989	106	0.52896	0.41833	0.5	80	34	63	143	1.79
1980-1989	107	0.55568	0.43486	0.5	47	20	36	80	1.72
1980-1989	108	0.58212	0.45089	0.5	26	12	20	44	1.66
1980-1989	109	0.60815	0.46635	0.5	14	7	11	23	1.61
1980-1989	110+	0.63362	1.00000	1.58	8	8	12	12	1.58
1990-1999	0	0.00806	0.00800	0.07	100000	800	99257	7525620	75.26
1990-1999	1	0.00072	0.00072	0.5	99200	71	99165	7426363	74.86
1990-1999	2	0.00048	0.00048	0.5	99129	48	99105	7327198	73.92
1990-1999	3	0.00037	0.00037	0.5	99082	36	99063	7228093	72.95
1990-1999	4	0.00028	0.00028	0.5	99045	27	99032	7129029	71.98
1990-1999	5	0.00026	0.00026	0.5	99018	26	99005	7029997	71.00
1990-1999	6	0.00022	0.00022	0.5	98992	22	98981	6930993	70.02
1990-1999	7	0.00022	0.00022	0.5	98970	22	98959	6832012	69.03
1990-1999	8	0.00022	0.00022	0.5	98948	22	98937	6733053	68.05
1990-1999	9	0.00020	0.00020	0.5	98926	20	98917	6634115	67.06
1990-1999	10	0.00019	0.00019	0.5	98907	19	98897	6535199	66.07
1990-1999	11	0.00020	0.00020	0.5	98887	20	98877	6436302	65.09
1990-1999	12	0.00024	0.00024	0.5	98867	24	98855	6337424	64.10
1990-1999	13	0.00031	0.00031	0.5	98843	31	98828	6238569	63.12
1990-1999	14	0.00042	0.00042	0.5	98812	41	98792	6139741	62.14
1990-1999	15	0.00056	0.00056	0.5	98771	55	98743	6040949	61.16
1990-1999	16	0.00080	0.00080	0.5	98716	79	98676	5942206	60.19
1990-1999	17	0.00097	0.00097	0.5	98637	96	98589	5843529	59.24
1990-1999	18	0.00116	0.00116	0.5	98541	114	98484	5744940	58.30
1990-1999	19	0.00118	0.00118	0.5	98427	116	98369	5646456	57.37
1990-1999	20	0.00117	0.00117	0.5	98311	115	98254	5548087	56.43
1990-1999	21	0.00124	0.00124	0.5	98196	122	98136	5449833	55.50
1990-1999	22	0.00120	0.00120	0.5	98075	117	98016	5351697	54.57
1990-1999	23	0.00119	0.00119	0.5	97957	116	97899	5253681	53.63
1990-1999	24	0.00114	0.00114	0.5	97841	112	97785	5155782	52.70
1990-1999	25	0.00118	0.00118	0.5	97729	115	97672	5057997	51.76
1990-1999	26	0.00120	0.00120	0.5	97614	117	97556	4960325	50.82
1990-1999	27	0.00127	0.00127	0.5	97497	124	97435	4862769	49.88
1990-1999	28	0.00132	0.00132	0.5	97373	128	97309	4765334	48.94
1990-1999	29	0.00133	0.00133	0.5	97245	129	97181	4668025	48.00
1990-1999	30	0.00141	0.00141	0.5	97116	137	97048	4570844	47.07
1990-1999	31	0.00149	0.00149	0.5	96979	145	96907	4473796	46.13
1990-1999	32	0.00153	0.00153	0.5	96835	149	96760	4376889	45.20
1990-1999	33	0.00164	0.00164	0.5	96686	159	96607	4280129	44.27
1990-1999	34	0.00167	0.00167	0.5	96528	161	96447	4183522	43.34
1990-1999	35	0.00177	0.00177	0.5	96367	171	96281	4087075	42.41
1990-1999	36	0.00192	0.00192	0.5	96196	184	96104	3990793	41.49
1990-1999	37	0.00199	0.00199	0.5	96012	191	95916	3894690	40.56
1990-1999	38	0.00219	0.00218	0.5	95821	209	95716	3798774	39.64
1990-1999	39	0.00220	0.00220	0.5	95612	211	95506	3703057	38.73
1990-1999	40	0.00232	0.00232	0.5	95401	221	95291	3607551	37.81
1990-1999	41	0.00253	0.00253	0.5	95180	241	95060	3512260	36.90
1990-1999	42	0.00270	0.00270	0.5	94939	256	94811	3417201	35.99
1990-1999	43	0.00294	0.00293	0.5	94683	278	94545	3322389	35.09
1990-1999	44	0.00304	0.00303	0.5	94406	286	94263	3227845	34.19
1990-1999	45	0.00324	0.00324	0.5	94120	305	93967	3133582	33.29
1990-1999	46	0.00368	0.00368	0.5	93815	345	93643	3039615	32.40
1990-1999	47	0.00390	0.00389	0.5	93470	364	93288	2945972	31.52
1990-1999	48	0.00434	0.00434	0.5	93106	404	92904	2852684	30.64
1990-1999	49	0.00448	0.00447	0.5	92703	414	92496	2759779	29.77
1990-1999	50	0.00486	0.00485	0.5	92288	448	92065	2667284	28.90
1990-1999	51	0.00545	0.00544	0.5	91841	500	91591	2575219	28.04
1990-1999	52	0.00598	0.00596	0.5	91341	545	91069	2483628	27.19
1990-1999	53	0.00651	0.00649	0.5	90796	589	90502	2392560	26.35
1990-1999	54	0.00697	0.00695	0.5	90207	627	89894	2302058	25.52
1990-1999	55	0.00778	0.00775	0.5	89580	694	89233	2212164	24.69
1990-1999	56	0.00860	0.00856	0.5	88886	761	88506	2122931	23.88
1990-1999	57	0.00942	0.00938	0.5	88125	827	87712	2034425	23.09
1990-1999	58	0.01051	0.01045	0.5	87299	912	86843	1946713	22.30
1990-1999	59	0.01093	0.01087	0.5	86386	939	85917	1859871	21.53
1990-1999	60	0.01211	0.01204	0.5	85447	1029	84933	1773954	20.76
1990-1999	61	0.01367	0.01357	0.5	84419	1146	83846	1689021	20.01
1990-1999	62	0.01478	0.01467	0.5	83273	1222	82662	1605175	19.28
1990-1999	63	0.01602	0.01590	0.5	82051	1304	81399	1522514	18.56
1990-1999	64	0.01734	0.01719	0.5	80747	1388	80052	1441115	17.85
1990-1999	65	0.01859	0.01842	0.5	79358	1462	78627	1361062	17.15
1990-1999	66	0.02015	0.01995	0.5	77896	1554	77119	1282435	16.46
1990-1999	67	0.02167	0.02144	0.5	76343	1636	75524	1205316	15.79
1990-1999	68	0.02358	0.02331	0.5	74706	1741	73836	1129791	15.12
1990-1999	69	0.02577	0.02544	0.5	72965	1856	72037	1055956	14.47
1990-1999	70	0.02759	0.02721	0.5	71109	1935	70141	983919	13.84
1990-1999	71	0.03084	0.03037	0.5	69174	2101	68123	913778	13.21
1990-1999	72	0.03364	0.03308	0.5	67073	2219	65963	845654	12.61
1990-1999	73	0.03637	0.03572	0.5	64854	2316	63696	779691	12.02
1990-1999	74	0.03850	0.03777	0.5	62538	2362	61357	715995	11.45
1990-1999	75	0.04168	0.04083	0.5	60175	2457	58947	654638	10.88
1990-1999	76	0.04523	0.04423	0.5	57718	2553	56442	595692	10.32
1990-1999	77	0.04940	0.04821	0.5	55165	2660	53835	539250	9.78
1990-1999	78	0.05355	0.05215	0.5	52506	2738	51136	485414	9.25
1990-1999	79	0.05898	0.05729	0.5	49767	2851	48342	434278	8.73
1990-1999	80	0.06713	0.06495	0.5	46916	3047	45393	385936	8.23
1990-1999	81	0.07261	0.07007	0.5	43869	3074	42332	340544	7.76
1990-1999	82	0.08007	0.07699	0.5	40795	3141	39225	298212	7.31
1990-1999	83	0.08809	0.08437	0.5	37654	3177	36066	258987	6.88
1990-1999	84	0.09679	0.09232	0.5	34477	3183	32886	222921	6.47
1990-1999	85	0.10664	0.10124	0.5	31294	3168	29710	190036	6.07
1990-1999	86	0.11593	0.10958	0.5	28126	3082	26585	160325	5.70
1990-1999	87	0.12829	0.12056	0.5	25044	3019	23534	133740	5.34
1990-1999	88	0.13993	0.13078	0.5	22025	2880	20584	110206	5.00
1990-1999	89	0.15474	0.14363	0.5	19144	2750	17769	89622	4.68
1990-1999	90	0.16973	0.15645	0.5	16395	2565	15112	71852	4.38
1990-1999	91	0.18421	0.16867	0.5	13830	2333	12663	56740	4.10
1990-1999	92	0.20499	0.18593	0.5	11497	2138	10428	44077	3.83
1990-1999	93	0.22208	0.19989	0.5	9359	1871	8424	33649	3.60
1990-1999	94	0.24223	0.21607	0.5	7488	1618	6679	25225	3.37
1990-1999	95	0.26323	0.23261	0.5	5870	1366	5188	18546	3.16
1990-1999	96	0.28543	0.24978	0.5	4505	1125	3942	13358	2.97
1990-1999	97	0.30879	0.26749	0.5	3380	904	2928	9416	2.79
1990-1999	98	0.33324	0.28564	0.5	2476	707	2122	6488	2.62
1990-1999	99	0.35869	0.30414	0.5	1769	538	1500	4366	2.47
1990-1999	100	0.38504	0.32288	0.5	1231	397	1032	2866	2.33
1990-1999	101	0.41216	0.34173	0.5	833	285	691	1834	2.20
1990-1999	102	0.43989	0.36058	0.5	549	198	450	1143	2.08
1990-1999	103	0.46808	0.37930	0.5	351	133	284	694	1.98
1990-1999	104	0.49653	0.39778	0.5	218	87	174	410	1.88
1990-1999	105	0.52508	0.41589	0.5	131	55	104	235	1.79
1990-1999	106	0.55352	0.43354	0.5	77	33	60	131	1.72
1990-1999	107	0.58167	0.45062	0.5	43	20	34	71	1.65
1990-1999	108	0.60936	0.46706	0.5	24	11	18	38	1.59
1990-1999	109	0.63640	0.48278	0.5	13	6	10	20	1.54
1990-1999	110+	0.66266	1.00000	1.51	7	7	10	10	1.51
2000-2009	0	0.00719	0.00714	0.07	100000	714	99335	7643584	76.44
2000-2009	1	0.00058	0.00058	0.5	99286	58	99257	7544249	75.99
2000-2009	2	0.00039	0.00039	0.5	99228	39	99209	7444992	75.03
2000-2009	3	0.00028	0.00028	0.5	99189	27	99176	7345784	74.06
2000-2009	4	0.00023	0.00023	0.5	99162	23	99150	7246608	73.08
2000-2009	5	0.00020	0.00020	0.5	99139	19	99129	7147458	72.10
2000-2009	6	0.00017	0.00017	0.5	99119	17	99110	7048329	71.11
2000-2009	7	0.00017	0.00017	0.5	99102	17	99093	6949219	70.12
2000-2009	8	0.00015	0.00015	0.5	99085	15	99077	6850125	69.13
2000-2009	9	0.00016	0.00016	0.5	99070	16	99062	6751048	68.14
2000-2009	10	0.00016	0.00016	0.5	99054	16	99046	6651986	67.16
2000-2009	11	0.00016	0.00016	0.5	99039	16	99030	6552940	66.17
2000-2009	12	0.00019	0.00019	0.5	99022	18	99013	6453909	65.18
2000-2009	13	0.00024	0.00024	0.5	99004	24	98992	6354896	64.19
2000-2009	14	0.00029	0.00029	0.5	98980	28	98966	6255904	63.20
2000-2009	15	0.00039	0.00039	0.5	98952	39	98932	6156938	62.22
2000-2009	16	0.00056	0.00056	0.5	98913	55	98885	6058005	61.25
2000-2009	17	0.00071	0.00071	0.5	98858	70	98823	5959120	60.28
2000-2009	18	0.00094	0.00094	0.5	98787	93	98741	5860297	59.32
2000-2009	19	0.00103	0.00103	0.5	98695	101	98644	5761556	58.38
2000-2009	20	0.00105	0.00105	0.5	98593	104	98541	5662913	57.44
2000-2009	21	0.00109	0.00109	0.5	98490	108	98436	5564371	56.50
2000-2009	22	0.00108	0.00107	0.5	98382	106	98329	5465935	55.56
2000-2009	23	0.00108	0.00108	0.5	98276	106	98223	5367607	54.62
2000-2009	24	0.00109	0.00109	0.5	98170	107	98116	5269384	53.68
2000-2009	25	0.00110	0.00110	0.5	98063	108	98009	5171267	52.73
2000-2009	26	0.00113	0.00113	0.5	97955	111	97900	5073258	51.79
2000-2009	27	0.00110	0.00110	0.5	97845	108	97791	4975358	50.85
2000-2009	28	0.00112	0.00112	0.5	97737	110	97682	4877568	49.91
2000-2009	29	0.00120	0.00120	0.5	97627	117	97569	4779886	48.96
2000-2009	30	0.00117	0.00117	0.5	97510	114	97453	4682317	48.02
2000-2009	31	0.00125	0.00125	0.5	97396	122	97335	4584864	47.07
2000-2009	32	0.00127	0.00127	0.5	97274	123	97213	4487529	46.13
2000-2009	33	0.00132	0.00132	0.5	97151	129	97087	4390316	45.19
2000-2009	34	0.00138	0.00138	0.5	97022	134	96955	4293230	44.25
2000-2009	35	0.00152	0.00152	0.5	96888	147	96815	4196274	43.31
2000-2009	36	0.00159	0.00159	0.5	96741	153	96665	4099460	42.38
2000-2009	37	0.00172	0.00172	0.5	96588	166	96505	4002795	41.44
2000-2009	38	0.00184	0.00184	0.5	96422	177	96333	3906290	40.51
2000-2009	39	0.00198	0.00198	0.5	96245	190	96150	3809957	39.59
2000-2009	40	0.00220	0.00220	0.5	96054	211	95949	3713807	38.66
2000-2009	41	0.00240	0.00240	0.5	95843	230	95728	3617858	37.75
2000-2009	42	0.00257	0.00256	0.5	95613	245	95491	3522130	36.84
2000-2009	43	0.00282	0.00282	0.5	95368	269	95234	3426639	35.93
2000-2009	44	0.00311	0.00311	0.5	95100	295	94952	3331405	35.03
2000-2009	45	0.00336	0.00335	0.5	94804	318	94646	3236453	34.14
2000-2009	46	0.00358	0.00357	0.5	94487	337	94318	3141808	33.25
2000-2009	47	0.00390	0.00389	0.5	94149	366	93966	3047490	32.37
2000-2009	48	0.00421	0.00420	0.5	93783	394	93586	2953523	31.49
2000-2009	49	0.00463	0.00462	0.5	93389	431	93174	2859937	30.62
2000-2009	50	0.00502	0.00500	0.5	92958	465	92726	2766763	29.76
2000-2009	51	0.00531	0.00530	0.5	92493	490	92248	2674037	28.91
2000-2009	52	0.00576	0.00574	0.5	92003	528	91738	2581790	28.06
2000-2009	53	0.00619	0.00618	0.5	91474	565	91192	2490051	27.22
2000-2009	54	0.00660	0.00658	0.5	90909	598	90610	2398859	26.39
2000-2009	55	0.00715	0.00713	0.5	90311	644	89990	2308249	25.56
2000-2009	56	0.00772	0.00769	0.5	89668	689	89323	2218259	24.74
2000-2009	57	0.00835	0.00832	0.5	88978	740	88608	2128936	23.93
2000-2009	58	0.00914	0.00909	0.5	88238	803	87837	2040328	23.12
2000-2009	59	0.00990	0.00985	0.5	87436	862	87005	1952491	22.33
2000-2009	60	0.01076	0.01071	0.5	86574	927	86111	1865486	21.55
2000-2009	61	0.01156	0.01150	0.5	85647	985	85155	1779375	20.78
2000-2009	62	0.01269	0.01261	0.5	84662	1068	84128	1694221	20.01
2000-2009	63	0.01374	0.01365	0.5	83595	1141	83024	1610092	19.26
2000-2009	64	0.01489	0.01478	0.5	82454	1219	81845	1527068	18.52
2000-2009	65	0.01607	0.01594	0.5	81235	1295	80588	1445223	17.79
2000-2009	66	0.01732	0.01717	0.5	79940	1372	79254	1364636	17.07
2000-2009	67	0.01865	0.01847	0.5	78568	1451	77842	1285382	16.36
2000-2009	68	0.02005	0.01985	0.5	77116	1531	76351	1207540	15.66
2000-2009	69	0.02190	0.02167	0.5	75586	1638	74767	1131189	14.97
2000-2009	70	0.02419	0.02390	0.5	73948	1767	73064	1056422	14.29
2000-2009	71	0.02625	0.02591	0.5	72181	1870	71246	983358	13.62
2000-2009	72	0.02870	0.02829	0.5	70310	1989	69316	912112	12.97
2000-2009	73	0.03134	0.03086	0.5	68321	2108	67267	842797	12.34
2000-2009	74	0.03391	0.03334	0.5	66213	2208	65109	775529	11.71
2000-2009	75	0.03800	0.03729	0.5	64005	2387	62812	710420	11.10
2000-2009	76	0.04114	0.04031	0.5	61618	2484	60376	647608	10.51
2000-2009	77	0.04527	0.04427	0.5	59135	2618	57826	587232	9.93
2000-2009	78	0.04986	0.04864	0.5	56517	2749	55142	529406	9.37
2000-2009	79	0.05429	0.05285	0.5	53767	2842	52347	474264	8.82
2000-2009	80	0.06241	0.06052	0.5	50926	3082	49385	421918	8.28
2000-2009	81	0.06868	0.06640	0.5	47844	3177	46255	372533	7.79
2000-2009	82	0.07598	0.07320	0.5	44667	3270	43032	326278	7.30
2000-2009	83	0.08436	0.08094	0.5	41397	3351	39722	283246	6.84
2000-2009	84	0.09366	0.08947	0.5	38046	3404	36344	243524	6.40
2000-2009	85	0.10424	0.09908	0.5	34642	3432	32926	207180	5.98
2000-2009	86	0.11427	0.10810	0.5	31210	3374	29523	174254	5.58
2000-2009	87	0.12807	0.12036	0.5	27836	3350	26161	144731	5.20
2000-2009	88	0.14306	0.13351	0.5	24486	3269	22851	118570	4.84
2000-2009	89	0.15800	0.14643	0.5	21217	3107	19663	95719	4.51
2000-2009	90	0.17473	0.16069	0.5	18110	2910	16655	76056	4.20
2000-2009	91	0.19465	0.17738	0.5	15200	2696	13852	59401	3.91
2000-2009	92	0.21484	0.19400	0.5	12503	2426	11291	45549	3.64
2000-2009	93	0.23810	0.21277	0.5	10078	2144	9006	34259	3.40
2000-2009	94	0.25643	0.22729	0.5	7934	1803	7032	25253	3.18
2000-2009	95	0.28045	0.24596	0.5	6130	1508	5376	18221	2.97
2000-2009	96	0.30584	0.26527	0.5	4622	1226	4009	12845	2.78
2000-2009	97	0.33250	0.28510	0.5	3396	968	2912	8835	2.60
2000-2009	98	0.36033	0.30532	0.5	2428	741	2057	5923	2.44
2000-2009	99	0.38917	0.32578	0.5	1687	549	1412	3866	2.29
2000-2009	100	0.41886	0.34633	0.5	1137	394	940	2454	2.16
2000-2009	101	0.44920	0.36681	0.5	743	273	607	1514	2.04
2000-2009	102	0.47997	0.38707	0.5	471	182	380	907	1.93
2000-2009	103	0.51093	0.40697	0.5	288	117	230	527	1.83
2000-2009	104	0.54186	0.42635	0.5	171	73	135	297	1.74
2000-2009	105	0.57251	0.44510	0.5	98	44	76	163	1.66
2000-2009	106	0.60265	0.46311	0.5	54	25	42	86	1.59
2000-2009	107	0.63208	0.48029	0.5	29	14	22	45	1.52
2000-2009	108	0.66058	0.49657	0.5	15	8	11	22	1.47
2000-2009	109	0.68800	0.51190	0.5	8	4	6	11	1.43
2000-2009	110+	0.71419	1.00000	1.4	4	4	5	5	1.40
2010-2019	0	0.00631	0.00627	0.07	100000	627	99414	7760810	77.61
2010-2019	1	0.00048	0.00048	0.5	99373	48	99349	7661395	77.10
2010-2019	2	0.00031	0.00031	0.5	99325	30	99310	7562046	76.13
2010-2019	3	0.00023	0.00023	0.5	99295	23	99283	7462736	75.16
2010-2019	4	0.00019	0.00019	0.5	99271	19	99262	7363453	74.17
2010-2019	5	0.00016	0.00016	0.5	99253	15	99245	7264191	73.19
2010-2019	6	0.00014	0.00014	0.5	99237	14	99231	7164946	72.20
2010-2019	7	0.00013	0.00013	0.5	99224	13	99217	7065716	71.21
2010-2019	8	0.00013	0.00013	0.5	99211	13	99205	6966498	70.22
2010-2019	9	0.00012	0.00012	0.5	99198	12	99192	6867294	69.23
2010-2019	10	0.00012	0.00012	0.5	99186	12	99181	6768101	68.24
2010-2019	11	0.00014	0.00014	0.5	99175	13	99168	6668921	67.24
2010-2019	12	0.00016	0.00016	0.5	99161	15	99154	6569753	66.25
2010-2019	13	0.00019	0.00019	0.5	99146	19	99137	6470599	65.26
2010-2019	14	0.00023	0.00023	0.5	99127	23	99116	6371462	64.28
2010-2019	15	0.00030	0.00030	0.5	99104	30	99089	6272346	63.29
2010-2019	16	0.00041	0.00041	0.5	99074	41	99054	6173257	62.31
2010-2019	17	0.00051	0.00051	0.5	99034	51	99009	6074203	61.33
2010-2019	18	0.00071	0.00071	0.5	98983	71	98948	5975194	60.37
2010-2019	19	0.00083	0.00083	0.5	98913	82	98871	5876246	59.41
2010-2019	20	0.00087	0.00087	0.5	98830	86	98788	5777375	58.46
2010-2019	21	0.00097	0.00097	0.5	98745	95	98697	5678587	57.51
2010-2019	22	0.00098	0.00098	0.5	98649	97	98601	5579890	56.56
2010-2019	23	0.00096	0.00096	0.5	98553	94	98506	5481289	55.62
2010-2019	24	0.00101	0.00101	0.5	98459	100	98409	5382784	54.67
2010-2019	25	0.00104	0.00104	0.5	98359	102	98308	5284375	53.73
2010-2019	26	0.00102	0.00102	0.5	98257	100	98207	5186067	52.78
2010-2019	27	0.00109	0.00109	0.5	98157	107	98104	5087861	51.83
2010-2019	28	0.00112	0.00112	0.5	98050	110	97995	4989757	50.89
2010-2019	29	0.00116	0.00116	0.5	97940	114	97884	4891762	49.95
2010-2019	30	0.00119	0.00119	0.5	97827	116	97769	4793878	49.00
2010-2019	31	0.00124	0.00124	0.5	97711	121	97650	4696109	48.06
2010-2019	32	0.00131	0.00131	0.5	97590	127	97526	4598459	47.12
2010-2019	33	0.00138	0.00138	0.5	97463	135	97395	4500932	46.18
2010-2019	34	0.00142	0.00142	0.5	97328	138	97259	4403537	45.24
2010-2019	35	0.00147	0.00147	0.5	97190	143	97118	4306278	44.31
2010-2019	36	0.00157	0.00157	0.5	97047	153	96970	4209160	43.37
2010-2019	37	0.00162	0.00162	0.5	96894	157	96816	4112190	42.44
2010-2019	38	0.00174	0.00174	0.5	96737	168	96653	4015375	41.51
2010-2019	39	0.00183	0.00182	0.5	96569	176	96481	3918722	40.58
2010-2019	40	0.00197	0.00197	0.5	96392	189	96298	3822241	39.65
2010-2019	41	0.00209	0.00209	0.5	96203	201	96103	3725943	38.73
2010-2019	42	0.00226	0.00226	0.5	96002	217	95894	3629841	37.81
2010-2019	43	0.00241	0.00241	0.5	95785	231	95670	3533947	36.89
2010-2019	44	0.00256	0.00256	0.5	95555	245	95433	3438277	35.98
2010-2019	45	0.00287	0.00287	0.5	95310	273	95173	3342844	35.07
2010-2019	46	0.00317	0.00316	0.5	95037	300	94887	3247671	34.17
2010-2019	47	0.00346	0.00345	0.5	94736	327	94573	3152784	33.28
2010-2019	48	0.00378	0.00377	0.5	94409	356	94231	3058211	32.39
2010-2019	49	0.00415	0.00414	0.5	94053	390	93858	2963980	31.51
2010-2019	50	0.00457	0.00456	0.5	93664	427	93450	2870122	30.64
2010-2019	51	0.00500	0.00499	0.5	93236	465	93004	2776672	29.78
2010-2019	52	0.00550	0.00548	0.5	92771	509	92516	2683668	28.93
2010-2019	53	0.00599	0.00597	0.5	92262	551	91987	2591152	28.08
2010-2019	54	0.00654	0.00651	0.5	91711	597	91413	2499165	27.25
2010-2019	55	0.00710	0.00708	0.5	91114	645	90791	2407752	26.43
2010-2019	56	0.00773	0.00770	0.5	90469	697	90121	2316961	25.61
2010-2019	57	0.00840	0.00836	0.5	89772	751	89397	2226840	24.81
2010-2019	58	0.00893	0.00889	0.5	89021	791	88626	2137444	24.01
2010-2019	59	0.00975	0.00970	0.5	88230	856	87802	2048818	23.22
2010-2019	60	0.01027	0.01022	0.5	87374	893	86928	1961016	22.44
2010-2019	61	0.01109	0.01103	0.5	86481	954	86004	1874088	21.67
2010-2019	62	0.01187	0.01180	0.5	85527	1009	85022	1788084	20.91
2010-2019	63	0.01291	0.01283	0.5	84518	1084	83976	1703062	20.15
2010-2019	64	0.01372	0.01362	0.5	83434	1137	82865	1619086	19.41
2010-2019	65	0.01450	0.01440	0.5	82297	1185	81705	1536221	18.67
2010-2019	66	0.01552	0.01540	0.5	81112	1249	80488	1454516	17.93
2010-2019	67	0.01675	0.01662	0.5	79864	1327	79200	1374028	17.20
2010-2019	68	0.01814	0.01798	0.5	78537	1412	77831	1294828	16.49
2010-2019	69	0.01955	0.01936	0.5	77124	1493	76378	1216997	15.78
2010-2019	70	0.02137	0.02115	0.5	75631	1599	74831	1140620	15.08
2010-2019	71	0.02329	0.02302	0.5	74032	1704	73180	1065788	14.40
2010-2019	72	0.02532	0.02500	0.5	72327	1808	71423	992609	13.72
2010-2019	73	0.02741	0.02704	0.5	70519	1907	69566	921185	13.06
2010-2019	74	0.03013	0.02968	0.5	68613	2037	67594	851619	12.41
2010-2019	75	0.03303	0.03249	0.5	66576	2163	65494	784025	11.78
2010-2019	76	0.03610	0.03546	0.5	64413	2284	63271	718530	11.16
2010-2019	77	0.03929	0.03853	0.5	62129	2394	60932	655260	10.55
2010-2019	78	0.04336	0.04244	0.5	59735	2535	58468	594328	9.95
2010-2019	79	0.04779	0.04667	0.5	57200	2670	55865	535860	9.37
2010-2019	80	0.05467	0.05322	0.5	54530	2902	53079	479995	8.80
2010-2019	81	0.06134	0.05952	0.5	51628	3073	50092	426915	8.27
2010-2019	82	0.06775	0.06553	0.5	48556	3182	46965	376823	7.76
2010-2019	83	0.07512	0.07240	0.5	45374	3285	43732	329858	7.27
2010-2019	84	0.08376	0.08039	0.5	42089	3384	40397	286127	6.80
2010-2019	85	0.09315	0.08901	0.5	38706	3445	36983	245730	6.35
2010-2019	86	0.10414	0.09899	0.5	35260	3490	33515	208747	5.92
2010-2019	87	0.11560	0.10928	0.5	31770	3472	30034	175231	5.52
2010-2019	88	0.12966	0.12176	0.5	28298	3446	26575	145197	5.13
2010-2019	89	0.14413	0.13444	0.5	24852	3341	23182	118622	4.77
2010-2019	90	0.16073	0.14878	0.5	21511	3200	19911	95440	4.44
2010-2019	91	0.17914	0.16441	0.5	18311	3010	16806	75529	4.12
2010-2019	92	0.19818	0.18031	0.5	15300	2759	13921	58723	3.84
2010-2019	93	0.22028	0.19843	0.5	12542	2489	11297	44803	3.57
2010-2019	94	0.24425	0.21767	0.5	10053	2188	8959	33505	3.33
2010-2019	95	0.26217	0.23179	0.5	7865	1823	6953	24546	3.12
2010-2019	96	0.28707	0.25103	0.5	6042	1517	5283	17593	2.91
2010-2019	97	0.31335	0.27090	0.5	4525	1226	3912	12310	2.72
2010-2019	98	0.34091	0.29126	0.5	3299	961	2819	8398	2.55
2010-2019	99	0.36963	0.31197	0.5	2338	729	1974	5579	2.39
2010-2019	100	0.39933	0.33287	0.5	1609	536	1341	3605	2.24
2010-2019	101	0.42982	0.35379	0.5	1073	380	883	2264	2.11
2010-2019	102	0.46090	0.37458	0.5	694	260	564	1381	1.99
2010-2019	103	0.49231	0.39506	0.5	434	171	348	817	1.88
2010-2019	104	0.52382	0.41510	0.5	262	109	208	469	1.79
2010-2019	105	0.55517	0.43454	0.5	153	67	120	261	1.70
2010-2019	106	0.58612	0.45328	0.5	87	39	67	141	1.62
2010-2019	107	0.61643	0.47120	0.5	47	22	36	74	1.56
2010-2019	108	0.64590	0.48823	0.5	25	12	19	38	1.50
2010-2019	109	0.67432	0.50429	0.5	13	6	10	19	1.45
2010-2019	110+	0.70154	1.00000	1.43	6	6	9	9	1.43
2020-2022	0	0.00602	0.00599	0.07	100000	599	99440	7559648	75.60
2020-2022	1	0.00046	0.00046	0.5	99401	46	99379	7460207	75.05
2020-2022	2	0.00031	0.00031	0.5	99356	31	99340	7360829	74.09
2020-2022	3	0.00024	0.00024	0.5	99325	23	99313	7261489	73.11
2020-2022	4	0.00019	0.00019	0.5	99301	19	99292	7162175	72.13
2020-2022	5	0.00017	0.00017	0.5	99283	17	99274	7062883	71.14
2020-2022	6	0.00015	0.00015	0.5	99266	15	99259	6963609	70.15
2020-2022	7	0.00011	0.00011	0.5	99251	11	99246	6864351	69.16
2020-2022	8	0.00012	0.00012	0.5	99240	12	99234	6765105	68.17
2020-2022	9	0.00011	0.00011	0.5	99228	11	99223	6665871	67.18
2020-2022	10	0.00013	0.00013	0.5	99217	13	99211	6566648	66.18
2020-2022	11	0.00015	0.00015	0.5	99204	15	99197	6467437	65.19
2020-2022	12	0.00016	0.00016	0.5	99190	16	99182	6368240	64.20
2020-2022	13	0.00021	0.00021	0.5	99174	21	99163	6269058	63.21
2020-2022	14	0.00029	0.00029	0.5	99153	29	99138	6169895	62.23
2020-2022	15	0.00037	0.00037	0.5	99124	37	99105	6070757	61.24
2020-2022	16	0.00051	0.00051	0.5	99087	50	99062	5971652	60.27
2020-2022	17	0.00065	0.00065	0.5	99037	65	99004	5872590	59.30
2020-2022	18	0.00092	0.00092	0.5	98972	91	98927	5773585	58.34
2020-2022	19	0.00104	0.00104	0.5	98881	103	98830	5674659	57.39
2020-2022	20	0.00109	0.00109	0.5	98779	107	98725	5575829	56.45
2020-2022	21	0.00117	0.00117	0.5	98671	116	98613	5477104	55.51
2020-2022	22	0.00116	0.00116	0.5	98556	114	98498	5378491	54.57
2020-2022	23	0.00121	0.00121	0.5	98441	119	98382	5279992	53.64
2020-2022	24	0.00131	0.00131	0.5	98322	129	98258	5181611	52.70
2020-2022	25	0.00136	0.00136	0.5	98193	133	98126	5083353	51.77
2020-2022	26	0.00135	0.00135	0.5	98060	132	97994	4985227	50.84
2020-2022	27	0.00147	0.00147	0.5	97927	144	97855	4887233	49.91
2020-2022	28	0.00150	0.00150	0.5	97783	147	97710	4789378	48.98
2020-2022	29	0.00167	0.00167	0.5	97637	163	97555	4691668	48.05
2020-2022	30	0.00164	0.00164	0.5	97473	160	97394	4594113	47.13
2020-2022	31	0.00171	0.00171	0.5	97314	166	97231	4496719	46.21
2020-2022	32	0.00188	0.00188	0.5	97148	182	97056	4399488	45.29
2020-2022	33	0.00199	0.00199	0.5	96965	193	96869	4302432	44.37
2020-2022	34	0.00206	0.00205	0.5	96772	199	96673	4205564	43.46
2020-2022	35	0.00211	0.00211	0.5	96573	204	96471	4108891	42.55
2020-2022	36	0.00220	0.00220	0.5	96370	212	96264	4012419	41.64
2020-2022	37	0.00241	0.00241	0.5	96158	232	96042	3916156	40.73
2020-2022	38	0.00247	0.00246	0.5	95926	236	95807	3820114	39.82
2020-2022	39	0.00265	0.00265	0.5	95689	254	95562	3724307	38.92
2020-2022	40	0.00277	0.00277	0.5	95436	264	95303	3628744	38.02
2020-2022	41	0.00304	0.00303	0.5	95171	288	95027	3533441	37.13
2020-2022	42	0.00314	0.00313	0.5	94883	297	94734	3438414	36.24
2020-2022	43	0.00330	0.00329	0.5	94586	311	94430	3343679	35.35
2020-2022	44	0.00351	0.00350	0.5	94274	330	94109	3249249	34.47
2020-2022	45	0.00383	0.00382	0.5	93944	359	93765	3155140	33.59
2020-2022	46	0.00409	0.00409	0.5	93585	382	93394	3061376	32.71
2020-2022	47	0.00425	0.00424	0.5	93203	396	93005	2967982	31.84
2020-2022	48	0.00477	0.00476	0.5	92807	442	92586	2874977	30.98
2020-2022	49	0.00501	0.00500	0.5	92365	461	92135	2782390	30.12
2020-2022	50	0.00547	0.00546	0.5	91904	502	91653	2690256	29.27
2020-2022	51	0.00589	0.00588	0.5	91402	537	91134	2598602	28.43
2020-2022	52	0.00643	0.00641	0.5	90865	582	90574	2507469	27.60
2020-2022	53	0.00692	0.00689	0.5	90283	622	89972	2416895	26.77
2020-2022	54	0.00750	0.00747	0.5	89661	670	89326	2326923	25.95
2020-2022	55	0.00829	0.00825	0.5	88991	734	88624	2237597	25.14
2020-2022	56	0.00889	0.00885	0.5	88256	781	87866	2148974	24.35
2020-2022	57	0.00978	0.00973	0.5	87475	851	87049	2061108	23.56
2020-2022	58	0.01055	0.01050	0.5	86624	909	86169	1974058	22.79
2020-2022	59	0.01147	0.01141	0.5	85715	978	85226	1887889	22.03
2020-2022	60	0.01244	0.01236	0.5	84737	1047	84213	1802663	21.27
2020-2022	61	0.01350	0.01341	0.5	83690	1123	83128	1718450	20.53
2020-2022	62	0.01456	0.01445	0.5	82567	1193	81970	1635322	19.81
2020-2022	63	0.01570	0.01557	0.5	81374	1267	80740	1553351	19.09
2020-2022	64	0.01687	0.01673	0.5	80106	1340	79436	1472611	18.38
2020-2022	65	0.01783	0.01768	0.5	78766	1392	78070	1393175	17.69
2020-2022	66	0.01912	0.01894	0.5	77374	1465	76641	1315105	17.00
2020-2022	67	0.02041	0.02020	0.5	75908	1534	75142	1238464	16.32
2020-2022	68	0.02161	0.02138	0.5	74375	1590	73580	1163322	15.64
2020-2022	69	0.02311	0.02284	0.5	72785	1663	71954	1089742	14.97
2020-2022	70	0.02511	0.02480	0.5	71122	1764	70240	1017788	14.31
2020-2022	71	0.02694	0.02658	0.5	69359	1844	68437	947548	13.66
2020-2022	72	0.02898	0.02856	0.5	67515	1929	66551	879111	13.02
2020-2022	73	0.03154	0.03105	0.5	65586	2036	64568	812561	12.39
2020-2022	74	0.03422	0.03364	0.5	63550	2138	62481	747993	11.77
2020-2022	75	0.03752	0.03683	0.5	61412	2262	60281	685512	11.16
2020-2022	76	0.04140	0.04056	0.5	59150	2399	57951	625231	10.57
2020-2022	77	0.04625	0.04520	0.5	56751	2565	55468	567280	10.00
2020-2022	78	0.05060	0.04935	0.5	54186	2674	52848	511812	9.45
2020-2022	79	0.05539	0.05390	0.5	51511	2776	50123	458963	8.91
2020-2022	80	0.06142	0.05959	0.5	48735	2904	47283	408840	8.39
2020-2022	81	0.06691	0.06474	0.5	45831	2967	44347	361557	7.89
2020-2022	82	0.07364	0.07103	0.5	42864	3044	41341	317210	7.40
2020-2022	83	0.08240	0.07914	0.5	39819	3151	38244	275869	6.93
2020-2022	84	0.09109	0.08712	0.5	36668	3195	35071	237625	6.48
2020-2022	85	0.10195	0.09701	0.5	33474	3247	31850	202554	6.05
2020-2022	86	0.11134	0.10547	0.5	30226	3188	28632	170704	5.65
2020-2022	87	0.12421	0.11695	0.5	27038	3162	25457	142072	5.25
2020-2022	88	0.13863	0.12964	0.5	23876	3095	22329	116614	4.88
2020-2022	89	0.15509	0.14393	0.5	20781	2991	19285	94285	4.54
2020-2022	90	0.17219	0.15854	0.5	17790	2820	16380	75000	4.22
2020-2022	91	0.19338	0.17633	0.5	14970	2640	13650	58620	3.92
2020-2022	92	0.21456	0.19378	0.5	12330	2389	11135	44971	3.65
2020-2022	93	0.23781	0.21254	0.5	9941	2113	8884	33835	3.40
2020-2022	94	0.25519	0.22632	0.5	7828	1772	6942	24951	3.19
2020-2022	95	0.27955	0.24527	0.5	6056	1485	5314	18009	2.97
2020-2022	96	0.30531	0.26488	0.5	4571	1211	3966	12695	2.78
2020-2022	97	0.33238	0.28502	0.5	3360	958	2881	8730	2.60
2020-2022	98	0.36065	0.30555	0.5	2402	734	2035	5848	2.43
2020-2022	99	0.38995	0.32632	0.5	1668	544	1396	3813	2.29
2020-2022	100	0.42010	0.34718	0.5	1124	390	929	2417	2.15
2020-2022	101	0.45091	0.36795	0.5	734	270	599	1488	2.03
2020-2022	102	0.48213	0.38848	0.5	464	180	374	889	1.92
2020-2022	103	0.51353	0.40861	0.5	284	116	226	516	1.82
2020-2022	104	0.54486	0.42821	0.5	168	72	132	290	1.73
2020-2022	105	0.57588	0.44713	0.5	96	43	74	158	1.65
2020-2022	106	0.60634	0.46528	0.5	53	25	41	84	1.58
2020-2022	107	0.63604	0.48257	0.5	28	14	22	43	1.51
2020-2022	108	0.66476	0.49893	0.5	15	7	11	21	1.46
2020-2022	109	0.69234	0.51430	0.5	7	4	5	10	1.42
2020-2022	110+	0.71863	1.00000	1.39	4	4	5	5	1.39
