Div7: Div7, Lifetables (period 1x10), Females Last modified: February 4 2025, MPv5 (May07) 

Year     	Age	mx	qx	ax	lx	dx	Lx	Tx	ex
1941-1949	0	0.04045	0.03913	0.17	100000	3913	96737	6864665	68.65
1941-1949	1	0.00458	0.00457	0.5	96087	439	95867	6767928	70.44
1941-1949	2	0.00231	0.00230	0.5	95647	220	95537	6672061	69.76
1941-1949	3	0.00159	0.00159	0.5	95427	151	95351	6576524	68.92
1941-1949	4	0.00126	0.00126	0.5	95275	120	95215	6481173	68.03
1941-1949	5	0.00104	0.00104	0.5	95155	99	95106	6385958	67.11
1941-1949	6	0.00089	0.00089	0.5	95056	84	95014	6290852	66.18
1941-1949	7	0.00077	0.00077	0.5	94972	73	94935	6195838	65.24
1941-1949	8	0.00068	0.00068	0.5	94899	65	94866	6100903	64.29
1941-1949	9	0.00063	0.00063	0.5	94834	60	94804	6006037	63.33
1941-1949	10	0.00061	0.00061	0.5	94774	58	94745	5911233	62.37
1941-1949	11	0.00064	0.00064	0.5	94716	60	94686	5816488	61.41
1941-1949	12	0.00070	0.00070	0.5	94656	66	94622	5721802	60.45
1941-1949	13	0.00081	0.00081	0.5	94589	76	94551	5627180	59.49
1941-1949	14	0.00095	0.00095	0.5	94513	90	94468	5532629	58.54
1941-1949	15	0.00112	0.00112	0.5	94423	106	94370	5438161	57.59
1941-1949	16	0.00129	0.00129	0.5	94317	121	94256	5343791	56.66
1941-1949	17	0.00144	0.00143	0.5	94195	135	94128	5249535	55.73
1941-1949	18	0.00157	0.00157	0.5	94060	148	93986	5155408	54.81
1941-1949	19	0.00169	0.00169	0.5	93912	159	93833	5061421	53.90
1941-1949	20	0.00180	0.00180	0.5	93754	169	93669	4967589	52.99
1941-1949	21	0.00189	0.00189	0.5	93585	177	93496	4873919	52.08
1941-1949	22	0.00196	0.00196	0.5	93408	183	93317	4780423	51.18
1941-1949	23	0.00201	0.00201	0.5	93225	187	93132	4687106	50.28
1941-1949	24	0.00204	0.00204	0.5	93038	190	92943	4593975	49.38
1941-1949	25	0.00205	0.00205	0.5	92848	191	92753	4501031	48.48
1941-1949	26	0.00207	0.00207	0.5	92658	192	92562	4408278	47.58
1941-1949	27	0.00211	0.00211	0.5	92466	195	92368	4315716	46.67
1941-1949	28	0.00217	0.00217	0.5	92271	200	92171	4223348	45.77
1941-1949	29	0.00226	0.00226	0.5	92070	208	91966	4131177	44.87
1941-1949	30	0.00237	0.00236	0.5	91863	217	91754	4039211	43.97
1941-1949	31	0.00247	0.00247	0.5	91645	226	91532	3947457	43.07
1941-1949	32	0.00259	0.00258	0.5	91419	236	91301	3855925	42.18
1941-1949	33	0.00272	0.00272	0.5	91183	248	91059	3764624	41.29
1941-1949	34	0.00287	0.00287	0.5	90935	261	90805	3673565	40.40
1941-1949	35	0.00305	0.00305	0.5	90674	276	90536	3582760	39.51
1941-1949	36	0.00324	0.00323	0.5	90398	292	90252	3492224	38.63
1941-1949	37	0.00343	0.00342	0.5	90106	308	89951	3401972	37.76
1941-1949	38	0.00365	0.00365	0.5	89797	327	89634	3312021	36.88
1941-1949	39	0.00388	0.00387	0.5	89470	346	89297	3222387	36.02
1941-1949	40	0.00409	0.00408	0.5	89123	364	88941	3133090	35.15
1941-1949	41	0.00428	0.00427	0.5	88759	379	88570	3044149	34.30
1941-1949	42	0.00453	0.00452	0.5	88381	400	88181	2955579	33.44
1941-1949	43	0.00484	0.00483	0.5	87981	425	87768	2867398	32.59
1941-1949	44	0.00512	0.00511	0.5	87556	447	87332	2779630	31.75
1941-1949	45	0.00544	0.00543	0.5	87109	473	86872	2692298	30.91
1941-1949	46	0.00575	0.00574	0.5	86636	497	86387	2605426	30.07
1941-1949	47	0.00609	0.00607	0.5	86139	523	85877	2519038	29.24
1941-1949	48	0.00652	0.00650	0.5	85615	557	85337	2433161	28.42
1941-1949	49	0.00703	0.00700	0.5	85059	596	84761	2347824	27.60
1941-1949	50	0.00759	0.00756	0.5	84463	639	84144	2263063	26.79
1941-1949	51	0.00804	0.00801	0.5	83824	671	83488	2178920	25.99
1941-1949	52	0.00854	0.00850	0.5	83153	707	82799	2095431	25.20
1941-1949	53	0.00915	0.00910	0.5	82446	751	82071	2012632	24.41
1941-1949	54	0.00977	0.00972	0.5	81695	794	81298	1930561	23.63
1941-1949	55	0.01045	0.01040	0.5	80901	841	80481	1849263	22.86
1941-1949	56	0.01110	0.01104	0.5	80060	884	79618	1768782	22.09
1941-1949	57	0.01178	0.01171	0.5	79176	927	78713	1689164	21.33
1941-1949	58	0.01256	0.01248	0.5	78249	977	77761	1610452	20.58
1941-1949	59	0.01332	0.01323	0.5	77272	1023	76761	1532691	19.83
1941-1949	60	0.01407	0.01397	0.5	76250	1065	75717	1455930	19.09
1941-1949	61	0.01483	0.01472	0.5	75184	1107	74631	1380213	18.36
1941-1949	62	0.01590	0.01578	0.5	74077	1169	73493	1305583	17.62
1941-1949	63	0.01741	0.01726	0.5	72909	1258	72279	1232090	16.90
1941-1949	64	0.01918	0.01900	0.5	71650	1361	70969	1159810	16.19
1941-1949	65	0.02146	0.02124	0.5	70289	1493	69542	1088841	15.49
1941-1949	66	0.02368	0.02340	0.5	68796	1610	67991	1019298	14.82
1941-1949	67	0.02588	0.02555	0.5	67186	1717	66328	951307	14.16
1941-1949	68	0.02858	0.02818	0.5	65470	1845	64547	884979	13.52
1941-1949	69	0.03128	0.03080	0.5	63625	1960	62645	820432	12.89
1941-1949	70	0.03403	0.03346	0.5	61665	2064	60633	757787	12.29
1941-1949	71	0.03657	0.03591	0.5	59602	2140	58531	697154	11.70
1941-1949	72	0.03966	0.03889	0.5	57461	2235	56344	638623	11.11
1941-1949	73	0.04368	0.04274	0.5	55227	2360	54046	582279	10.54
1941-1949	74	0.04786	0.04674	0.5	52866	2471	51631	528232	9.99
1941-1949	75	0.05284	0.05148	0.5	50395	2594	49098	476602	9.46
1941-1949	76	0.05799	0.05636	0.5	47801	2694	46454	427504	8.94
1941-1949	77	0.06326	0.06132	0.5	45107	2766	43724	381050	8.45
1941-1949	78	0.06974	0.06739	0.5	42341	2853	40914	337326	7.97
1941-1949	79	0.07644	0.07363	0.5	39488	2907	38034	296412	7.51
1941-1949	80	0.08809	0.08438	0.5	36580	3087	35037	258378	7.06
1941-1949	81	0.09664	0.09219	0.5	33494	3088	31950	223341	6.67
1941-1949	82	0.10587	0.10055	0.5	30406	3057	28877	191392	6.29
1941-1949	83	0.11603	0.10966	0.5	27349	2999	25849	162514	5.94
1941-1949	84	0.12708	0.11949	0.5	24350	2910	22895	136665	5.61
1941-1949	85	0.13900	0.12997	0.5	21440	2786	20047	113770	5.31
1941-1949	86	0.15160	0.14092	0.5	18654	2629	17339	93724	5.02
1941-1949	87	0.16510	0.15251	0.5	16025	2444	14803	76384	4.77
1941-1949	88	0.17937	0.16461	0.5	13581	2236	12463	61582	4.53
1941-1949	89	0.19319	0.17617	0.5	11345	1999	10346	49118	4.33
1941-1949	90	0.20440	0.18545	0.5	9347	1733	8480	38772	4.15
1941-1949	91	0.21391	0.19324	0.5	7613	1471	6878	30292	3.98
1941-1949	92	0.22209	0.19989	0.5	6142	1228	5528	23415	3.81
1941-1949	93	0.22833	0.20494	0.5	4914	1007	4411	17886	3.64
1941-1949	94	0.24719	0.22000	0.5	3907	860	3477	13476	3.45
1941-1949	95	0.26297	0.23241	0.5	3048	708	2694	9998	3.28
1941-1949	96	0.27938	0.24514	0.5	2339	573	2053	7305	3.12
1941-1949	97	0.29640	0.25814	0.5	1766	456	1538	5252	2.97
1941-1949	98	0.31401	0.27140	0.5	1310	356	1132	3714	2.84
1941-1949	99	0.33217	0.28486	0.5	955	272	819	2582	2.70
1941-1949	100	0.35084	0.29848	0.5	683	204	581	1763	2.58
1941-1949	101	0.36998	0.31222	0.5	479	150	404	1182	2.47
1941-1949	102	0.38954	0.32604	0.5	329	107	276	778	2.36
1941-1949	103	0.40946	0.33988	0.5	222	75	184	503	2.26
1941-1949	104	0.42969	0.35370	0.5	147	52	121	318	2.17
1941-1949	105	0.45015	0.36744	0.5	95	35	77	198	2.09
1941-1949	106	0.47078	0.38108	0.5	60	23	48	121	2.01
1941-1949	107	0.49151	0.39455	0.5	37	15	30	72	1.94
1941-1949	108	0.51227	0.40781	0.5	22	9	18	42	1.88
1941-1949	109	0.53299	0.42084	0.5	13	6	10	24	1.84
1941-1949	110+	0.55359	1.00000	1.81	8	8	14	14	1.81
1950-1959	0	0.02862	0.02793	0.13	100000	2793	97579	7275755	72.76
1950-1959	1	0.00249	0.00249	0.5	97207	242	97086	7178176	73.84
1950-1959	2	0.00137	0.00137	0.5	96965	133	96898	7081090	73.03
1950-1959	3	0.00099	0.00099	0.5	96832	96	96784	6984192	72.13
1950-1959	4	0.00074	0.00074	0.5	96736	72	96700	6887408	71.20
1950-1959	5	0.00062	0.00062	0.5	96665	60	96635	6790707	70.25
1950-1959	6	0.00056	0.00056	0.5	96605	54	96578	6694072	69.29
1950-1959	7	0.00049	0.00049	0.5	96551	48	96527	6597495	68.33
1950-1959	8	0.00044	0.00044	0.5	96503	43	96482	6500968	67.37
1950-1959	9	0.00041	0.00041	0.5	96460	39	96440	6404486	66.40
1950-1959	10	0.00039	0.00039	0.5	96421	38	96402	6308046	65.42
1950-1959	11	0.00038	0.00038	0.5	96383	36	96365	6211644	64.45
1950-1959	12	0.00042	0.00042	0.5	96347	40	96327	6115279	63.47
1950-1959	13	0.00044	0.00044	0.5	96307	42	96285	6018952	62.50
1950-1959	14	0.00053	0.00053	0.5	96264	51	96239	5922667	61.53
1950-1959	15	0.00062	0.00062	0.5	96214	59	96184	5826428	60.56
1950-1959	16	0.00069	0.00069	0.5	96154	67	96121	5730244	59.59
1950-1959	17	0.00077	0.00077	0.5	96088	74	96050	5634123	58.64
1950-1959	18	0.00083	0.00083	0.5	96013	80	95973	5538073	57.68
1950-1959	19	0.00088	0.00088	0.5	95933	85	95891	5442099	56.73
1950-1959	20	0.00090	0.00090	0.5	95849	87	95805	5346208	55.78
1950-1959	21	0.00093	0.00093	0.5	95762	89	95718	5250403	54.83
1950-1959	22	0.00097	0.00097	0.5	95673	93	95627	5154685	53.88
1950-1959	23	0.00097	0.00097	0.5	95580	93	95534	5059059	52.93
1950-1959	24	0.00103	0.00103	0.5	95488	98	95438	4963525	51.98
1950-1959	25	0.00107	0.00107	0.5	95389	102	95338	4868086	51.03
1950-1959	26	0.00110	0.00110	0.5	95287	105	95235	4772748	50.09
1950-1959	27	0.00114	0.00114	0.5	95182	109	95128	4677513	49.14
1950-1959	28	0.00120	0.00120	0.5	95074	114	95016	4582385	48.20
1950-1959	29	0.00127	0.00127	0.5	94959	120	94899	4487369	47.26
1950-1959	30	0.00132	0.00132	0.5	94839	125	94777	4392470	46.31
1950-1959	31	0.00140	0.00140	0.5	94714	133	94647	4297693	45.38
1950-1959	32	0.00151	0.00151	0.5	94581	143	94510	4203045	44.44
1950-1959	33	0.00157	0.00157	0.5	94438	148	94364	4108536	43.51
1950-1959	34	0.00171	0.00171	0.5	94290	162	94209	4014172	42.57
1950-1959	35	0.00182	0.00182	0.5	94128	171	94043	3919963	41.64
1950-1959	36	0.00195	0.00194	0.5	93957	183	93866	3825921	40.72
1950-1959	37	0.00209	0.00209	0.5	93774	196	93676	3732055	39.80
1950-1959	38	0.00228	0.00228	0.5	93578	213	93472	3638379	38.88
1950-1959	39	0.00245	0.00245	0.5	93365	228	93251	3544907	37.97
1950-1959	40	0.00264	0.00264	0.5	93137	246	93014	3451656	37.06
1950-1959	41	0.00284	0.00284	0.5	92891	264	92759	3358642	36.16
1950-1959	42	0.00306	0.00305	0.5	92627	283	92486	3265883	35.26
1950-1959	43	0.00329	0.00329	0.5	92345	303	92193	3173397	34.36
1950-1959	44	0.00353	0.00353	0.5	92041	325	91879	3081204	33.48
1950-1959	45	0.00378	0.00377	0.5	91717	346	91544	2989325	32.59
1950-1959	46	0.00410	0.00409	0.5	91370	374	91183	2897782	31.71
1950-1959	47	0.00448	0.00447	0.5	90996	407	90793	2806598	30.84
1950-1959	48	0.00487	0.00486	0.5	90590	440	90369	2715805	29.98
1950-1959	49	0.00529	0.00528	0.5	90149	476	89911	2625436	29.12
1950-1959	50	0.00572	0.00571	0.5	89674	512	89418	2535524	28.28
1950-1959	51	0.00616	0.00614	0.5	89162	547	88888	2446106	27.43
1950-1959	52	0.00675	0.00672	0.5	88614	596	88317	2357218	26.60
1950-1959	53	0.00719	0.00716	0.5	88019	630	87704	2268902	25.78
1950-1959	54	0.00780	0.00777	0.5	87388	679	87049	2181198	24.96
1950-1959	55	0.00812	0.00809	0.5	86709	702	86359	2094149	24.15
1950-1959	56	0.00864	0.00860	0.5	86008	740	85638	2007791	23.34
1950-1959	57	0.00924	0.00920	0.5	85268	784	84876	1922153	22.54
1950-1959	58	0.01002	0.00997	0.5	84484	843	84062	1837277	21.75
1950-1959	59	0.01080	0.01074	0.5	83641	899	83192	1753214	20.96
1950-1959	60	0.01152	0.01146	0.5	82743	948	82269	1670022	20.18
1950-1959	61	0.01247	0.01239	0.5	81795	1014	81288	1587754	19.41
1950-1959	62	0.01376	0.01367	0.5	80781	1104	80229	1506466	18.65
1950-1959	63	0.01508	0.01497	0.5	79677	1193	79081	1426237	17.90
1950-1959	64	0.01665	0.01651	0.5	78484	1296	77837	1347157	17.16
1950-1959	65	0.01845	0.01828	0.5	77189	1411	76483	1269320	16.44
1950-1959	66	0.02007	0.01987	0.5	75777	1506	75025	1192837	15.74
1950-1959	67	0.02219	0.02194	0.5	74272	1630	73457	1117812	15.05
1950-1959	68	0.02413	0.02384	0.5	72642	1732	71776	1044355	14.38
1950-1959	69	0.02591	0.02558	0.5	70910	1814	70003	972579	13.72
1950-1959	70	0.02839	0.02799	0.5	69097	1934	68130	902576	13.06
1950-1959	71	0.03064	0.03018	0.5	67163	2027	66149	834446	12.42
1950-1959	72	0.03388	0.03331	0.5	65136	2170	64051	768297	11.80
1950-1959	73	0.03702	0.03635	0.5	62966	2289	61821	704246	11.18
1950-1959	74	0.04144	0.04060	0.5	60677	2463	59445	642425	10.59
1950-1959	75	0.04612	0.04508	0.5	58214	2624	56902	582979	10.01
1950-1959	76	0.05059	0.04935	0.5	55590	2743	54218	526078	9.46
1950-1959	77	0.05621	0.05467	0.5	52846	2889	51402	471860	8.93
1950-1959	78	0.06268	0.06078	0.5	49957	3036	48439	420458	8.42
1950-1959	79	0.06957	0.06723	0.5	46921	3155	45344	372019	7.93
1950-1959	80	0.07772	0.07482	0.5	43766	3274	42129	326675	7.46
1950-1959	81	0.08548	0.08197	0.5	40492	3319	38832	284546	7.03
1950-1959	82	0.09524	0.09091	0.5	37173	3379	35483	245714	6.61
1950-1959	83	0.10516	0.09991	0.5	33793	3376	32105	210231	6.22
1950-1959	84	0.11580	0.10946	0.5	30417	3329	28752	178126	5.86
1950-1959	85	0.12623	0.11874	0.5	27088	3216	25479	149374	5.51
1950-1959	86	0.13790	0.12900	0.5	23871	3079	22332	123894	5.19
1950-1959	87	0.15339	0.14247	0.5	20792	2962	19311	101563	4.88
1950-1959	88	0.16578	0.15309	0.5	17830	2730	16465	82252	4.61
1950-1959	89	0.18330	0.16791	0.5	15100	2535	13832	65787	4.36
1950-1959	90	0.19760	0.17983	0.5	12565	2260	11435	51955	4.13
1950-1959	91	0.20766	0.18813	0.5	10305	1939	9336	40520	3.93
1950-1959	92	0.22082	0.19886	0.5	8366	1664	7535	31184	3.73
1950-1959	93	0.23094	0.20703	0.5	6703	1388	6009	23649	3.53
1950-1959	94	0.25331	0.22484	0.5	5315	1195	4717	17641	3.32
1950-1959	95	0.27203	0.23946	0.5	4120	987	3627	12923	3.14
1950-1959	96	0.29158	0.25448	0.5	3133	797	2735	9296	2.97
1950-1959	97	0.31194	0.26985	0.5	2336	630	2021	6562	2.81
1950-1959	98	0.33305	0.28550	0.5	1706	487	1462	4541	2.66
1950-1959	99	0.35485	0.30138	0.5	1219	367	1035	3079	2.53
1950-1959	100	0.37727	0.31740	0.5	851	270	716	2044	2.40
1950-1959	101	0.40023	0.33349	0.5	581	194	484	1327	2.28
1950-1959	102	0.42364	0.34959	0.5	387	135	320	843	2.18
1950-1959	103	0.44739	0.36561	0.5	252	92	206	523	2.08
1950-1959	104	0.47139	0.38148	0.5	160	61	129	318	1.99
1950-1959	105	0.49552	0.39713	0.5	99	39	79	188	1.90
1950-1959	106	0.51967	0.41249	0.5	60	25	47	109	1.83
1950-1959	107	0.54373	0.42750	0.5	35	15	28	62	1.76
1950-1959	108	0.56758	0.44211	0.5	20	9	16	34	1.70
1950-1959	109	0.59113	0.45627	0.5	11	5	9	19	1.66
1950-1959	110+	0.61427	1.00000	1.63	6	6	10	10	1.63
1960-1969	0	0.02327	0.02281	0.12	100000	2281	97989	7411173	74.11
1960-1969	1	0.00189	0.00189	0.5	97719	184	97627	7313184	74.84
1960-1969	2	0.00106	0.00106	0.5	97535	103	97483	7215556	73.98
1960-1969	3	0.00078	0.00078	0.5	97432	76	97394	7118073	73.06
1960-1969	4	0.00063	0.00063	0.5	97356	62	97325	7020679	72.11
1960-1969	5	0.00055	0.00055	0.5	97294	53	97268	6923354	71.16
1960-1969	6	0.00046	0.00046	0.5	97241	45	97219	6826087	70.20
1960-1969	7	0.00040	0.00040	0.5	97197	39	97177	6728868	69.23
1960-1969	8	0.00036	0.00036	0.5	97158	35	97140	6631691	68.26
1960-1969	9	0.00033	0.00033	0.5	97122	32	97106	6534551	67.28
1960-1969	10	0.00029	0.00029	0.5	97090	29	97076	6437444	66.30
1960-1969	11	0.00030	0.00030	0.5	97062	29	97047	6340368	65.32
1960-1969	12	0.00036	0.00036	0.5	97032	35	97015	6243321	64.34
1960-1969	13	0.00033	0.00033	0.5	96998	32	96982	6146306	63.37
1960-1969	14	0.00039	0.00039	0.5	96965	38	96947	6049325	62.39
1960-1969	15	0.00050	0.00050	0.5	96928	48	96904	5952378	61.41
1960-1969	16	0.00058	0.00058	0.5	96879	56	96851	5855474	60.44
1960-1969	17	0.00062	0.00062	0.5	96823	60	96793	5758623	59.48
1960-1969	18	0.00073	0.00073	0.5	96763	70	96728	5661830	58.51
1960-1969	19	0.00075	0.00075	0.5	96693	73	96656	5565102	57.55
1960-1969	20	0.00072	0.00072	0.5	96620	70	96585	5468446	56.60
1960-1969	21	0.00079	0.00079	0.5	96550	77	96512	5371861	55.64
1960-1969	22	0.00084	0.00084	0.5	96474	81	96433	5275348	54.68
1960-1969	23	0.00082	0.00082	0.5	96393	79	96353	5178915	53.73
1960-1969	24	0.00090	0.00090	0.5	96314	86	96271	5082562	52.77
1960-1969	25	0.00089	0.00089	0.5	96227	86	96185	4986291	51.82
1960-1969	26	0.00086	0.00086	0.5	96142	83	96100	4890107	50.86
1960-1969	27	0.00087	0.00087	0.5	96059	83	96017	4794006	49.91
1960-1969	28	0.00103	0.00103	0.5	95975	99	95926	4697989	48.95
1960-1969	29	0.00100	0.00100	0.5	95876	96	95828	4602064	48.00
1960-1969	30	0.00109	0.00109	0.5	95780	105	95728	4506236	47.05
1960-1969	31	0.00119	0.00119	0.5	95675	114	95618	4410508	46.10
1960-1969	32	0.00129	0.00129	0.5	95561	123	95500	4314890	45.15
1960-1969	33	0.00137	0.00137	0.5	95438	131	95373	4219390	44.21
1960-1969	34	0.00152	0.00152	0.5	95307	145	95235	4124017	43.27
1960-1969	35	0.00163	0.00163	0.5	95162	155	95085	4028782	42.34
1960-1969	36	0.00174	0.00174	0.5	95007	165	94924	3933698	41.40
1960-1969	37	0.00186	0.00186	0.5	94842	176	94754	3838773	40.48
1960-1969	38	0.00205	0.00205	0.5	94666	194	94569	3744020	39.55
1960-1969	39	0.00225	0.00225	0.5	94472	212	94366	3649451	38.63
1960-1969	40	0.00242	0.00242	0.5	94260	228	94146	3555085	37.72
1960-1969	41	0.00258	0.00258	0.5	94032	242	93911	3460939	36.81
1960-1969	42	0.00293	0.00292	0.5	93789	274	93652	3367029	35.90
1960-1969	43	0.00318	0.00317	0.5	93515	297	93367	3273376	35.00
1960-1969	44	0.00323	0.00323	0.5	93218	301	93068	3180010	34.11
1960-1969	45	0.00341	0.00340	0.5	92917	316	92760	3086942	33.22
1960-1969	46	0.00379	0.00378	0.5	92602	350	92427	2994182	32.33
1960-1969	47	0.00406	0.00406	0.5	92252	374	92064	2901756	31.45
1960-1969	48	0.00446	0.00445	0.5	91877	409	91673	2809691	30.58
1960-1969	49	0.00470	0.00469	0.5	91469	429	91254	2718018	29.72
1960-1969	50	0.00519	0.00518	0.5	91040	471	90804	2626764	28.85
1960-1969	51	0.00538	0.00537	0.5	90568	486	90325	2535960	28.00
1960-1969	52	0.00616	0.00614	0.5	90082	553	89806	2445634	27.15
1960-1969	53	0.00639	0.00637	0.5	89529	570	89244	2355829	26.31
1960-1969	54	0.00709	0.00706	0.5	88959	628	88645	2266585	25.48
1960-1969	55	0.00756	0.00753	0.5	88331	665	87998	2177940	24.66
1960-1969	56	0.00805	0.00802	0.5	87666	703	87314	2089942	23.84
1960-1969	57	0.00839	0.00836	0.5	86963	727	86599	2002628	23.03
1960-1969	58	0.00938	0.00933	0.5	86236	805	85833	1916029	22.22
1960-1969	59	0.01007	0.01002	0.5	85431	856	85003	1830196	21.42
1960-1969	60	0.01117	0.01111	0.5	84575	940	84105	1745193	20.63
1960-1969	61	0.01145	0.01139	0.5	83635	952	83159	1661088	19.86
1960-1969	62	0.01366	0.01357	0.5	82683	1122	82122	1577929	19.08
1960-1969	63	0.01413	0.01403	0.5	81561	1144	80989	1495807	18.34
1960-1969	64	0.01559	0.01547	0.5	80417	1244	79795	1414818	17.59
1960-1969	65	0.01767	0.01752	0.5	79173	1387	78479	1335023	16.86
1960-1969	66	0.01825	0.01808	0.5	77786	1407	77083	1256543	16.15
1960-1969	67	0.02070	0.02049	0.5	76379	1565	75597	1179461	15.44
1960-1969	68	0.02232	0.02207	0.5	74814	1651	73989	1103864	14.75
1960-1969	69	0.02372	0.02344	0.5	73163	1715	72306	1029875	14.08
1960-1969	70	0.02689	0.02654	0.5	71448	1896	70500	957569	13.40
1960-1969	71	0.02777	0.02739	0.5	69552	1905	68600	887069	12.75
1960-1969	72	0.03248	0.03196	0.5	67647	2162	66566	818470	12.10
1960-1969	73	0.03499	0.03439	0.5	65485	2252	64359	751903	11.48
1960-1969	74	0.03896	0.03821	0.5	63233	2416	62025	687544	10.87
1960-1969	75	0.04325	0.04234	0.5	60817	2575	59530	625519	10.29
1960-1969	76	0.04715	0.04607	0.5	58242	2683	56901	565989	9.72
1960-1969	77	0.05093	0.04967	0.5	55559	2759	54180	509088	9.16
1960-1969	78	0.05829	0.05664	0.5	52800	2991	51305	454908	8.62
1960-1969	79	0.06305	0.06112	0.5	49809	3044	48287	403604	8.10
1960-1969	80	0.07446	0.07179	0.5	46765	3357	45086	355317	7.60
1960-1969	81	0.07785	0.07493	0.5	43408	3253	41782	310230	7.15
1960-1969	82	0.08876	0.08499	0.5	40155	3413	38449	268449	6.69
1960-1969	83	0.10160	0.09669	0.5	36742	3553	34966	230000	6.26
1960-1969	84	0.11297	0.10693	0.5	33190	3549	31415	195034	5.88
1960-1969	85	0.12298	0.11585	0.5	29641	3434	27924	163618	5.52
1960-1969	86	0.13565	0.12703	0.5	26207	3329	24542	135694	5.18
1960-1969	87	0.15186	0.14114	0.5	22878	3229	21263	111152	4.86
1960-1969	88	0.16213	0.14997	0.5	19649	2947	18175	89889	4.57
1960-1969	89	0.18025	0.16535	0.5	16702	2762	15321	71714	4.29
1960-1969	90	0.19914	0.18111	0.5	13940	2525	12678	56392	4.05
1960-1969	91	0.20746	0.18796	0.5	11416	2146	10343	43714	3.83
1960-1969	92	0.22683	0.20373	0.5	9270	1889	8326	33372	3.60
1960-1969	93	0.24336	0.21696	0.5	7381	1601	6581	25046	3.39
1960-1969	94	0.26224	0.23184	0.5	5780	1340	5110	18465	3.19
1960-1969	95	0.28311	0.24800	0.5	4440	1101	3889	13355	3.01
1960-1969	96	0.30495	0.26460	0.5	3339	883	2897	9466	2.84
1960-1969	97	0.32770	0.28157	0.5	2455	691	2110	6569	2.68
1960-1969	98	0.35130	0.29881	0.5	1764	527	1500	4459	2.53
1960-1969	99	0.37564	0.31624	0.5	1237	391	1041	2959	2.39
1960-1969	100	0.40063	0.33377	0.5	846	282	705	1918	2.27
1960-1969	101	0.42614	0.35129	0.5	563	198	464	1213	2.15
1960-1969	102	0.45206	0.36872	0.5	366	135	298	748	2.05
1960-1969	103	0.47824	0.38595	0.5	231	89	186	450	1.95
1960-1969	104	0.50453	0.40290	0.5	142	57	113	264	1.86
1960-1969	105	0.53081	0.41948	0.5	85	35	67	151	1.78
1960-1969	106	0.55691	0.43561	0.5	49	21	38	84	1.71
1960-1969	107	0.58270	0.45124	0.5	28	13	21	46	1.65
1960-1969	108	0.60805	0.46629	0.5	15	7	12	24	1.59
1960-1969	109	0.63283	0.48072	0.5	8	4	6	13	1.55
1960-1969	110+	0.65693	1.00000	1.52	4	4	6	6	1.52
1970-1979	0	0.01607	0.01584	0.1	100000	1584	98571	7596228	75.96
1970-1979	1	0.00121	0.00121	0.5	98416	119	98356	7497657	76.18
1970-1979	2	0.00071	0.00071	0.5	98297	70	98262	7399301	75.28
1970-1979	3	0.00056	0.00056	0.5	98227	55	98199	7301039	74.33
1970-1979	4	0.00048	0.00048	0.5	98172	47	98149	7202840	73.37
1970-1979	5	0.00038	0.00038	0.5	98125	38	98106	7104692	72.40
1970-1979	6	0.00036	0.00036	0.5	98087	36	98069	7006585	71.43
1970-1979	7	0.00032	0.00032	0.5	98052	32	98036	6908516	70.46
1970-1979	8	0.00029	0.00029	0.5	98020	29	98006	6810480	69.48
1970-1979	9	0.00027	0.00027	0.5	97991	27	97978	6712475	68.50
1970-1979	10	0.00028	0.00028	0.5	97965	27	97951	6614497	67.52
1970-1979	11	0.00028	0.00028	0.5	97937	28	97923	6516546	66.54
1970-1979	12	0.00028	0.00028	0.5	97909	28	97896	6418622	65.56
1970-1979	13	0.00030	0.00030	0.5	97882	30	97867	6320727	64.58
1970-1979	14	0.00036	0.00036	0.5	97852	36	97834	6222860	63.59
1970-1979	15	0.00044	0.00044	0.5	97816	43	97795	6125026	62.62
1970-1979	16	0.00056	0.00056	0.5	97774	55	97746	6027231	61.64
1970-1979	17	0.00063	0.00063	0.5	97719	61	97688	5929484	60.68
1970-1979	18	0.00069	0.00069	0.5	97658	68	97624	5831796	59.72
1970-1979	19	0.00074	0.00074	0.5	97590	72	97554	5734172	58.76
1970-1979	20	0.00073	0.00073	0.5	97518	71	97482	5636618	57.80
1970-1979	21	0.00074	0.00074	0.5	97447	72	97411	5539136	56.84
1970-1979	22	0.00076	0.00076	0.5	97374	74	97338	5441725	55.88
1970-1979	23	0.00072	0.00072	0.5	97301	70	97266	5344388	54.93
1970-1979	24	0.00075	0.00075	0.5	97231	73	97194	5247122	53.97
1970-1979	25	0.00076	0.00076	0.5	97157	74	97120	5149928	53.01
1970-1979	26	0.00078	0.00078	0.5	97083	75	97046	5052808	52.05
1970-1979	27	0.00082	0.00082	0.5	97008	79	96968	4955762	51.09
1970-1979	28	0.00086	0.00086	0.5	96929	83	96887	4858794	50.13
1970-1979	29	0.00090	0.00090	0.5	96845	87	96801	4761907	49.17
1970-1979	30	0.00096	0.00096	0.5	96758	93	96711	4665106	48.21
1970-1979	31	0.00096	0.00096	0.5	96665	93	96619	4568394	47.26
1970-1979	32	0.00104	0.00104	0.5	96572	101	96522	4471776	46.30
1970-1979	33	0.00114	0.00114	0.5	96472	110	96417	4375254	45.35
1970-1979	34	0.00122	0.00122	0.5	96362	118	96303	4278837	44.40
1970-1979	35	0.00141	0.00141	0.5	96244	135	96177	4182534	43.46
1970-1979	36	0.00141	0.00141	0.5	96109	136	96041	4086357	42.52
1970-1979	37	0.00161	0.00161	0.5	95973	155	95896	3990316	41.58
1970-1979	38	0.00182	0.00182	0.5	95818	174	95731	3894420	40.64
1970-1979	39	0.00198	0.00198	0.5	95644	189	95550	3798689	39.72
1970-1979	40	0.00211	0.00211	0.5	95455	201	95354	3703140	38.79
1970-1979	41	0.00227	0.00227	0.5	95254	216	95146	3607785	37.88
1970-1979	42	0.00258	0.00257	0.5	95038	245	94915	3512639	36.96
1970-1979	43	0.00272	0.00271	0.5	94793	257	94665	3417724	36.05
1970-1979	44	0.00293	0.00293	0.5	94536	277	94398	3323060	35.15
1970-1979	45	0.00319	0.00319	0.5	94259	300	94109	3228662	34.25
1970-1979	46	0.00357	0.00356	0.5	93959	335	93792	3134553	33.36
1970-1979	47	0.00383	0.00382	0.5	93624	358	93445	3040761	32.48
1970-1979	48	0.00413	0.00412	0.5	93266	384	93074	2947316	31.60
1970-1979	49	0.00439	0.00438	0.5	92882	407	92678	2854242	30.73
1970-1979	50	0.00496	0.00495	0.5	92475	458	92246	2761564	29.86
1970-1979	51	0.00511	0.00509	0.5	92017	469	91783	2669318	29.01
1970-1979	52	0.00571	0.00569	0.5	91548	521	91288	2577535	28.15
1970-1979	53	0.00602	0.00600	0.5	91027	546	90754	2486247	27.31
1970-1979	54	0.00640	0.00638	0.5	90481	577	90193	2395493	26.48
1970-1979	55	0.00683	0.00681	0.5	89904	612	89598	2305300	25.64
1970-1979	56	0.00752	0.00749	0.5	89292	669	88958	2215702	24.81
1970-1979	57	0.00822	0.00818	0.5	88623	725	88260	2126745	24.00
1970-1979	58	0.00879	0.00875	0.5	87898	769	87513	2038484	23.19
1970-1979	59	0.00950	0.00946	0.5	87128	824	86716	1950971	22.39
1970-1979	60	0.01028	0.01022	0.5	86305	882	85863	1864255	21.60
1970-1979	61	0.01121	0.01115	0.5	85422	952	84946	1778391	20.82
1970-1979	62	0.01226	0.01219	0.5	84470	1029	83955	1693446	20.05
1970-1979	63	0.01303	0.01295	0.5	83441	1080	82900	1609490	19.29
1970-1979	64	0.01415	0.01405	0.5	82360	1157	81782	1526590	18.54
1970-1979	65	0.01532	0.01521	0.5	81203	1235	80586	1444809	17.79
1970-1979	66	0.01658	0.01644	0.5	79968	1315	79311	1364223	17.06
1970-1979	67	0.01780	0.01764	0.5	78654	1388	77960	1284912	16.34
1970-1979	68	0.01916	0.01897	0.5	77266	1466	76533	1206952	15.62
1970-1979	69	0.02114	0.02092	0.5	75800	1586	75007	1130419	14.91
1970-1979	70	0.02384	0.02356	0.5	74214	1748	73340	1055412	14.22
1970-1979	71	0.02562	0.02529	0.5	72466	1833	71549	982073	13.55
1970-1979	72	0.02818	0.02779	0.5	70633	1963	69651	910524	12.89
1970-1979	73	0.03141	0.03093	0.5	68670	2124	67608	840873	12.25
1970-1979	74	0.03460	0.03401	0.5	66546	2263	65414	773265	11.62
1970-1979	75	0.03851	0.03778	0.5	64282	2429	63068	707851	11.01
1970-1979	76	0.04179	0.04094	0.5	61854	2532	60588	644783	10.42
1970-1979	77	0.04525	0.04425	0.5	59322	2625	58009	584195	9.85
1970-1979	78	0.05155	0.05026	0.5	56697	2849	55272	526186	9.28
1970-1979	79	0.05640	0.05485	0.5	53847	2954	52371	470914	8.75
1970-1979	80	0.06419	0.06219	0.5	50894	3165	49311	418543	8.22
1970-1979	81	0.07062	0.06821	0.5	47729	3256	46101	369232	7.74
1970-1979	82	0.07863	0.07566	0.5	44473	3365	42791	323131	7.27
1970-1979	83	0.08691	0.08329	0.5	41108	3424	39396	280341	6.82
1970-1979	84	0.09826	0.09366	0.5	37684	3530	35919	240944	6.39
1970-1979	85	0.10703	0.10159	0.5	34155	3470	32420	205025	6.00
1970-1979	86	0.12075	0.11387	0.5	30685	3494	28938	172605	5.63
1970-1979	87	0.13085	0.12281	0.5	27191	3339	25521	143668	5.28
1970-1979	88	0.14519	0.13536	0.5	23851	3229	22237	118147	4.95
1970-1979	89	0.15859	0.14694	0.5	20623	3030	19108	95910	4.65
1970-1979	90	0.17620	0.16193	0.5	17593	2849	16168	76802	4.37
1970-1979	91	0.18563	0.16986	0.5	14744	2504	13492	60634	4.11
1970-1979	92	0.20521	0.18611	0.5	12239	2278	11100	47143	3.85
1970-1979	93	0.22604	0.20309	0.5	9961	2023	8950	36042	3.62
1970-1979	94	0.23984	0.21416	0.5	7938	1700	7088	27092	3.41
1970-1979	95	0.26001	0.23010	0.5	6238	1435	5521	20004	3.21
1970-1979	96	0.28125	0.24658	0.5	4803	1184	4211	14483	3.02
1970-1979	97	0.30352	0.26353	0.5	3619	954	3142	10273	2.84
1970-1979	98	0.32675	0.28086	0.5	2665	749	2291	7131	2.68
1970-1979	99	0.35086	0.29849	0.5	1917	572	1630	4840	2.53
1970-1979	100	0.37575	0.31632	0.5	1344	425	1132	3209	2.39
1970-1979	101	0.40132	0.33425	0.5	919	307	766	2078	2.26
1970-1979	102	0.42744	0.35218	0.5	612	216	504	1312	2.14
1970-1979	103	0.45397	0.36999	0.5	396	147	323	808	2.04
1970-1979	104	0.48077	0.38760	0.5	250	97	201	485	1.94
1970-1979	105	0.50767	0.40490	0.5	153	62	122	284	1.85
1970-1979	106	0.53453	0.42180	0.5	91	38	72	162	1.77
1970-1979	107	0.56120	0.43823	0.5	53	23	41	90	1.70
1970-1979	108	0.58751	0.45411	0.5	30	13	23	49	1.64
1970-1979	109	0.61333	0.46939	0.5	16	8	12	26	1.60
1970-1979	110+	0.63853	1.00000	1.57	9	9	13	13	1.57
1980-1989	0	0.00987	0.00978	0.08	100000	978	99101	7793267	77.93
1980-1989	1	0.00087	0.00087	0.5	99022	86	98979	7694166	77.70
1980-1989	2	0.00056	0.00056	0.5	98936	55	98908	7595187	76.77
1980-1989	3	0.00043	0.00043	0.5	98880	42	98859	7496279	75.81
1980-1989	4	0.00032	0.00032	0.5	98838	32	98823	7397419	74.84
1980-1989	5	0.00028	0.00028	0.5	98807	28	98793	7298597	73.87
1980-1989	6	0.00026	0.00026	0.5	98779	25	98767	7199804	72.89
1980-1989	7	0.00024	0.00024	0.5	98754	24	98742	7101038	71.91
1980-1989	8	0.00023	0.00023	0.5	98730	23	98719	7002295	70.92
1980-1989	9	0.00021	0.00021	0.5	98707	21	98697	6903577	69.94
1980-1989	10	0.00017	0.00017	0.5	98687	17	98678	6804880	68.95
1980-1989	11	0.00019	0.00019	0.5	98669	19	98660	6706202	67.97
1980-1989	12	0.00022	0.00022	0.5	98650	22	98639	6607542	66.98
1980-1989	13	0.00023	0.00023	0.5	98629	23	98617	6508902	65.99
1980-1989	14	0.00029	0.00029	0.5	98605	29	98591	6410285	65.01
1980-1989	15	0.00038	0.00038	0.5	98577	38	98558	6311694	64.03
1980-1989	16	0.00050	0.00050	0.5	98539	50	98514	6213137	63.05
1980-1989	17	0.00058	0.00057	0.5	98490	57	98461	6114622	62.08
1980-1989	18	0.00063	0.00063	0.5	98433	62	98402	6016161	61.12
1980-1989	19	0.00062	0.00062	0.5	98371	61	98341	5917759	60.16
1980-1989	20	0.00064	0.00064	0.5	98310	63	98279	5819418	59.19
1980-1989	21	0.00067	0.00067	0.5	98248	66	98215	5721139	58.23
1980-1989	22	0.00066	0.00066	0.5	98181	64	98149	5622925	57.27
1980-1989	23	0.00066	0.00066	0.5	98117	65	98085	5524775	56.31
1980-1989	24	0.00066	0.00066	0.5	98052	65	98020	5426691	55.34
1980-1989	25	0.00068	0.00068	0.5	97987	66	97954	5328671	54.38
1980-1989	26	0.00069	0.00069	0.5	97921	67	97887	5230717	53.42
1980-1989	27	0.00070	0.00070	0.5	97854	68	97820	5132829	52.45
1980-1989	28	0.00074	0.00074	0.5	97786	73	97749	5035010	51.49
1980-1989	29	0.00073	0.00073	0.5	97713	72	97677	4937261	50.53
1980-1989	30	0.00076	0.00076	0.5	97641	74	97604	4839584	49.56
1980-1989	31	0.00081	0.00081	0.5	97567	79	97527	4741980	48.60
1980-1989	32	0.00084	0.00084	0.5	97487	82	97447	4644453	47.64
1980-1989	33	0.00092	0.00092	0.5	97406	90	97361	4547006	46.68
1980-1989	34	0.00098	0.00098	0.5	97316	95	97269	4449645	45.72
1980-1989	35	0.00099	0.00099	0.5	97221	97	97173	4352376	44.77
1980-1989	36	0.00110	0.00110	0.5	97125	107	97071	4255203	43.81
1980-1989	37	0.00122	0.00121	0.5	97018	118	96959	4158132	42.86
1980-1989	38	0.00138	0.00138	0.5	96900	134	96833	4061173	41.91
1980-1989	39	0.00141	0.00141	0.5	96766	136	96698	3964340	40.97
1980-1989	40	0.00152	0.00152	0.5	96630	147	96557	3867642	40.03
1980-1989	41	0.00168	0.00168	0.5	96483	162	96402	3771085	39.09
1980-1989	42	0.00186	0.00186	0.5	96321	179	96231	3674683	38.15
1980-1989	43	0.00205	0.00205	0.5	96142	197	96043	3578451	37.22
1980-1989	44	0.00220	0.00220	0.5	95945	211	95840	3482408	36.30
1980-1989	45	0.00247	0.00247	0.5	95734	236	95616	3386568	35.37
1980-1989	46	0.00273	0.00272	0.5	95498	260	95368	3290952	34.46
1980-1989	47	0.00288	0.00288	0.5	95238	274	95101	3195584	33.55
1980-1989	48	0.00329	0.00328	0.5	94964	312	94808	3100484	32.65
1980-1989	49	0.00349	0.00349	0.5	94652	330	94487	3005676	31.76
1980-1989	50	0.00391	0.00391	0.5	94322	369	94138	2911189	30.86
1980-1989	51	0.00433	0.00432	0.5	93953	406	93750	2817051	29.98
1980-1989	52	0.00479	0.00478	0.5	93547	447	93324	2723301	29.11
1980-1989	53	0.00525	0.00523	0.5	93100	487	92857	2629977	28.25
1980-1989	54	0.00540	0.00539	0.5	92613	499	92364	2537121	27.39
1980-1989	55	0.00608	0.00606	0.5	92114	559	91835	2444757	26.54
1980-1989	56	0.00658	0.00656	0.5	91556	601	91255	2352922	25.70
1980-1989	57	0.00739	0.00736	0.5	90955	669	90620	2261667	24.87
1980-1989	58	0.00812	0.00809	0.5	90286	731	89920	2171046	24.05
1980-1989	59	0.00856	0.00852	0.5	89555	763	89174	2081126	23.24
1980-1989	60	0.00938	0.00934	0.5	88792	829	88377	1991953	22.43
1980-1989	61	0.01043	0.01037	0.5	87963	913	87507	1903575	21.64
1980-1989	62	0.01144	0.01137	0.5	87050	990	86555	1816069	20.86
1980-1989	63	0.01211	0.01204	0.5	86060	1036	85542	1729513	20.10
1980-1989	64	0.01290	0.01281	0.5	85024	1090	84479	1643971	19.34
1980-1989	65	0.01447	0.01437	0.5	83935	1206	83332	1559492	18.58
1980-1989	66	0.01549	0.01537	0.5	82729	1272	82093	1476160	17.84
1980-1989	67	0.01684	0.01670	0.5	81457	1361	80777	1394067	17.11
1980-1989	68	0.01842	0.01825	0.5	80096	1462	79366	1313290	16.40
1980-1989	69	0.01942	0.01924	0.5	78635	1513	77878	1233924	15.69
1980-1989	70	0.02142	0.02119	0.5	77122	1634	76305	1156046	14.99
1980-1989	71	0.02353	0.02326	0.5	75488	1755	74610	1079741	14.30
1980-1989	72	0.02642	0.02608	0.5	73732	1923	72771	1005131	13.63
1980-1989	73	0.02904	0.02862	0.5	71810	2055	70782	932360	12.98
1980-1989	74	0.03021	0.02976	0.5	69754	2076	68716	861578	12.35
1980-1989	75	0.03399	0.03342	0.5	67679	2262	66548	792862	11.72
1980-1989	76	0.03749	0.03680	0.5	65417	2407	64213	726314	11.10
1980-1989	77	0.04014	0.03935	0.5	63010	2480	61770	662101	10.51
1980-1989	78	0.04545	0.04444	0.5	60530	2690	59185	600331	9.92
1980-1989	79	0.04944	0.04825	0.5	57840	2791	56445	541146	9.36
1980-1989	80	0.05717	0.05558	0.5	55049	3060	53519	484701	8.80
1980-1989	81	0.06178	0.05993	0.5	51989	3116	50432	431182	8.29
1980-1989	82	0.06959	0.06725	0.5	48874	3287	47230	380750	7.79
1980-1989	83	0.07744	0.07455	0.5	45587	3399	43888	333520	7.32
1980-1989	84	0.08595	0.08241	0.5	42188	3477	40450	289632	6.87
1980-1989	85	0.09488	0.09058	0.5	38712	3507	36958	249182	6.44
1980-1989	86	0.10446	0.09927	0.5	35205	3495	33458	212224	6.03
1980-1989	87	0.11837	0.11175	0.5	31710	3544	29938	178766	5.64
1980-1989	88	0.12666	0.11911	0.5	28167	3355	26489	148828	5.28
1980-1989	89	0.14302	0.13347	0.5	24812	3312	23156	122339	4.93
1980-1989	90	0.15875	0.14708	0.5	21500	3162	19919	99183	4.61
1980-1989	91	0.17310	0.15931	0.5	18338	2921	16877	79264	4.32
1980-1989	92	0.19036	0.17382	0.5	15416	2680	14076	62387	4.05
1980-1989	93	0.20934	0.18951	0.5	12737	2414	11530	48311	3.79
1980-1989	94	0.22466	0.20198	0.5	10323	2085	9280	36781	3.56
1980-1989	95	0.24486	0.21815	0.5	8238	1797	7339	27501	3.34
1980-1989	96	0.26624	0.23497	0.5	6441	1513	5684	20161	3.13
1980-1989	97	0.28878	0.25235	0.5	4927	1243	4306	14477	2.94
1980-1989	98	0.31242	0.27021	0.5	3684	995	3186	10171	2.76
1980-1989	99	0.33707	0.28846	0.5	2689	776	2301	6985	2.60
1980-1989	100	0.36264	0.30698	0.5	1913	587	1619	4684	2.45
1980-1989	101	0.38902	0.32567	0.5	1326	432	1110	3065	2.31
1980-1989	102	0.41606	0.34441	0.5	894	308	740	1955	2.19
1980-1989	103	0.44361	0.36308	0.5	586	213	480	1215	2.07
1980-1989	104	0.47152	0.38156	0.5	373	142	302	735	1.97
1980-1989	105	0.49960	0.39974	0.5	231	92	185	433	1.88
1980-1989	106	0.52769	0.41753	0.5	139	58	110	248	1.79
1980-1989	107	0.55560	0.43481	0.5	81	35	63	139	1.72
1980-1989	108	0.58317	0.45151	0.5	46	21	35	75	1.65
1980-1989	109	0.61022	0.46756	0.5	25	12	19	40	1.60
1980-1989	110+	0.63662	1.00000	1.57	13	13	21	21	1.57
1990-1999	0	0.00717	0.00713	0.07	100000	713	99340	7860402	78.60
1990-1999	1	0.00066	0.00066	0.5	99287	65	99255	7761063	78.17
1990-1999	2	0.00041	0.00041	0.5	99222	41	99202	7661808	77.22
1990-1999	3	0.00030	0.00030	0.5	99181	30	99166	7562607	76.25
1990-1999	4	0.00023	0.00023	0.5	99152	23	99140	7463440	75.27
1990-1999	5	0.00023	0.00023	0.5	99128	23	99117	7364300	74.29
1990-1999	6	0.00018	0.00018	0.5	99106	18	99097	7265183	73.31
1990-1999	7	0.00019	0.00019	0.5	99088	19	99078	7166087	72.32
1990-1999	8	0.00019	0.00019	0.5	99069	19	99060	7067008	71.33
1990-1999	9	0.00016	0.00016	0.5	99050	15	99042	6967949	70.35
1990-1999	10	0.00017	0.00017	0.5	99035	16	99026	6868906	69.36
1990-1999	11	0.00017	0.00017	0.5	99018	17	99010	6769880	68.37
1990-1999	12	0.00019	0.00019	0.5	99001	19	98991	6670870	67.38
1990-1999	13	0.00022	0.00022	0.5	98982	22	98971	6571879	66.39
1990-1999	14	0.00029	0.00029	0.5	98960	29	98945	6472908	65.41
1990-1999	15	0.00035	0.00035	0.5	98931	35	98914	6373963	64.43
1990-1999	16	0.00050	0.00050	0.5	98896	50	98871	6275049	63.45
1990-1999	17	0.00051	0.00051	0.5	98846	51	98821	6176178	62.48
1990-1999	18	0.00059	0.00059	0.5	98796	58	98767	6077357	61.51
1990-1999	19	0.00055	0.00055	0.5	98738	55	98710	5978590	60.55
1990-1999	20	0.00055	0.00055	0.5	98683	54	98656	5879880	59.58
1990-1999	21	0.00057	0.00057	0.5	98628	56	98600	5781225	58.62
1990-1999	22	0.00056	0.00056	0.5	98573	55	98545	5682624	57.65
1990-1999	23	0.00059	0.00059	0.5	98517	58	98489	5584079	56.68
1990-1999	24	0.00058	0.00058	0.5	98460	57	98431	5485590	55.71
1990-1999	25	0.00060	0.00060	0.5	98403	59	98373	5387159	54.75
1990-1999	26	0.00063	0.00063	0.5	98344	62	98313	5288786	53.78
1990-1999	27	0.00067	0.00067	0.5	98282	66	98249	5190473	52.81
1990-1999	28	0.00070	0.00070	0.5	98216	69	98182	5092224	51.85
1990-1999	29	0.00068	0.00068	0.5	98147	66	98114	4994042	50.88
1990-1999	30	0.00075	0.00075	0.5	98081	74	98044	4895928	49.92
1990-1999	31	0.00082	0.00082	0.5	98007	81	97967	4797884	48.95
1990-1999	32	0.00084	0.00084	0.5	97927	82	97886	4699917	47.99
1990-1999	33	0.00092	0.00092	0.5	97845	90	97799	4602031	47.03
1990-1999	34	0.00097	0.00096	0.5	97754	94	97707	4504232	46.08
1990-1999	35	0.00107	0.00107	0.5	97660	104	97608	4406524	45.12
1990-1999	36	0.00115	0.00115	0.5	97556	112	97499	4308917	44.17
1990-1999	37	0.00123	0.00123	0.5	97443	120	97383	4211417	43.22
1990-1999	38	0.00137	0.00137	0.5	97324	133	97257	4114034	42.27
1990-1999	39	0.00138	0.00138	0.5	97191	134	97124	4016776	41.33
1990-1999	40	0.00152	0.00151	0.5	97057	147	96983	3919653	40.39
1990-1999	41	0.00164	0.00164	0.5	96910	159	96830	3822669	39.45
1990-1999	42	0.00181	0.00181	0.5	96751	175	96663	3725839	38.51
1990-1999	43	0.00197	0.00196	0.5	96576	190	96481	3629176	37.58
1990-1999	44	0.00208	0.00208	0.5	96386	200	96286	3532695	36.65
1990-1999	45	0.00223	0.00223	0.5	96186	215	96078	3436410	35.73
1990-1999	46	0.00259	0.00259	0.5	95971	249	95846	3340331	34.81
1990-1999	47	0.00277	0.00277	0.5	95722	265	95590	3244485	33.89
1990-1999	48	0.00310	0.00309	0.5	95457	295	95309	3148895	32.99
1990-1999	49	0.00322	0.00321	0.5	95162	305	95009	3053586	32.09
1990-1999	50	0.00349	0.00348	0.5	94856	331	94691	2958577	31.19
1990-1999	51	0.00396	0.00395	0.5	94526	374	94339	2863886	30.30
1990-1999	52	0.00441	0.00440	0.5	94152	414	93945	2769547	29.42
1990-1999	53	0.00478	0.00477	0.5	93738	447	93514	2675602	28.54
1990-1999	54	0.00512	0.00511	0.5	93291	476	93053	2582088	27.68
1990-1999	55	0.00562	0.00561	0.5	92815	520	92554	2489035	26.82
1990-1999	56	0.00634	0.00632	0.5	92294	584	92002	2396481	25.97
1990-1999	57	0.00706	0.00703	0.5	91710	645	91388	2304479	25.13
1990-1999	58	0.00776	0.00773	0.5	91066	704	90714	2213091	24.30
1990-1999	59	0.00811	0.00808	0.5	90362	730	89997	2122377	23.49
1990-1999	60	0.00888	0.00884	0.5	89632	792	89235	2032380	22.67
1990-1999	61	0.01015	0.01010	0.5	88839	897	88391	1943145	21.87
1990-1999	62	0.01088	0.01082	0.5	87942	951	87467	1854754	21.09
1990-1999	63	0.01197	0.01190	0.5	86991	1035	86473	1767287	20.32
1990-1999	64	0.01295	0.01286	0.5	85956	1106	85403	1680814	19.55
1990-1999	65	0.01392	0.01382	0.5	84850	1173	84263	1595411	18.80
1990-1999	66	0.01505	0.01493	0.5	83677	1250	83052	1511148	18.06
1990-1999	67	0.01644	0.01630	0.5	82427	1344	81755	1428096	17.33
1990-1999	68	0.01778	0.01763	0.5	81083	1429	80369	1346340	16.60
1990-1999	69	0.01951	0.01932	0.5	79654	1539	78885	1265971	15.89
1990-1999	70	0.02109	0.02087	0.5	78115	1630	77300	1187087	15.20
1990-1999	71	0.02367	0.02339	0.5	76485	1789	75591	1109786	14.51
1990-1999	72	0.02581	0.02549	0.5	74696	1904	73745	1034195	13.85
1990-1999	73	0.02807	0.02768	0.5	72793	2015	71785	960450	13.19
1990-1999	74	0.02990	0.02946	0.5	70778	2085	69735	888665	12.56
1990-1999	75	0.03231	0.03180	0.5	68693	2184	67601	818930	11.92
1990-1999	76	0.03561	0.03498	0.5	66508	2327	65345	751329	11.30
1990-1999	77	0.03923	0.03848	0.5	64182	2470	62947	685984	10.69
1990-1999	78	0.04253	0.04165	0.5	61712	2570	60427	623037	10.10
1990-1999	79	0.04746	0.04636	0.5	59142	2742	57771	562610	9.51
1990-1999	80	0.05455	0.05310	0.5	56401	2995	54903	504839	8.95
1990-1999	81	0.05957	0.05785	0.5	53406	3090	51861	449936	8.42
1990-1999	82	0.06645	0.06431	0.5	50316	3236	48698	398075	7.91
1990-1999	83	0.07387	0.07124	0.5	47080	3354	45403	349377	7.42
1990-1999	84	0.08195	0.07872	0.5	43726	3442	42005	303974	6.95
1990-1999	85	0.09116	0.08719	0.5	40284	3512	38528	261969	6.50
1990-1999	86	0.10134	0.09645	0.5	36772	3547	34998	223441	6.08
1990-1999	87	0.11393	0.10779	0.5	33225	3581	31434	188443	5.67
1990-1999	88	0.12543	0.11803	0.5	29644	3499	27894	157008	5.30
1990-1999	89	0.14007	0.13091	0.5	26145	3423	24434	129114	4.94
1990-1999	90	0.15542	0.14421	0.5	22723	3277	21084	104680	4.61
1990-1999	91	0.17134	0.15782	0.5	19446	3069	17911	83596	4.30
1990-1999	92	0.19067	0.17407	0.5	16377	2851	14951	65685	4.01
1990-1999	93	0.20829	0.18864	0.5	13526	2552	12250	50733	3.75
1990-1999	94	0.22716	0.20399	0.5	10974	2239	9855	38483	3.51
1990-1999	95	0.24856	0.22109	0.5	8736	1931	7770	28628	3.28
1990-1999	96	0.27127	0.23887	0.5	6804	1625	5992	20858	3.07
1990-1999	97	0.29524	0.25726	0.5	5179	1332	4513	14866	2.87
1990-1999	98	0.32039	0.27615	0.5	3847	1062	3315	10353	2.69
1990-1999	99	0.34664	0.29543	0.5	2784	823	2373	7038	2.53
1990-1999	100	0.37385	0.31497	0.5	1962	618	1653	4665	2.38
1990-1999	101	0.40188	0.33464	0.5	1344	450	1119	3012	2.24
1990-1999	102	0.43057	0.35429	0.5	894	317	736	1893	2.12
1990-1999	103	0.45973	0.37380	0.5	577	216	469	1157	2.00
1990-1999	104	0.48917	0.39304	0.5	362	142	290	688	1.90
1990-1999	105	0.51869	0.41187	0.5	219	90	174	397	1.81
1990-1999	106	0.54807	0.43019	0.5	129	56	101	223	1.73
1990-1999	107	0.57713	0.44788	0.5	74	33	57	122	1.66
1990-1999	108	0.60566	0.46488	0.5	41	19	31	65	1.59
1990-1999	109	0.63349	0.48110	0.5	22	10	17	34	1.55
1990-1999	110+	0.66045	1.00000	1.51	11	11	17	17	1.51
2000-2009	0	0.00646	0.00642	0.07	100000	642	99404	7904034	79.04
2000-2009	1	0.00054	0.00054	0.5	99358	54	99331	7804630	78.55
2000-2009	2	0.00035	0.00035	0.5	99304	34	99287	7705299	77.59
2000-2009	3	0.00024	0.00024	0.5	99269	24	99258	7606013	76.62
2000-2009	4	0.00020	0.00020	0.5	99246	20	99236	7506755	75.64
2000-2009	5	0.00018	0.00018	0.5	99226	18	99217	7407519	74.65
2000-2009	6	0.00015	0.00015	0.5	99208	15	99200	7308302	73.67
2000-2009	7	0.00014	0.00014	0.5	99193	14	99186	7209102	72.68
2000-2009	8	0.00014	0.00014	0.5	99179	14	99172	7109916	71.69
2000-2009	9	0.00015	0.00015	0.5	99165	15	99157	7010745	70.70
2000-2009	10	0.00014	0.00014	0.5	99150	14	99143	6911587	69.71
2000-2009	11	0.00013	0.00013	0.5	99136	13	99130	6812444	68.72
2000-2009	12	0.00015	0.00015	0.5	99123	15	99115	6713314	67.73
2000-2009	13	0.00019	0.00019	0.5	99108	18	99099	6614199	66.74
2000-2009	14	0.00021	0.00021	0.5	99090	21	99079	6515100	65.75
2000-2009	15	0.00029	0.00029	0.5	99069	29	99054	6416021	64.76
2000-2009	16	0.00039	0.00039	0.5	99040	38	99021	6316967	63.78
2000-2009	17	0.00045	0.00045	0.5	99002	44	98980	6217946	62.81
2000-2009	18	0.00052	0.00052	0.5	98958	52	98932	6118966	61.83
2000-2009	19	0.00053	0.00053	0.5	98906	52	98880	6020035	60.87
2000-2009	20	0.00051	0.00051	0.5	98854	51	98828	5921155	59.90
2000-2009	21	0.00055	0.00055	0.5	98803	55	98776	5822326	58.93
2000-2009	22	0.00052	0.00052	0.5	98748	52	98723	5723551	57.96
2000-2009	23	0.00056	0.00056	0.5	98697	56	98669	5624828	56.99
2000-2009	24	0.00058	0.00057	0.5	98641	57	98613	5526159	56.02
2000-2009	25	0.00059	0.00059	0.5	98585	58	98555	5427546	55.05
2000-2009	26	0.00063	0.00063	0.5	98526	63	98495	5328991	54.09
2000-2009	27	0.00063	0.00063	0.5	98464	62	98433	5230496	53.12
2000-2009	28	0.00066	0.00066	0.5	98402	65	98369	5132063	52.15
2000-2009	29	0.00075	0.00075	0.5	98337	73	98300	5033694	51.19
2000-2009	30	0.00071	0.00071	0.5	98264	70	98228	4935393	50.23
2000-2009	31	0.00079	0.00079	0.5	98193	78	98155	4837165	49.26
2000-2009	32	0.00086	0.00086	0.5	98116	84	98074	4739010	48.30
2000-2009	33	0.00089	0.00088	0.5	98032	87	97988	4640937	47.34
2000-2009	34	0.00097	0.00097	0.5	97945	95	97897	4542948	46.38
2000-2009	35	0.00105	0.00105	0.5	97850	103	97799	4445051	45.43
2000-2009	36	0.00111	0.00111	0.5	97747	109	97693	4347252	44.47
2000-2009	37	0.00121	0.00121	0.5	97639	118	97580	4249559	43.52
2000-2009	38	0.00133	0.00133	0.5	97520	130	97456	4151979	42.58
2000-2009	39	0.00142	0.00142	0.5	97391	138	97322	4054524	41.63
2000-2009	40	0.00164	0.00164	0.5	97253	160	97173	3957202	40.69
2000-2009	41	0.00179	0.00179	0.5	97093	173	97007	3860029	39.76
2000-2009	42	0.00191	0.00191	0.5	96920	185	96827	3763022	38.83
2000-2009	43	0.00211	0.00210	0.5	96734	204	96633	3666195	37.90
2000-2009	44	0.00227	0.00227	0.5	96531	219	96421	3569563	36.98
2000-2009	45	0.00251	0.00251	0.5	96312	242	96191	3473141	36.06
2000-2009	46	0.00266	0.00266	0.5	96070	255	95942	3376951	35.15
2000-2009	47	0.00293	0.00293	0.5	95815	280	95675	3281008	34.24
2000-2009	48	0.00314	0.00314	0.5	95534	300	95385	3185334	33.34
2000-2009	49	0.00345	0.00345	0.5	95235	328	95071	3089949	32.45
2000-2009	50	0.00375	0.00375	0.5	94906	356	94729	2994879	31.56
2000-2009	51	0.00391	0.00390	0.5	94551	369	94366	2900150	30.67
2000-2009	52	0.00423	0.00422	0.5	94182	397	93983	2805784	29.79
2000-2009	53	0.00455	0.00454	0.5	93785	426	93572	2711800	28.92
2000-2009	54	0.00491	0.00489	0.5	93359	457	93131	2618228	28.04
2000-2009	55	0.00532	0.00530	0.5	92902	493	92656	2525098	27.18
2000-2009	56	0.00580	0.00578	0.5	92409	534	92142	2432442	26.32
2000-2009	57	0.00628	0.00626	0.5	91875	575	91588	2340300	25.47
2000-2009	58	0.00700	0.00697	0.5	91300	637	90982	2248712	24.63
2000-2009	59	0.00761	0.00758	0.5	90664	688	90320	2157730	23.80
2000-2009	60	0.00833	0.00829	0.5	89976	746	89603	2067410	22.98
2000-2009	61	0.00909	0.00905	0.5	89230	808	88826	1977807	22.17
2000-2009	62	0.00979	0.00975	0.5	88422	862	87991	1888980	21.36
2000-2009	63	0.01091	0.01085	0.5	87561	950	87086	1800989	20.57
2000-2009	64	0.01179	0.01172	0.5	86611	1016	86103	1713903	19.79
2000-2009	65	0.01281	0.01273	0.5	85595	1089	85051	1627800	19.02
2000-2009	66	0.01375	0.01366	0.5	84506	1154	83929	1542749	18.26
2000-2009	67	0.01485	0.01474	0.5	83352	1229	82737	1458820	17.50
2000-2009	68	0.01608	0.01595	0.5	82123	1310	81468	1376083	16.76
2000-2009	69	0.01763	0.01747	0.5	80813	1412	80107	1294615	16.02
2000-2009	70	0.01948	0.01929	0.5	79401	1532	78635	1214508	15.30
2000-2009	71	0.02128	0.02106	0.5	77869	1640	77049	1135873	14.59
2000-2009	72	0.02322	0.02295	0.5	76229	1750	75355	1058824	13.89
2000-2009	73	0.02558	0.02525	0.5	74480	1881	73539	983470	13.20
2000-2009	74	0.02784	0.02746	0.5	72599	1993	71602	909931	12.53
2000-2009	75	0.03171	0.03122	0.5	70605	2204	69503	838328	11.87
2000-2009	76	0.03451	0.03392	0.5	68401	2320	67241	768825	11.24
2000-2009	77	0.03816	0.03745	0.5	66081	2474	64844	701584	10.62
2000-2009	78	0.04226	0.04139	0.5	63607	2632	62290	636740	10.01
2000-2009	79	0.04621	0.04517	0.5	60974	2754	59597	574449	9.42
2000-2009	80	0.05316	0.05178	0.5	58220	3015	56713	514852	8.84
2000-2009	81	0.05899	0.05730	0.5	55205	3163	53624	458139	8.30
2000-2009	82	0.06632	0.06419	0.5	52042	3341	50372	404516	7.77
2000-2009	83	0.07372	0.07110	0.5	48701	3463	46970	354144	7.27
2000-2009	84	0.08267	0.07939	0.5	45239	3591	43443	307174	6.79
2000-2009	85	0.09263	0.08853	0.5	41647	3687	39804	263731	6.33
2000-2009	86	0.10209	0.09713	0.5	37960	3687	36117	223927	5.90
2000-2009	87	0.11572	0.10939	0.5	34273	3749	32398	187810	5.48
2000-2009	88	0.13032	0.12235	0.5	30524	3735	28657	155412	5.09
2000-2009	89	0.14520	0.13537	0.5	26789	3627	24976	126755	4.73
2000-2009	90	0.16142	0.14937	0.5	23163	3460	21433	101779	4.39
2000-2009	91	0.18078	0.16579	0.5	19703	3267	18070	80346	4.08
2000-2009	92	0.20135	0.18293	0.5	16437	3007	14933	62276	3.79
2000-2009	93	0.22399	0.20143	0.5	13430	2705	12077	47343	3.53
2000-2009	94	0.24396	0.21743	0.5	10725	2332	9559	35266	3.29
2000-2009	95	0.26811	0.23641	0.5	8393	1984	7401	25707	3.06
2000-2009	96	0.29372	0.25611	0.5	6409	1641	5588	18307	2.86
2000-2009	97	0.32071	0.27639	0.5	4767	1318	4108	12719	2.67
2000-2009	98	0.34895	0.29711	0.5	3450	1025	2937	8610	2.50
2000-2009	99	0.37829	0.31812	0.5	2425	771	2039	5673	2.34
2000-2009	100	0.40856	0.33926	0.5	1653	561	1373	3634	2.20
2000-2009	101	0.43953	0.36034	0.5	1092	394	896	2261	2.07
2000-2009	102	0.47098	0.38121	0.5	699	266	566	1366	1.95
2000-2009	103	0.50266	0.40170	0.5	432	174	346	800	1.85
2000-2009	104	0.53433	0.42167	0.5	259	109	204	455	1.76
2000-2009	105	0.56571	0.44098	0.5	150	66	117	250	1.67
2000-2009	106	0.59658	0.45951	0.5	84	38	64	134	1.60
2000-2009	107	0.62671	0.47718	0.5	45	22	34	69	1.53
2000-2009	108	0.65588	0.49391	0.5	24	12	18	35	1.48
2000-2009	109	0.68392	0.50964	0.5	12	6	9	17	1.44
2000-2009	110+	0.71068	1.00000	1.41	6	6	8	8	1.41
2010-2019	0	0.00573	0.00570	0.07	100000	570	99469	8007025	80.07
2010-2019	1	0.00044	0.00044	0.5	99430	44	99408	7907555	79.53
2010-2019	2	0.00027	0.00027	0.5	99386	27	99373	7808147	78.56
2010-2019	3	0.00019	0.00019	0.5	99360	19	99350	7708774	77.58
2010-2019	4	0.00016	0.00016	0.5	99341	16	99332	7609424	76.60
2010-2019	5	0.00013	0.00013	0.5	99324	13	99318	7510092	75.61
2010-2019	6	0.00012	0.00012	0.5	99312	12	99306	7410774	74.62
2010-2019	7	0.00011	0.00011	0.5	99300	11	99294	7311468	73.63
2010-2019	8	0.00010	0.00010	0.5	99289	10	99283	7212174	72.64
2010-2019	9	0.00011	0.00011	0.5	99278	11	99273	7112891	71.65
2010-2019	10	0.00010	0.00010	0.5	99267	10	99262	7013618	70.65
2010-2019	11	0.00011	0.00011	0.5	99258	11	99252	6914356	69.66
2010-2019	12	0.00013	0.00013	0.5	99246	13	99240	6815104	68.67
2010-2019	13	0.00016	0.00016	0.5	99234	15	99226	6715864	67.68
2010-2019	14	0.00017	0.00017	0.5	99218	17	99210	6616637	66.69
2010-2019	15	0.00022	0.00022	0.5	99201	22	99190	6517428	65.70
2010-2019	16	0.00027	0.00027	0.5	99179	27	99166	6418238	64.71
2010-2019	17	0.00031	0.00031	0.5	99153	30	99138	6319072	63.73
2010-2019	18	0.00042	0.00042	0.5	99123	41	99102	6219934	62.75
2010-2019	19	0.00044	0.00044	0.5	99081	44	99059	6120832	61.78
2010-2019	20	0.00045	0.00045	0.5	99038	45	99015	6021773	60.80
2010-2019	21	0.00051	0.00051	0.5	98993	51	98967	5922758	59.83
2010-2019	22	0.00050	0.00050	0.5	98942	50	98917	5823790	58.86
2010-2019	23	0.00050	0.00050	0.5	98892	50	98867	5724873	57.89
2010-2019	24	0.00054	0.00054	0.5	98842	54	98816	5626006	56.92
2010-2019	25	0.00057	0.00057	0.5	98789	56	98761	5527190	55.95
2010-2019	26	0.00057	0.00057	0.5	98733	56	98705	5428430	54.98
2010-2019	27	0.00064	0.00064	0.5	98677	63	98645	5329725	54.01
2010-2019	28	0.00068	0.00068	0.5	98613	67	98580	5231080	53.05
2010-2019	29	0.00069	0.00069	0.5	98546	68	98513	5132500	52.08
2010-2019	30	0.00078	0.00078	0.5	98479	77	98440	5033988	51.12
2010-2019	31	0.00081	0.00081	0.5	98402	80	98362	4935547	50.16
2010-2019	32	0.00086	0.00086	0.5	98322	84	98280	4837186	49.20
2010-2019	33	0.00098	0.00098	0.5	98238	96	98190	4738906	48.24
2010-2019	34	0.00097	0.00097	0.5	98142	96	98094	4640716	47.29
2010-2019	35	0.00108	0.00108	0.5	98046	106	97993	4542622	46.33
2010-2019	36	0.00116	0.00116	0.5	97940	113	97884	4444629	45.38
2010-2019	37	0.00116	0.00116	0.5	97827	114	97770	4346745	44.43
2010-2019	38	0.00128	0.00128	0.5	97713	125	97651	4248975	43.48
2010-2019	39	0.00137	0.00137	0.5	97588	134	97522	4151325	42.54
2010-2019	40	0.00151	0.00151	0.5	97455	147	97381	4053803	41.60
2010-2019	41	0.00161	0.00161	0.5	97308	156	97230	3956422	40.66
2010-2019	42	0.00178	0.00178	0.5	97151	173	97065	3859192	39.72
2010-2019	43	0.00189	0.00189	0.5	96979	183	96887	3762127	38.79
2010-2019	44	0.00200	0.00199	0.5	96796	193	96699	3665240	37.87
2010-2019	45	0.00224	0.00224	0.5	96603	216	96494	3568541	36.94
2010-2019	46	0.00246	0.00246	0.5	96386	237	96268	3472047	36.02
2010-2019	47	0.00269	0.00268	0.5	96149	258	96020	3375779	35.11
2010-2019	48	0.00295	0.00295	0.5	95891	283	95750	3279758	34.20
2010-2019	49	0.00327	0.00327	0.5	95609	312	95453	3184008	33.30
2010-2019	50	0.00355	0.00354	0.5	95297	338	95128	3088556	32.41
2010-2019	51	0.00392	0.00391	0.5	94959	371	94773	2993428	31.52
2010-2019	52	0.00429	0.00428	0.5	94588	405	94385	2898655	30.65
2010-2019	53	0.00460	0.00459	0.5	94183	432	93967	2804269	29.77
2010-2019	54	0.00497	0.00495	0.5	93750	464	93518	2710303	28.91
2010-2019	55	0.00540	0.00539	0.5	93286	502	93035	2616784	28.05
2010-2019	56	0.00585	0.00584	0.5	92784	542	92513	2523750	27.20
2010-2019	57	0.00639	0.00637	0.5	92242	587	91948	2431237	26.36
2010-2019	58	0.00676	0.00673	0.5	91655	617	91346	2339288	25.52
2010-2019	59	0.00733	0.00730	0.5	91038	665	90705	2247942	24.69
2010-2019	60	0.00770	0.00767	0.5	90373	693	90026	2157237	23.87
2010-2019	61	0.00838	0.00835	0.5	89679	748	89305	2067211	23.05
2010-2019	62	0.00901	0.00897	0.5	88931	797	88532	1977905	22.24
2010-2019	63	0.00983	0.00979	0.5	88134	863	87702	1889373	21.44
2010-2019	64	0.01048	0.01042	0.5	87271	910	86816	1801671	20.64
2010-2019	65	0.01124	0.01118	0.5	86362	966	85879	1714855	19.86
2010-2019	66	0.01219	0.01212	0.5	85396	1035	84879	1628976	19.08
2010-2019	67	0.01322	0.01313	0.5	84361	1108	83808	1544097	18.30
2010-2019	68	0.01435	0.01425	0.5	83254	1186	82661	1460290	17.54
2010-2019	69	0.01577	0.01565	0.5	82068	1284	81425	1377629	16.79
2010-2019	70	0.01736	0.01721	0.5	80783	1390	80088	1296203	16.05
2010-2019	71	0.01888	0.01870	0.5	79393	1485	78651	1216115	15.32
2010-2019	72	0.02076	0.02055	0.5	77909	1601	77108	1137464	14.60
2010-2019	73	0.02249	0.02224	0.5	76307	1697	75459	1060356	13.90
2010-2019	74	0.02475	0.02445	0.5	74610	1824	73698	984897	13.20
2010-2019	75	0.02751	0.02714	0.5	72786	1975	71799	911199	12.52
2010-2019	76	0.03022	0.02977	0.5	70811	2108	69757	839400	11.85
2010-2019	77	0.03313	0.03259	0.5	68703	2239	67584	769643	11.20
2010-2019	78	0.03696	0.03629	0.5	66464	2412	65258	702059	10.56
2010-2019	79	0.04088	0.04006	0.5	64052	2566	62769	636801	9.94
2010-2019	80	0.04730	0.04621	0.5	61486	2841	60066	574031	9.34
2010-2019	81	0.05332	0.05193	0.5	58645	3046	57123	513965	8.76
2010-2019	82	0.05970	0.05797	0.5	55600	3223	53988	456843	8.22
2010-2019	83	0.06655	0.06440	0.5	52377	3373	50690	402855	7.69
2010-2019	84	0.07398	0.07134	0.5	49003	3496	47255	352165	7.19
2010-2019	85	0.08337	0.08004	0.5	45507	3642	43686	304909	6.70
2010-2019	86	0.09387	0.08967	0.5	41865	3754	39988	261223	6.24
2010-2019	87	0.10504	0.09980	0.5	38111	3803	36210	221235	5.80
2010-2019	88	0.11822	0.11162	0.5	34308	3829	32393	185025	5.39
2010-2019	89	0.13195	0.12379	0.5	30478	3773	28592	152632	5.01
2010-2019	90	0.14872	0.13843	0.5	26706	3697	24857	124040	4.64
2010-2019	91	0.16617	0.15342	0.5	23009	3530	21244	99182	4.31
2010-2019	92	0.18462	0.16901	0.5	19479	3292	17833	77938	4.00
2010-2019	93	0.20633	0.18703	0.5	16187	3027	14673	60106	3.71
2010-2019	94	0.22974	0.20607	0.5	13159	2712	11803	45433	3.45
2010-2019	95	0.25032	0.22248	0.5	10448	2324	9285	33629	3.22
2010-2019	96	0.27523	0.24194	0.5	8123	1965	7141	24344	3.00
2010-2019	97	0.30163	0.26210	0.5	6158	1614	5351	17203	2.79
2010-2019	98	0.32940	0.28282	0.5	4544	1285	3901	11853	2.61
2010-2019	99	0.35843	0.30395	0.5	3259	991	2764	7951	2.44
2010-2019	100	0.38852	0.32532	0.5	2268	738	1899	5188	2.29
2010-2019	101	0.41949	0.34676	0.5	1530	531	1265	3288	2.15
2010-2019	102	0.45111	0.36809	0.5	1000	368	816	2023	2.02
2010-2019	103	0.48313	0.38913	0.5	632	246	509	1208	1.91
2010-2019	104	0.51529	0.40972	0.5	386	158	307	699	1.81
2010-2019	105	0.54732	0.42972	0.5	228	98	179	392	1.72
2010-2019	106	0.57896	0.44899	0.5	130	58	101	213	1.64
2010-2019	107	0.60997	0.46742	0.5	72	33	55	112	1.57
2010-2019	108	0.64011	0.48491	0.5	38	18	29	58	1.51
2010-2019	109	0.66919	0.50142	0.5	20	10	15	29	1.46
2010-2019	110+	0.69703	1.00000	1.43	10	10	14	14	1.43
2020-2022	0	0.00552	0.00550	0.07	100000	550	99488	7846182	78.46
2020-2022	1	0.00041	0.00041	0.5	99450	41	99430	7746694	77.90
2020-2022	2	0.00027	0.00027	0.5	99409	27	99396	7647264	76.93
2020-2022	3	0.00023	0.00023	0.5	99382	23	99371	7547868	75.95
2020-2022	4	0.00017	0.00017	0.5	99360	17	99351	7448497	74.97
2020-2022	5	0.00015	0.00015	0.5	99343	15	99335	7349146	73.98
2020-2022	6	0.00013	0.00013	0.5	99328	13	99321	7249811	72.99
2020-2022	7	0.00011	0.00011	0.5	99314	11	99309	7150490	72.00
2020-2022	8	0.00009	0.00009	0.5	99303	9	99298	7051182	71.01
2020-2022	9	0.00009	0.00009	0.5	99294	9	99289	6951883	70.01
2020-2022	10	0.00012	0.00012	0.5	99285	12	99279	6852594	69.02
2020-2022	11	0.00012	0.00012	0.5	99273	12	99267	6753315	68.03
2020-2022	12	0.00015	0.00015	0.5	99261	15	99253	6654049	67.04
2020-2022	13	0.00018	0.00018	0.5	99246	18	99237	6554796	66.05
2020-2022	14	0.00021	0.00021	0.5	99228	21	99217	6455559	65.06
2020-2022	15	0.00025	0.00025	0.5	99206	25	99194	6356342	64.07
2020-2022	16	0.00030	0.00030	0.5	99182	30	99167	6257148	63.09
2020-2022	17	0.00034	0.00034	0.5	99152	34	99135	6157982	62.11
2020-2022	18	0.00049	0.00049	0.5	99118	48	99094	6058847	61.13
2020-2022	19	0.00057	0.00057	0.5	99070	56	99042	5959753	60.16
2020-2022	20	0.00062	0.00062	0.5	99014	61	98983	5860711	59.19
2020-2022	21	0.00060	0.00060	0.5	98953	60	98923	5761728	58.23
2020-2022	22	0.00058	0.00058	0.5	98893	57	98865	5662805	57.26
2020-2022	23	0.00067	0.00067	0.5	98836	66	98803	5563940	56.29
2020-2022	24	0.00074	0.00074	0.5	98770	73	98734	5465137	55.33
2020-2022	25	0.00073	0.00073	0.5	98697	72	98661	5366403	54.37
2020-2022	26	0.00075	0.00075	0.5	98625	74	98588	5267742	53.41
2020-2022	27	0.00086	0.00086	0.5	98550	85	98508	5169155	52.45
2020-2022	28	0.00086	0.00086	0.5	98466	85	98423	5070647	51.50
2020-2022	29	0.00099	0.00099	0.5	98381	97	98333	4972223	50.54
2020-2022	30	0.00095	0.00095	0.5	98284	93	98237	4873891	49.59
2020-2022	31	0.00101	0.00101	0.5	98191	99	98141	4775653	48.64
2020-2022	32	0.00123	0.00123	0.5	98092	121	98031	4677512	47.69
2020-2022	33	0.00129	0.00129	0.5	97971	126	97908	4579481	46.74
2020-2022	34	0.00134	0.00134	0.5	97845	131	97779	4481573	45.80
2020-2022	35	0.00131	0.00131	0.5	97713	128	97649	4383794	44.86
2020-2022	36	0.00157	0.00157	0.5	97585	153	97508	4286145	43.92
2020-2022	37	0.00166	0.00166	0.5	97432	161	97351	4188637	42.99
2020-2022	38	0.00179	0.00179	0.5	97271	174	97184	4091285	42.06
2020-2022	39	0.00188	0.00188	0.5	97097	182	97006	3994102	41.14
2020-2022	40	0.00199	0.00199	0.5	96915	193	96818	3897096	40.21
2020-2022	41	0.00218	0.00218	0.5	96722	210	96617	3800277	39.29
2020-2022	42	0.00227	0.00227	0.5	96511	219	96402	3703661	38.38
2020-2022	43	0.00243	0.00243	0.5	96292	234	96175	3607259	37.46
2020-2022	44	0.00264	0.00264	0.5	96058	253	95932	3511084	36.55
2020-2022	45	0.00284	0.00284	0.5	95805	272	95669	3415152	35.65
2020-2022	46	0.00310	0.00309	0.5	95533	296	95385	3319483	34.75
2020-2022	47	0.00315	0.00314	0.5	95237	299	95088	3224098	33.85
2020-2022	48	0.00353	0.00352	0.5	94938	334	94771	3129010	32.96
2020-2022	49	0.00380	0.00380	0.5	94604	359	94424	3034239	32.07
2020-2022	50	0.00408	0.00407	0.5	94245	384	94053	2939815	31.19
2020-2022	51	0.00443	0.00442	0.5	93861	415	93654	2845762	30.32
2020-2022	52	0.00486	0.00484	0.5	93447	453	93220	2752108	29.45
2020-2022	53	0.00528	0.00526	0.5	92994	489	92749	2658887	28.59
2020-2022	54	0.00555	0.00553	0.5	92505	512	92249	2566138	27.74
2020-2022	55	0.00616	0.00614	0.5	91993	565	91710	2473890	26.89
2020-2022	56	0.00669	0.00667	0.5	91428	610	91123	2382179	26.06
2020-2022	57	0.00745	0.00743	0.5	90818	674	90481	2291056	25.23
2020-2022	58	0.00799	0.00796	0.5	90144	717	89785	2200575	24.41
2020-2022	59	0.00872	0.00868	0.5	89426	777	89038	2110790	23.60
2020-2022	60	0.00944	0.00939	0.5	88650	833	88233	2021752	22.81
2020-2022	61	0.01036	0.01031	0.5	87817	905	87364	1933519	22.02
2020-2022	62	0.01122	0.01115	0.5	86912	969	86427	1846154	21.24
2020-2022	63	0.01211	0.01204	0.5	85942	1035	85425	1759727	20.48
2020-2022	64	0.01300	0.01291	0.5	84908	1097	84359	1674302	19.72
2020-2022	65	0.01384	0.01374	0.5	83811	1152	83235	1589942	18.97
2020-2022	66	0.01465	0.01454	0.5	82659	1202	82058	1506707	18.23
2020-2022	67	0.01589	0.01577	0.5	81457	1284	80815	1424649	17.49
2020-2022	68	0.01700	0.01685	0.5	80173	1351	79497	1343834	16.76
2020-2022	69	0.01826	0.01809	0.5	78822	1426	78109	1264337	16.04
2020-2022	70	0.01992	0.01973	0.5	77395	1527	76632	1186228	15.33
2020-2022	71	0.02127	0.02105	0.5	75869	1597	75070	1109596	14.63
2020-2022	72	0.02389	0.02361	0.5	74272	1753	73395	1034525	13.93
2020-2022	73	0.02602	0.02568	0.5	72519	1862	71588	961130	13.25
2020-2022	74	0.02848	0.02808	0.5	70656	1984	69665	889542	12.59
2020-2022	75	0.03133	0.03085	0.5	68673	2118	67614	819878	11.94
2020-2022	76	0.03483	0.03424	0.5	66554	2279	65415	752264	11.30
2020-2022	77	0.03864	0.03791	0.5	64276	2436	63058	686849	10.69
2020-2022	78	0.04261	0.04173	0.5	61839	2580	60549	623792	10.09
2020-2022	79	0.04719	0.04610	0.5	59259	2732	57893	563242	9.50
2020-2022	80	0.05248	0.05114	0.5	56527	2891	55082	505349	8.94
2020-2022	81	0.05792	0.05629	0.5	53636	3019	52126	450268	8.39
2020-2022	82	0.06412	0.06212	0.5	50617	3145	49044	398141	7.87
2020-2022	83	0.07258	0.07004	0.5	47472	3325	45810	349097	7.35
2020-2022	84	0.08031	0.07721	0.5	44147	3408	42443	303287	6.87
2020-2022	85	0.09084	0.08690	0.5	40739	3540	38969	260844	6.40
2020-2022	86	0.10101	0.09615	0.5	37199	3577	35410	221876	5.96
2020-2022	87	0.11216	0.10621	0.5	33622	3571	31837	186465	5.55
2020-2022	88	0.12713	0.11953	0.5	30051	3592	28255	154629	5.15
2020-2022	89	0.14253	0.13305	0.5	26459	3520	24699	126373	4.78
2020-2022	90	0.15713	0.14569	0.5	22939	3342	21268	101675	4.43
2020-2022	91	0.17837	0.16377	0.5	19597	3209	17992	80407	4.10
2020-2022	92	0.19809	0.18024	0.5	16388	2954	14911	62415	3.81
2020-2022	93	0.22219	0.19997	0.5	13434	2686	12091	47504	3.54
2020-2022	94	0.24262	0.21637	0.5	10747	2325	9585	35413	3.30
2020-2022	95	0.26702	0.23557	0.5	8422	1984	7430	25829	3.07
2020-2022	96	0.29292	0.25550	0.5	6438	1645	5616	18399	2.86
2020-2022	97	0.32024	0.27604	0.5	4793	1323	4132	12783	2.67
2020-2022	98	0.34884	0.29703	0.5	3470	1031	2955	8652	2.49
2020-2022	99	0.37858	0.31833	0.5	2439	776	2051	5697	2.34
2020-2022	100	0.40926	0.33974	0.5	1663	565	1380	3646	2.19
2020-2022	101	0.44067	0.36110	0.5	1098	396	900	2266	2.06
2020-2022	102	0.47255	0.38224	0.5	701	268	567	1366	1.95
2020-2022	103	0.50466	0.40298	0.5	433	175	346	799	1.84
2020-2022	104	0.53673	0.42317	0.5	259	109	204	453	1.75
2020-2022	105	0.56851	0.44267	0.5	149	66	116	249	1.67
2020-2022	106	0.59972	0.46138	0.5	83	38	64	132	1.59
2020-2022	107	0.63015	0.47918	0.5	45	21	34	68	1.53
2020-2022	108	0.65958	0.49600	0.5	23	12	18	34	1.47
2020-2022	109	0.68783	0.51181	0.5	12	6	9	17	1.43
2020-2022	110+	0.71474	1.00000	1.4	6	6	8	8	1.40
