Div7: Div7, Lifetables (period 1x10), Males Last modified: February 4 2025, MPv5 (May07) 

Year     	Age	mx	qx	ax	lx	dx	Lx	Tx	ex
1941-1949	0	0.05067	0.04865	0.18	100000	4865	96016	6345415	63.45
1941-1949	1	0.00503	0.00501	0.5	95135	477	94897	6249399	65.69
1941-1949	2	0.00262	0.00261	0.5	94658	247	94535	6154503	65.02
1941-1949	3	0.00190	0.00190	0.5	94411	179	94322	6059968	64.19
1941-1949	4	0.00140	0.00140	0.5	94232	132	94166	5965646	63.31
1941-1949	5	0.00120	0.00120	0.5	94100	113	94044	5871480	62.40
1941-1949	6	0.00112	0.00112	0.5	93988	105	93935	5777437	61.47
1941-1949	7	0.00106	0.00106	0.5	93882	99	93833	5683502	60.54
1941-1949	8	0.00100	0.00100	0.5	93783	94	93736	5589669	59.60
1941-1949	9	0.00096	0.00096	0.5	93689	90	93644	5495933	58.66
1941-1949	10	0.00093	0.00093	0.5	93599	87	93556	5402289	57.72
1941-1949	11	0.00095	0.00095	0.5	93512	89	93468	5308733	56.77
1941-1949	12	0.00102	0.00102	0.5	93423	95	93375	5215266	55.82
1941-1949	13	0.00114	0.00114	0.5	93328	107	93274	5121890	54.88
1941-1949	14	0.00131	0.00131	0.5	93221	122	93160	5028616	53.94
1941-1949	15	0.00153	0.00152	0.5	93099	142	93028	4935456	53.01
1941-1949	16	0.00175	0.00175	0.5	92957	163	92876	4842428	52.09
1941-1949	17	0.00199	0.00199	0.5	92794	184	92702	4749552	51.18
1941-1949	18	0.00224	0.00224	0.5	92610	207	92506	4656850	50.28
1941-1949	19	0.00250	0.00250	0.5	92403	231	92287	4564344	49.40
1941-1949	20	0.00275	0.00275	0.5	92172	253	92045	4472057	48.52
1941-1949	21	0.00296	0.00295	0.5	91919	271	91783	4380011	47.65
1941-1949	22	0.00309	0.00308	0.5	91647	283	91506	4288228	46.79
1941-1949	23	0.00315	0.00314	0.5	91365	287	91221	4196722	45.93
1941-1949	24	0.00314	0.00313	0.5	91078	285	90935	4105501	45.08
1941-1949	25	0.00306	0.00305	0.5	90792	277	90654	4014566	44.22
1941-1949	26	0.00298	0.00297	0.5	90515	269	90381	3923912	43.35
1941-1949	27	0.00293	0.00292	0.5	90246	264	90114	3833531	42.48
1941-1949	28	0.00291	0.00291	0.5	89982	261	89852	3743417	41.60
1941-1949	29	0.00292	0.00292	0.5	89721	262	89590	3653566	40.72
1941-1949	30	0.00297	0.00297	0.5	89459	265	89326	3563976	39.84
1941-1949	31	0.00304	0.00304	0.5	89194	271	89058	3474649	38.96
1941-1949	32	0.00315	0.00315	0.5	88923	280	88783	3385591	38.07
1941-1949	33	0.00331	0.00331	0.5	88643	293	88497	3296808	37.19
1941-1949	34	0.00351	0.00351	0.5	88350	310	88195	3208312	36.31
1941-1949	35	0.00378	0.00377	0.5	88040	332	87874	3120116	35.44
1941-1949	36	0.00405	0.00404	0.5	87708	354	87531	3032242	34.57
1941-1949	37	0.00433	0.00432	0.5	87354	377	87165	2944711	33.71
1941-1949	38	0.00465	0.00464	0.5	86977	403	86775	2857546	32.85
1941-1949	39	0.00497	0.00496	0.5	86573	430	86358	2770771	32.00
1941-1949	40	0.00528	0.00527	0.5	86144	454	85917	2684413	31.16
1941-1949	41	0.00557	0.00556	0.5	85690	476	85452	2598496	30.32
1941-1949	42	0.00599	0.00597	0.5	85214	509	84959	2513044	29.49
1941-1949	43	0.00649	0.00647	0.5	84705	548	84431	2428084	28.67
1941-1949	44	0.00699	0.00697	0.5	84157	586	83863	2343654	27.85
1941-1949	45	0.00758	0.00755	0.5	83570	631	83255	2259790	27.04
1941-1949	46	0.00818	0.00815	0.5	82939	676	82601	2176536	26.24
1941-1949	47	0.00885	0.00881	0.5	82264	724	81901	2093934	25.45
1941-1949	48	0.00967	0.00963	0.5	81539	785	81147	2012033	24.68
1941-1949	49	0.01066	0.01060	0.5	80754	856	80326	1930886	23.91
1941-1949	50	0.01177	0.01170	0.5	79898	935	79431	1850560	23.16
1941-1949	51	0.01270	0.01262	0.5	78963	996	78465	1771129	22.43
1941-1949	52	0.01365	0.01356	0.5	77967	1057	77438	1692664	21.71
1941-1949	53	0.01473	0.01462	0.5	76910	1124	76347	1615226	21.00
1941-1949	54	0.01581	0.01569	0.5	75785	1189	75190	1538879	20.31
1941-1949	55	0.01697	0.01683	0.5	74596	1255	73968	1463688	19.62
1941-1949	56	0.01806	0.01790	0.5	73341	1313	72684	1389720	18.95
1941-1949	57	0.01922	0.01903	0.5	72028	1371	71342	1317036	18.29
1941-1949	58	0.02050	0.02029	0.5	70657	1434	69940	1245693	17.63
1941-1949	59	0.02176	0.02153	0.5	69223	1490	68478	1175753	16.98
1941-1949	60	0.02305	0.02278	0.5	67733	1543	66962	1107275	16.35
1941-1949	61	0.02431	0.02402	0.5	66190	1590	65395	1040313	15.72
1941-1949	62	0.02595	0.02562	0.5	64600	1655	63773	974918	15.09
1941-1949	63	0.02812	0.02773	0.5	62945	1745	62072	911145	14.48
1941-1949	64	0.03057	0.03011	0.5	61200	1842	60278	849073	13.87
1941-1949	65	0.03356	0.03301	0.5	59357	1959	58378	788795	13.29
1941-1949	66	0.03638	0.03573	0.5	57398	2051	56372	730417	12.73
1941-1949	67	0.03925	0.03850	0.5	55347	2131	54282	674044	12.18
1941-1949	68	0.04253	0.04165	0.5	53216	2216	52108	619763	11.65
1941-1949	69	0.04556	0.04454	0.5	51000	2272	49864	567655	11.13
1941-1949	70	0.04860	0.04745	0.5	48728	2312	47572	517791	10.63
1941-1949	71	0.05135	0.05007	0.5	46416	2324	45254	470219	10.13
1941-1949	72	0.05485	0.05339	0.5	44092	2354	42915	424964	9.64
1941-1949	73	0.05943	0.05772	0.5	41738	2409	40534	382049	9.15
1941-1949	74	0.06424	0.06224	0.5	39329	2448	38105	341515	8.68
1941-1949	75	0.06982	0.06747	0.5	36881	2488	35637	303410	8.23
1941-1949	76	0.07557	0.07281	0.5	34393	2504	33141	267773	7.79
1941-1949	77	0.08186	0.07864	0.5	31889	2508	30635	234632	7.36
1941-1949	78	0.08959	0.08575	0.5	29381	2519	28121	203997	6.94
1941-1949	79	0.09736	0.09284	0.5	26862	2494	25615	175875	6.55
1941-1949	80	0.11135	0.10548	0.5	24368	2570	23083	150261	6.17
1941-1949	81	0.12046	0.11362	0.5	21797	2477	20559	127178	5.83
1941-1949	82	0.13019	0.12223	0.5	19321	2362	18140	106619	5.52
1941-1949	83	0.14099	0.13171	0.5	16959	2234	15842	88479	5.22
1941-1949	84	0.15313	0.14224	0.5	14725	2095	13678	72637	4.93
1941-1949	85	0.16669	0.15387	0.5	12631	1943	11659	58959	4.67
1941-1949	86	0.18120	0.16615	0.5	10687	1776	9800	47300	4.43
1941-1949	87	0.19668	0.17907	0.5	8912	1596	8114	37500	4.21
1941-1949	88	0.21274	0.19228	0.5	7316	1407	6613	29386	4.02
1941-1949	89	0.22783	0.20453	0.5	5909	1209	5305	22774	3.85
1941-1949	90	0.23891	0.21341	0.5	4701	1003	4199	17469	3.72
1941-1949	91	0.24617	0.21919	0.5	3697	810	3292	13270	3.59
1941-1949	92	0.24994	0.22217	0.5	2887	641	2566	9978	3.46
1941-1949	93	0.25012	0.22232	0.5	2246	499	1996	7412	3.30
1941-1949	94	0.28335	0.24819	0.5	1746	433	1530	5416	3.10
1941-1949	95	0.29971	0.26065	0.5	1313	342	1142	3886	2.96
1941-1949	96	0.31660	0.27333	0.5	971	265	838	2744	2.83
1941-1949	97	0.33399	0.28619	0.5	705	202	604	1906	2.70
1941-1949	98	0.35183	0.29920	0.5	503	151	428	1302	2.59
1941-1949	99	0.37011	0.31231	0.5	353	110	298	874	2.48
1941-1949	100	0.38876	0.32549	0.5	243	79	203	576	2.37
1941-1949	101	0.40774	0.33869	0.5	164	55	136	373	2.28
1941-1949	102	0.42700	0.35188	0.5	108	38	89	237	2.19
1941-1949	103	0.44649	0.36500	0.5	70	26	57	148	2.10
1941-1949	104	0.46614	0.37803	0.5	45	17	36	90	2.03
1941-1949	105	0.48590	0.39092	0.5	28	11	22	54	1.96
1941-1949	106	0.50570	0.40364	0.5	17	7	13	32	1.89
1941-1949	107	0.52548	0.41615	0.5	10	4	8	18	1.83
1941-1949	108	0.54519	0.42841	0.5	6	3	5	10	1.78
1941-1949	109	0.56475	0.44040	0.5	3	1	3	6	1.74
1941-1949	110+	0.58412	1.00000	1.71	2	2	3	3	1.71
1950-1959	0	0.03603	0.03495	0.14	100000	3495	97000	6622705	66.23
1950-1959	1	0.00280	0.00280	0.5	96505	270	96370	6525705	67.62
1950-1959	2	0.00159	0.00159	0.5	96235	153	96159	6429336	66.81
1950-1959	3	0.00114	0.00114	0.5	96082	109	96028	6333177	65.91
1950-1959	4	0.00087	0.00087	0.5	95973	83	95931	6237149	64.99
1950-1959	5	0.00074	0.00074	0.5	95890	71	95854	6141218	64.04
1950-1959	6	0.00069	0.00069	0.5	95819	66	95786	6045364	63.09
1950-1959	7	0.00065	0.00065	0.5	95753	62	95722	5949578	62.13
1950-1959	8	0.00061	0.00061	0.5	95691	58	95662	5853856	61.17
1950-1959	9	0.00058	0.00058	0.5	95633	55	95605	5758194	60.21
1950-1959	10	0.00058	0.00058	0.5	95577	56	95550	5662589	59.25
1950-1959	11	0.00062	0.00062	0.5	95522	59	95492	5567040	58.28
1950-1959	12	0.00070	0.00070	0.5	95463	66	95429	5471547	57.32
1950-1959	13	0.00081	0.00081	0.5	95396	77	95358	5376118	56.36
1950-1959	14	0.00097	0.00097	0.5	95319	92	95273	5280760	55.40
1950-1959	15	0.00118	0.00118	0.5	95227	112	95171	5185487	54.45
1950-1959	16	0.00140	0.00140	0.5	95115	133	95048	5090316	53.52
1950-1959	17	0.00157	0.00157	0.5	94982	149	94907	4995268	52.59
1950-1959	18	0.00175	0.00174	0.5	94833	165	94750	4900360	51.67
1950-1959	19	0.00190	0.00190	0.5	94667	179	94578	4805610	50.76
1950-1959	20	0.00207	0.00207	0.5	94488	195	94390	4711033	49.86
1950-1959	21	0.00216	0.00216	0.5	94293	203	94191	4616642	48.96
1950-1959	22	0.00223	0.00223	0.5	94089	210	93984	4522451	48.07
1950-1959	23	0.00223	0.00223	0.5	93880	209	93775	4428467	47.17
1950-1959	24	0.00226	0.00226	0.5	93670	212	93564	4334692	46.28
1950-1959	25	0.00227	0.00226	0.5	93458	212	93353	4241127	45.38
1950-1959	26	0.00225	0.00225	0.5	93247	210	93142	4147775	44.48
1950-1959	27	0.00222	0.00222	0.5	93037	207	92934	4054633	43.58
1950-1959	28	0.00221	0.00221	0.5	92830	205	92728	3961699	42.68
1950-1959	29	0.00224	0.00224	0.5	92625	207	92521	3868972	41.77
1950-1959	30	0.00224	0.00223	0.5	92418	206	92315	3776450	40.86
1950-1959	31	0.00232	0.00232	0.5	92211	214	92105	3684136	39.95
1950-1959	32	0.00239	0.00239	0.5	91998	220	91888	3592031	39.04
1950-1959	33	0.00251	0.00250	0.5	91778	230	91663	3500143	38.14
1950-1959	34	0.00266	0.00265	0.5	91548	243	91427	3408480	37.23
1950-1959	35	0.00284	0.00283	0.5	91306	259	91176	3317053	36.33
1950-1959	36	0.00299	0.00299	0.5	91047	272	90911	3225877	35.43
1950-1959	37	0.00324	0.00323	0.5	90775	293	90628	3134966	34.54
1950-1959	38	0.00352	0.00351	0.5	90482	318	90323	3044337	33.65
1950-1959	39	0.00378	0.00377	0.5	90164	340	89994	2954015	32.76
1950-1959	40	0.00404	0.00403	0.5	89824	362	89643	2864021	31.88
1950-1959	41	0.00438	0.00437	0.5	89462	391	89267	2774378	31.01
1950-1959	42	0.00481	0.00480	0.5	89071	427	88857	2685112	30.15
1950-1959	43	0.00520	0.00519	0.5	88644	460	88414	2596254	29.29
1950-1959	44	0.00573	0.00571	0.5	88184	503	87932	2507841	28.44
1950-1959	45	0.00632	0.00630	0.5	87680	552	87404	2419909	27.60
1950-1959	46	0.00691	0.00689	0.5	87128	600	86828	2332505	26.77
1950-1959	47	0.00769	0.00766	0.5	86528	663	86196	2245677	25.95
1950-1959	48	0.00844	0.00840	0.5	85865	721	85504	2159481	25.15
1950-1959	49	0.00916	0.00912	0.5	85144	776	84755	2073976	24.36
1950-1959	50	0.00996	0.00991	0.5	84367	836	83949	1989221	23.58
1950-1959	51	0.01098	0.01092	0.5	83531	912	83075	1905272	22.81
1950-1959	52	0.01202	0.01195	0.5	82619	987	82125	1822197	22.06
1950-1959	53	0.01310	0.01301	0.5	81632	1062	81100	1740071	21.32
1950-1959	54	0.01433	0.01422	0.5	80569	1146	79996	1658971	20.59
1950-1959	55	0.01557	0.01545	0.5	79423	1227	78810	1578974	19.88
1950-1959	56	0.01676	0.01662	0.5	78196	1300	77546	1500165	19.18
1950-1959	57	0.01805	0.01789	0.5	76896	1376	76208	1422619	18.50
1950-1959	58	0.01973	0.01953	0.5	75520	1475	74783	1346410	17.83
1950-1959	59	0.02124	0.02101	0.5	74045	1556	73267	1271628	17.17
1950-1959	60	0.02254	0.02229	0.5	72489	1616	71681	1198360	16.53
1950-1959	61	0.02414	0.02385	0.5	70873	1690	70028	1126679	15.90
1950-1959	62	0.02620	0.02586	0.5	69183	1789	68288	1056651	15.27
1950-1959	63	0.02845	0.02805	0.5	67394	1891	66449	988363	14.67
1950-1959	64	0.03073	0.03026	0.5	65503	1982	64512	921914	14.07
1950-1959	65	0.03345	0.03290	0.5	63521	2090	62476	857402	13.50
1950-1959	66	0.03596	0.03532	0.5	61431	2170	60346	794926	12.94
1950-1959	67	0.03898	0.03823	0.5	59261	2266	58128	734580	12.40
1950-1959	68	0.04152	0.04067	0.5	56995	2318	55836	676451	11.87
1950-1959	69	0.04403	0.04308	0.5	54677	2355	53500	620615	11.35
1950-1959	70	0.04721	0.04612	0.5	52322	2413	51115	567115	10.84
1950-1959	71	0.05009	0.04887	0.5	49909	2439	48690	516000	10.34
1950-1959	72	0.05428	0.05285	0.5	47470	2509	46216	467311	9.84
1950-1959	73	0.05812	0.05648	0.5	44962	2539	43692	421095	9.37
1950-1959	74	0.06307	0.06114	0.5	42422	2594	41125	377403	8.90
1950-1959	75	0.06847	0.06621	0.5	39828	2637	38510	336278	8.44
1950-1959	76	0.07409	0.07144	0.5	37191	2657	35863	297768	8.01
1950-1959	77	0.08023	0.07714	0.5	34534	2664	33202	261905	7.58
1950-1959	78	0.08709	0.08346	0.5	31871	2660	30541	228702	7.18
1950-1959	79	0.09372	0.08952	0.5	29211	2615	27903	198162	6.78
1950-1959	80	0.10531	0.10004	0.5	26596	2661	25265	170259	6.40
1950-1959	81	0.11346	0.10737	0.5	23935	2570	22650	144993	6.06
1950-1959	82	0.12387	0.11664	0.5	21365	2492	20119	122343	5.73
1950-1959	83	0.13458	0.12609	0.5	18873	2380	17683	102224	5.42
1950-1959	84	0.14693	0.13688	0.5	16493	2258	15365	84541	5.13
1950-1959	85	0.15645	0.14510	0.5	14236	2066	13203	69176	4.86
1950-1959	86	0.16981	0.15652	0.5	12170	1905	11218	55973	4.60
1950-1959	87	0.18381	0.16833	0.5	10265	1728	9401	44755	4.36
1950-1959	88	0.19754	0.17978	0.5	8537	1535	7770	35354	4.14
1950-1959	89	0.21739	0.19608	0.5	7002	1373	6316	27584	3.94
1950-1959	90	0.22832	0.20492	0.5	5629	1154	5053	21268	3.78
1950-1959	91	0.23551	0.21070	0.5	4476	943	4004	16215	3.62
1950-1959	92	0.24671	0.21962	0.5	3533	776	3145	12211	3.46
1950-1959	93	0.25542	0.22649	0.5	2757	624	2445	9066	3.29
1950-1959	94	0.28091	0.24632	0.5	2132	525	1870	6622	3.11
1950-1959	95	0.29816	0.25948	0.5	1607	417	1399	4752	2.96
1950-1959	96	0.31600	0.27289	0.5	1190	325	1028	3353	2.82
1950-1959	97	0.33440	0.28650	0.5	865	248	741	2325	2.69
1950-1959	98	0.35332	0.30027	0.5	617	185	525	1584	2.57
1950-1959	99	0.37271	0.31416	0.5	432	136	364	1059	2.45
1950-1959	100	0.39251	0.32812	0.5	296	97	248	695	2.35
1950-1959	101	0.41268	0.34209	0.5	199	68	165	447	2.25
1950-1959	102	0.43314	0.35604	0.5	131	47	108	282	2.15
1950-1959	103	0.45384	0.36990	0.5	84	31	69	174	2.07
1950-1959	104	0.47469	0.38364	0.5	53	20	43	106	1.99
1950-1959	105	0.49564	0.39720	0.5	33	13	26	63	1.92
1950-1959	106	0.51660	0.41055	0.5	20	8	16	37	1.85
1950-1959	107	0.53750	0.42364	0.5	12	5	9	21	1.79
1950-1959	108	0.55827	0.43644	0.5	7	3	5	12	1.74
1950-1959	109	0.57884	0.44891	0.5	4	2	3	6	1.70
1950-1959	110+	0.59913	1.00000	1.67	2	2	3	3	1.67
1960-1969	0	0.02989	0.02913	0.13	100000	2913	97452	6649048	66.49
1960-1969	1	0.00210	0.00209	0.5	97087	203	96986	6551596	67.48
1960-1969	2	0.00123	0.00123	0.5	96884	119	96824	6454611	66.62
1960-1969	3	0.00092	0.00091	0.5	96765	89	96720	6357786	65.70
1960-1969	4	0.00079	0.00079	0.5	96676	77	96638	6261066	64.76
1960-1969	5	0.00064	0.00064	0.5	96599	62	96568	6164428	63.81
1960-1969	6	0.00061	0.00061	0.5	96537	59	96508	6067860	62.85
1960-1969	7	0.00051	0.00051	0.5	96478	50	96453	5971352	61.89
1960-1969	8	0.00050	0.00050	0.5	96429	49	96404	5874899	60.92
1960-1969	9	0.00047	0.00047	0.5	96380	45	96357	5778494	59.96
1960-1969	10	0.00050	0.00050	0.5	96335	48	96311	5682137	58.98
1960-1969	11	0.00048	0.00048	0.5	96287	46	96264	5585826	58.01
1960-1969	12	0.00053	0.00053	0.5	96240	51	96215	5489563	57.04
1960-1969	13	0.00068	0.00068	0.5	96189	65	96157	5393348	56.07
1960-1969	14	0.00083	0.00083	0.5	96124	80	96084	5297191	55.11
1960-1969	15	0.00107	0.00107	0.5	96045	103	95993	5201107	54.15
1960-1969	16	0.00134	0.00134	0.5	95942	129	95877	5105113	53.21
1960-1969	17	0.00161	0.00161	0.5	95813	154	95736	5009236	52.28
1960-1969	18	0.00190	0.00190	0.5	95659	181	95568	4913500	51.36
1960-1969	19	0.00211	0.00210	0.5	95477	201	95377	4817932	50.46
1960-1969	20	0.00209	0.00208	0.5	95276	199	95177	4722555	49.57
1960-1969	21	0.00220	0.00219	0.5	95078	209	94974	4627378	48.67
1960-1969	22	0.00218	0.00218	0.5	94869	207	94766	4532404	47.78
1960-1969	23	0.00217	0.00216	0.5	94663	205	94560	4437638	46.88
1960-1969	24	0.00208	0.00208	0.5	94458	196	94360	4343078	45.98
1960-1969	25	0.00210	0.00210	0.5	94262	198	94163	4248718	45.07
1960-1969	26	0.00209	0.00208	0.5	94064	196	93966	4154555	44.17
1960-1969	27	0.00208	0.00207	0.5	93868	195	93771	4060590	43.26
1960-1969	28	0.00209	0.00209	0.5	93673	196	93576	3966819	42.35
1960-1969	29	0.00213	0.00213	0.5	93478	199	93378	3873243	41.43
1960-1969	30	0.00224	0.00223	0.5	93279	208	93175	3779865	40.52
1960-1969	31	0.00221	0.00220	0.5	93071	205	92968	3686690	39.61
1960-1969	32	0.00237	0.00237	0.5	92865	220	92755	3593722	38.70
1960-1969	33	0.00248	0.00247	0.5	92645	229	92531	3500967	37.79
1960-1969	34	0.00270	0.00270	0.5	92416	249	92292	3408436	36.88
1960-1969	35	0.00281	0.00280	0.5	92167	258	92038	3316144	35.98
1960-1969	36	0.00298	0.00298	0.5	91909	274	91772	3224106	35.08
1960-1969	37	0.00323	0.00323	0.5	91635	296	91487	3132334	34.18
1960-1969	38	0.00359	0.00358	0.5	91340	327	91176	3040847	33.29
1960-1969	39	0.00386	0.00385	0.5	91012	351	90837	2949671	32.41
1960-1969	40	0.00412	0.00411	0.5	90662	373	90475	2858834	31.53
1960-1969	41	0.00447	0.00446	0.5	90289	403	90087	2768359	30.66
1960-1969	42	0.00492	0.00491	0.5	89886	441	89665	2678271	29.80
1960-1969	43	0.00530	0.00528	0.5	89445	472	89208	2588606	28.94
1960-1969	44	0.00585	0.00583	0.5	88972	519	88713	2499398	28.09
1960-1969	45	0.00640	0.00638	0.5	88453	564	88171	2410685	27.25
1960-1969	46	0.00697	0.00695	0.5	87889	611	87584	2322514	26.43
1960-1969	47	0.00767	0.00764	0.5	87278	667	86945	2234930	25.61
1960-1969	48	0.00846	0.00842	0.5	86611	729	86247	2147985	24.80
1960-1969	49	0.00920	0.00916	0.5	85882	786	85489	2061739	24.01
1960-1969	50	0.01016	0.01011	0.5	85096	860	84665	1976250	23.22
1960-1969	51	0.01082	0.01077	0.5	84235	907	83782	1891584	22.46
1960-1969	52	0.01210	0.01203	0.5	83328	1002	82827	1807802	21.69
1960-1969	53	0.01334	0.01325	0.5	82326	1091	81781	1724975	20.95
1960-1969	54	0.01448	0.01438	0.5	81235	1168	80651	1643195	20.23
1960-1969	55	0.01560	0.01548	0.5	80067	1239	79447	1562544	19.52
1960-1969	56	0.01693	0.01679	0.5	78828	1324	78166	1483096	18.81
1960-1969	57	0.01813	0.01797	0.5	77504	1393	76808	1404930	18.13
1960-1969	58	0.01966	0.01947	0.5	76112	1482	75371	1328122	17.45
1960-1969	59	0.02128	0.02105	0.5	74630	1571	73844	1252752	16.79
1960-1969	60	0.02331	0.02305	0.5	73058	1684	72217	1178908	16.14
1960-1969	61	0.02454	0.02424	0.5	71375	1730	70510	1106691	15.51
1960-1969	62	0.02764	0.02726	0.5	69644	1899	68695	1036181	14.88
1960-1969	63	0.02914	0.02872	0.5	67746	1946	66773	967486	14.28
1960-1969	64	0.03212	0.03161	0.5	65800	2080	64760	900714	13.69
1960-1969	65	0.03576	0.03514	0.5	63720	2239	62600	835954	13.12
1960-1969	66	0.03735	0.03667	0.5	61481	2254	60354	773354	12.58
1960-1969	67	0.04074	0.03993	0.5	59226	2365	58044	713000	12.04
1960-1969	68	0.04398	0.04303	0.5	56861	2447	55638	654956	11.52
1960-1969	69	0.04674	0.04567	0.5	54415	2485	53172	599318	11.01
1960-1969	70	0.05049	0.04925	0.5	51930	2557	50651	546146	10.52
1960-1969	71	0.05317	0.05179	0.5	49372	2557	48094	495495	10.04
1960-1969	72	0.06001	0.05826	0.5	46815	2727	45452	447401	9.56
1960-1969	73	0.06300	0.06108	0.5	44088	2693	42741	401950	9.12
1960-1969	74	0.06770	0.06548	0.5	41395	2711	40040	359208	8.68
1960-1969	75	0.07328	0.07069	0.5	38684	2735	37317	319169	8.25
1960-1969	76	0.07718	0.07431	0.5	35950	2672	34614	281852	7.84
1960-1969	77	0.08158	0.07839	0.5	33278	2609	31974	247238	7.43
1960-1969	78	0.08802	0.08431	0.5	30670	2586	29377	215264	7.02
1960-1969	79	0.09442	0.09017	0.5	28084	2532	26818	185887	6.62
1960-1969	80	0.10927	0.10361	0.5	25552	2647	24228	159070	6.23
1960-1969	81	0.11303	0.10698	0.5	22904	2450	21679	134842	5.89
1960-1969	82	0.12813	0.12042	0.5	20454	2463	19222	113163	5.53
1960-1969	83	0.13822	0.12928	0.5	17991	2326	16828	93940	5.22
1960-1969	84	0.15317	0.14227	0.5	15665	2229	14551	77113	4.92
1960-1969	85	0.16353	0.15117	0.5	13436	2031	12421	62562	4.66
1960-1969	86	0.17849	0.16387	0.5	11405	1869	10471	50141	4.40
1960-1969	87	0.19339	0.17634	0.5	9536	1682	8695	39671	4.16
1960-1969	88	0.20527	0.18616	0.5	7855	1462	7123	30975	3.94
1960-1969	89	0.22777	0.20449	0.5	6392	1307	5739	23852	3.73
1960-1969	90	0.23839	0.21300	0.5	5085	1083	4544	18113	3.56
1960-1969	91	0.24725	0.22005	0.5	4002	881	3562	13570	3.39
1960-1969	92	0.27004	0.23792	0.5	3121	743	2750	10008	3.21
1960-1969	93	0.28731	0.25122	0.5	2379	598	2080	7258	3.05
1960-1969	94	0.30190	0.26231	0.5	1781	467	1548	5178	2.91
1960-1969	95	0.32112	0.27669	0.5	1314	364	1132	3630	2.76
1960-1969	96	0.34096	0.29130	0.5	950	277	812	2498	2.63
1960-1969	97	0.36138	0.30607	0.5	674	206	570	1686	2.50
1960-1969	98	0.38231	0.32096	0.5	467	150	392	1116	2.39
1960-1969	99	0.40368	0.33589	0.5	317	107	264	723	2.28
1960-1969	100	0.42543	0.35081	0.5	211	74	174	459	2.18
1960-1969	101	0.44747	0.36566	0.5	137	50	112	285	2.09
1960-1969	102	0.46972	0.38038	0.5	87	33	70	174	2.00
1960-1969	103	0.49209	0.39492	0.5	54	21	43	103	1.92
1960-1969	104	0.51449	0.40922	0.5	33	13	26	60	1.85
1960-1969	105	0.53684	0.42323	0.5	19	8	15	34	1.78
1960-1969	106	0.55903	0.43691	0.5	11	5	9	19	1.72
1960-1969	107	0.58100	0.45021	0.5	6	3	5	10	1.66
1960-1969	108	0.60264	0.46310	0.5	3	2	3	6	1.61
1960-1969	109	0.62389	0.47555	0.5	2	1	1	3	1.58
1960-1969	110+	0.64468	1.00000	1.55	1	1	1	1	1.55
1970-1979	0	0.02074	0.02036	0.1	100000	2036	98169	6782990	67.83
1970-1979	1	0.00147	0.00147	0.5	97964	144	97892	6684820	68.24
1970-1979	2	0.00095	0.00095	0.5	97821	93	97774	6586928	67.34
1970-1979	3	0.00075	0.00075	0.5	97728	73	97691	6489154	66.40
1970-1979	4	0.00061	0.00061	0.5	97654	60	97624	6391463	65.45
1970-1979	5	0.00056	0.00056	0.5	97594	55	97567	6293839	64.49
1970-1979	6	0.00051	0.00051	0.5	97539	50	97514	6196272	63.53
1970-1979	7	0.00044	0.00044	0.5	97489	43	97468	6098758	62.56
1970-1979	8	0.00043	0.00043	0.5	97446	42	97425	6001290	61.59
1970-1979	9	0.00047	0.00047	0.5	97404	46	97381	5903865	60.61
1970-1979	10	0.00042	0.00042	0.5	97358	41	97338	5806483	59.64
1970-1979	11	0.00043	0.00043	0.5	97317	41	97297	5709145	58.67
1970-1979	12	0.00050	0.00050	0.5	97276	48	97252	5611849	57.69
1970-1979	13	0.00060	0.00060	0.5	97228	59	97198	5514597	56.72
1970-1979	14	0.00078	0.00078	0.5	97169	76	97131	5417399	55.75
1970-1979	15	0.00102	0.00102	0.5	97093	99	97043	5320268	54.80
1970-1979	16	0.00135	0.00135	0.5	96994	131	96928	5223224	53.85
1970-1979	17	0.00171	0.00170	0.5	96863	165	96780	5126296	52.92
1970-1979	18	0.00210	0.00210	0.5	96698	203	96596	5029516	52.01
1970-1979	19	0.00228	0.00227	0.5	96495	220	96385	4932920	51.12
1970-1979	20	0.00216	0.00216	0.5	96275	208	96171	4836535	50.24
1970-1979	21	0.00225	0.00225	0.5	96067	216	95959	4740363	49.34
1970-1979	22	0.00223	0.00222	0.5	95851	213	95744	4644404	48.45
1970-1979	23	0.00226	0.00226	0.5	95638	216	95530	4548660	47.56
1970-1979	24	0.00221	0.00221	0.5	95422	211	95316	4453130	46.67
1970-1979	25	0.00226	0.00225	0.5	95211	215	95104	4357814	45.77
1970-1979	26	0.00216	0.00216	0.5	94997	205	94894	4262710	44.87
1970-1979	27	0.00219	0.00218	0.5	94792	207	94688	4167816	43.97
1970-1979	28	0.00214	0.00214	0.5	94585	202	94483	4073128	43.06
1970-1979	29	0.00217	0.00216	0.5	94382	204	94280	3978644	42.15
1970-1979	30	0.00217	0.00216	0.5	94178	204	94076	3884364	41.24
1970-1979	31	0.00216	0.00216	0.5	93974	203	93873	3790288	40.33
1970-1979	32	0.00231	0.00230	0.5	93772	216	93664	3696415	39.42
1970-1979	33	0.00237	0.00236	0.5	93556	221	93445	3602751	38.51
1970-1979	34	0.00252	0.00252	0.5	93335	235	93217	3509306	37.60
1970-1979	35	0.00270	0.00270	0.5	93099	251	92974	3416089	36.69
1970-1979	36	0.00284	0.00284	0.5	92848	264	92716	3323115	35.79
1970-1979	37	0.00298	0.00298	0.5	92585	276	92447	3230399	34.89
1970-1979	38	0.00328	0.00327	0.5	92309	302	92158	3137952	33.99
1970-1979	39	0.00353	0.00352	0.5	92006	324	91844	3045794	33.10
1970-1979	40	0.00390	0.00389	0.5	91682	357	91504	2953950	32.22
1970-1979	41	0.00404	0.00403	0.5	91326	368	91141	2862446	31.34
1970-1979	42	0.00468	0.00467	0.5	90957	424	90745	2771305	30.47
1970-1979	43	0.00489	0.00488	0.5	90533	442	90312	2680560	29.61
1970-1979	44	0.00549	0.00547	0.5	90091	493	89844	2590248	28.75
1970-1979	45	0.00595	0.00593	0.5	89598	531	89332	2500403	27.91
1970-1979	46	0.00668	0.00666	0.5	89066	593	88770	2411071	27.07
1970-1979	47	0.00718	0.00716	0.5	88474	633	88157	2322301	26.25
1970-1979	48	0.00798	0.00795	0.5	87841	698	87491	2234144	25.43
1970-1979	49	0.00883	0.00880	0.5	87142	766	86759	2146653	24.63
1970-1979	50	0.00970	0.00965	0.5	86376	833	85959	2059894	23.85
1970-1979	51	0.01032	0.01026	0.5	85542	878	85103	1973935	23.08
1970-1979	52	0.01130	0.01124	0.5	84664	952	84189	1888831	22.31
1970-1979	53	0.01217	0.01210	0.5	83713	1013	83207	1804643	21.56
1970-1979	54	0.01328	0.01319	0.5	82700	1091	82155	1721436	20.82
1970-1979	55	0.01454	0.01444	0.5	81609	1178	81020	1639281	20.09
1970-1979	56	0.01553	0.01541	0.5	80431	1239	79811	1558261	19.37
1970-1979	57	0.01698	0.01683	0.5	79192	1333	78525	1478450	18.67
1970-1979	58	0.01847	0.01830	0.5	77859	1425	77146	1399925	17.98
1970-1979	59	0.01998	0.01979	0.5	76434	1512	75678	1322778	17.31
1970-1979	60	0.02177	0.02154	0.5	74922	1614	74115	1247101	16.65
1970-1979	61	0.02345	0.02318	0.5	73308	1699	72458	1172986	16.00
1970-1979	62	0.02619	0.02585	0.5	71609	1851	70683	1100528	15.37
1970-1979	63	0.02832	0.02792	0.5	69758	1948	68784	1029845	14.76
1970-1979	64	0.03028	0.02983	0.5	67810	2023	66799	961061	14.17
1970-1979	65	0.03239	0.03187	0.5	65787	2097	64739	894262	13.59
1970-1979	66	0.03439	0.03381	0.5	63690	2153	62614	829524	13.02
1970-1979	67	0.03717	0.03649	0.5	61537	2246	60414	766910	12.46
1970-1979	68	0.04046	0.03966	0.5	59292	2351	58116	706495	11.92
1970-1979	69	0.04342	0.04250	0.5	56940	2420	55731	648379	11.39
1970-1979	70	0.04755	0.04645	0.5	54521	2532	53254	592649	10.87
1970-1979	71	0.05002	0.04880	0.5	51988	2537	50720	539394	10.38
1970-1979	72	0.05528	0.05379	0.5	49451	2660	48121	488675	9.88
1970-1979	73	0.05811	0.05647	0.5	46791	2642	45470	440553	9.42
1970-1979	74	0.06400	0.06202	0.5	44149	2738	42780	395083	8.95
1970-1979	75	0.06995	0.06759	0.5	41411	2799	40012	352303	8.51
1970-1979	76	0.07371	0.07109	0.5	38612	2745	37240	312292	8.09
1970-1979	77	0.08008	0.07700	0.5	35867	2762	34486	275052	7.67
1970-1979	78	0.08680	0.08319	0.5	33105	2754	31729	240566	7.27
1970-1979	79	0.09362	0.08943	0.5	30352	2714	28994	208837	6.88
1970-1979	80	0.10329	0.09822	0.5	27637	2715	26280	179843	6.51
1970-1979	81	0.11094	0.10511	0.5	24923	2620	23613	153563	6.16
1970-1979	82	0.12072	0.11385	0.5	22303	2539	21033	129950	5.83
1970-1979	83	0.13188	0.12372	0.5	19764	2445	18541	108917	5.51
1970-1979	84	0.14354	0.13393	0.5	17319	2319	16159	90375	5.22
1970-1979	85	0.15251	0.14171	0.5	14999	2125	13936	74217	4.95
1970-1979	86	0.16775	0.15477	0.5	12874	1992	11877	60280	4.68
1970-1979	87	0.17743	0.16298	0.5	10881	1773	9994	48403	4.45
1970-1979	88	0.18858	0.17233	0.5	9108	1570	8323	38408	4.22
1970-1979	89	0.20533	0.18621	0.5	7538	1404	6836	30085	3.99
1970-1979	90	0.21684	0.19563	0.5	6135	1200	5534	23249	3.79
1970-1979	91	0.23382	0.20935	0.5	4934	1033	4418	17715	3.59
1970-1979	92	0.25391	0.22530	0.5	3901	879	3462	13297	3.41
1970-1979	93	0.26705	0.23560	0.5	3022	712	2666	9835	3.25
1970-1979	94	0.28026	0.24581	0.5	2310	568	2026	7168	3.10
1970-1979	95	0.29792	0.25930	0.5	1742	452	1517	5142	2.95
1970-1979	96	0.31622	0.27305	0.5	1291	352	1114	3626	2.81
1970-1979	97	0.33510	0.28701	0.5	938	269	804	2511	2.68
1970-1979	98	0.35452	0.30114	0.5	669	201	568	1708	2.55
1970-1979	99	0.37444	0.31539	0.5	467	147	394	1139	2.44
1970-1979	100	0.39479	0.32970	0.5	320	106	267	746	2.33
1970-1979	101	0.41551	0.34403	0.5	215	74	178	478	2.23
1970-1979	102	0.43653	0.35832	0.5	141	50	116	301	2.14
1970-1979	103	0.45779	0.37252	0.5	90	34	73	185	2.05
1970-1979	104	0.47920	0.38657	0.5	57	22	46	112	1.97
1970-1979	105	0.50068	0.40044	0.5	35	14	28	66	1.90
1970-1979	106	0.52217	0.41406	0.5	21	9	17	38	1.83
1970-1979	107	0.54357	0.42741	0.5	12	5	10	22	1.77
1970-1979	108	0.56481	0.44043	0.5	7	3	5	12	1.72
1970-1979	109	0.58582	0.45310	0.5	4	2	3	7	1.68
1970-1979	110+	0.60652	1.00000	1.65	2	2	4	4	1.65
1980-1989	0	0.01225	0.01211	0.08	100000	1211	98883	7027702	70.28
1980-1989	1	0.00104	0.00104	0.5	98789	103	98738	6928819	70.14
1980-1989	2	0.00072	0.00072	0.5	98686	71	98651	6830081	69.21
1980-1989	3	0.00056	0.00056	0.5	98615	55	98587	6731431	68.26
1980-1989	4	0.00047	0.00047	0.5	98560	46	98537	6632843	67.30
1980-1989	5	0.00037	0.00037	0.5	98514	36	98496	6534307	66.33
1980-1989	6	0.00036	0.00036	0.5	98477	35	98460	6435811	65.35
1980-1989	7	0.00034	0.00034	0.5	98442	34	98426	6337351	64.38
1980-1989	8	0.00033	0.00033	0.5	98409	33	98392	6238926	63.40
1980-1989	9	0.00031	0.00031	0.5	98376	30	98361	6140533	62.42
1980-1989	10	0.00032	0.00032	0.5	98346	31	98330	6042172	61.44
1980-1989	11	0.00034	0.00034	0.5	98315	34	98298	5943842	60.46
1980-1989	12	0.00038	0.00038	0.5	98281	37	98262	5845545	59.48
1980-1989	13	0.00045	0.00045	0.5	98244	44	98222	5747283	58.50
1980-1989	14	0.00056	0.00056	0.5	98200	55	98172	5649061	57.53
1980-1989	15	0.00075	0.00075	0.5	98145	74	98108	5550888	56.56
1980-1989	16	0.00112	0.00111	0.5	98071	109	98016	5452780	55.60
1980-1989	17	0.00145	0.00145	0.5	97962	142	97891	5354764	54.66
1980-1989	18	0.00193	0.00193	0.5	97819	188	97725	5256874	53.74
1980-1989	19	0.00196	0.00196	0.5	97631	191	97535	5159148	52.84
1980-1989	20	0.00204	0.00203	0.5	97440	198	97341	5061613	51.95
1980-1989	21	0.00214	0.00214	0.5	97242	208	97138	4964272	51.05
1980-1989	22	0.00214	0.00214	0.5	97034	207	96930	4867134	50.16
1980-1989	23	0.00215	0.00214	0.5	96826	208	96722	4770205	49.27
1980-1989	24	0.00212	0.00212	0.5	96618	204	96516	4673482	48.37
1980-1989	25	0.00211	0.00211	0.5	96414	203	96312	4576966	47.47
1980-1989	26	0.00210	0.00210	0.5	96211	202	96110	4480654	46.57
1980-1989	27	0.00210	0.00210	0.5	96009	202	95908	4384544	45.67
1980-1989	28	0.00220	0.00220	0.5	95808	211	95702	4288635	44.76
1980-1989	29	0.00205	0.00204	0.5	95597	195	95499	4192933	43.86
1980-1989	30	0.00218	0.00218	0.5	95402	208	95298	4097434	42.95
1980-1989	31	0.00218	0.00218	0.5	95194	208	95090	4002136	42.04
1980-1989	32	0.00227	0.00227	0.5	94986	216	94879	3907046	41.13
1980-1989	33	0.00237	0.00237	0.5	94771	224	94659	3812167	40.23
1980-1989	34	0.00233	0.00232	0.5	94546	220	94436	3717509	39.32
1980-1989	35	0.00245	0.00244	0.5	94327	230	94211	3623072	38.41
1980-1989	36	0.00250	0.00250	0.5	94096	235	93979	3528861	37.50
1980-1989	37	0.00262	0.00262	0.5	93861	245	93739	3434882	36.60
1980-1989	38	0.00288	0.00287	0.5	93616	269	93481	3341143	35.69
1980-1989	39	0.00291	0.00290	0.5	93347	271	93211	3247662	34.79
1980-1989	40	0.00311	0.00311	0.5	93076	289	92931	3154451	33.89
1980-1989	41	0.00330	0.00329	0.5	92786	305	92634	3061520	33.00
1980-1989	42	0.00367	0.00366	0.5	92481	339	92312	2968886	32.10
1980-1989	43	0.00403	0.00402	0.5	92142	371	91957	2876574	31.22
1980-1989	44	0.00425	0.00425	0.5	91772	390	91577	2784617	30.34
1980-1989	45	0.00470	0.00469	0.5	91382	428	91168	2693040	29.47
1980-1989	46	0.00504	0.00503	0.5	90954	458	90725	2601872	28.61
1980-1989	47	0.00541	0.00540	0.5	90496	488	90252	2511147	27.75
1980-1989	48	0.00620	0.00618	0.5	90008	556	89730	2420895	26.90
1980-1989	49	0.00647	0.00645	0.5	89452	577	89163	2331165	26.06
1980-1989	50	0.00733	0.00731	0.5	88875	649	88550	2242002	25.23
1980-1989	51	0.00811	0.00807	0.5	88225	712	87869	2153452	24.41
1980-1989	52	0.00910	0.00906	0.5	87513	793	87116	2065583	23.60
1980-1989	53	0.00983	0.00978	0.5	86720	848	86296	1978467	22.81
1980-1989	54	0.01054	0.01048	0.5	85872	900	85422	1892171	22.03
1980-1989	55	0.01179	0.01172	0.5	84971	996	84474	1806750	21.26
1980-1989	56	0.01282	0.01274	0.5	83976	1070	83441	1722276	20.51
1980-1989	57	0.01378	0.01368	0.5	82906	1134	82339	1638835	19.77
1980-1989	58	0.01600	0.01587	0.5	81772	1298	81123	1556496	19.03
1980-1989	59	0.01665	0.01652	0.5	80474	1329	79809	1475373	18.33
1980-1989	60	0.01839	0.01822	0.5	79145	1442	78424	1395564	17.63
1980-1989	61	0.01961	0.01942	0.5	77703	1509	76948	1317141	16.95
1980-1989	62	0.02169	0.02145	0.5	76193	1635	75376	1240193	16.28
1980-1989	63	0.02305	0.02279	0.5	74559	1699	73709	1164817	15.62
1980-1989	64	0.02499	0.02468	0.5	72860	1798	71961	1091107	14.98
1980-1989	65	0.02825	0.02786	0.5	71062	1980	70072	1019146	14.34
1980-1989	66	0.02996	0.02951	0.5	69082	2039	68063	949074	13.74
1980-1989	67	0.03200	0.03149	0.5	67043	2111	65988	881012	13.14
1980-1989	68	0.03565	0.03503	0.5	64932	2274	63795	815024	12.55
1980-1989	69	0.03815	0.03743	0.5	62658	2345	61485	751229	11.99
1980-1989	70	0.04174	0.04088	0.5	60312	2466	59079	689744	11.44
1980-1989	71	0.04519	0.04419	0.5	57846	2556	56568	630665	10.90
1980-1989	72	0.04990	0.04869	0.5	55290	2692	53944	574097	10.38
1980-1989	73	0.05440	0.05296	0.5	52598	2785	51205	520153	9.89
1980-1989	74	0.05735	0.05575	0.5	49813	2777	48424	468947	9.41
1980-1989	75	0.06221	0.06033	0.5	47035	2838	45617	420523	8.94
1980-1989	76	0.06784	0.06561	0.5	44198	2900	42748	374907	8.48
1980-1989	77	0.07286	0.07030	0.5	41298	2903	39846	332159	8.04
1980-1989	78	0.07931	0.07628	0.5	38395	2929	36930	292313	7.61
1980-1989	79	0.08486	0.08141	0.5	35466	2887	34022	255383	7.20
1980-1989	80	0.09551	0.09115	0.5	32579	2970	31094	221361	6.79
1980-1989	81	0.10382	0.09870	0.5	29609	2922	28148	190267	6.43
1980-1989	82	0.11265	0.10664	0.5	26687	2846	25264	162119	6.07
1980-1989	83	0.12388	0.11665	0.5	23841	2781	22450	136856	5.74
1980-1989	84	0.13190	0.12374	0.5	21060	2606	19757	114405	5.43
1980-1989	85	0.14412	0.13443	0.5	18454	2481	17213	94649	5.13
1980-1989	86	0.15515	0.14398	0.5	15973	2300	14823	77435	4.85
1980-1989	87	0.16967	0.15640	0.5	13673	2139	12604	62612	4.58
1980-1989	88	0.18193	0.16676	0.5	11535	1924	10573	50009	4.34
1980-1989	89	0.19342	0.17637	0.5	9611	1695	8764	39436	4.10
1980-1989	90	0.20774	0.18819	0.5	7916	1490	7171	30672	3.87
1980-1989	91	0.22420	0.20160	0.5	6426	1296	5779	23501	3.66
1980-1989	92	0.24399	0.21746	0.5	5131	1116	4573	17723	3.45
1980-1989	93	0.26376	0.23303	0.5	4015	936	3547	13150	3.28
1980-1989	94	0.27625	0.24272	0.5	3079	747	2706	9603	3.12
1980-1989	95	0.29489	0.25699	0.5	2332	599	2032	6897	2.96
1980-1989	96	0.31423	0.27157	0.5	1733	471	1497	4865	2.81
1980-1989	97	0.33425	0.28639	0.5	1262	361	1081	3367	2.67
1980-1989	98	0.35488	0.30140	0.5	901	271	765	2286	2.54
1980-1989	99	0.37607	0.31654	0.5	629	199	530	1521	2.42
1980-1989	100	0.39774	0.33176	0.5	430	143	359	991	2.30
1980-1989	101	0.41981	0.34698	0.5	287	100	238	633	2.20
1980-1989	102	0.44222	0.36214	0.5	188	68	154	395	2.10
1980-1989	103	0.46486	0.37719	0.5	120	45	97	241	2.02
1980-1989	104	0.48765	0.39205	0.5	75	29	60	144	1.93
1980-1989	105	0.51049	0.40668	0.5	45	18	36	84	1.86
1980-1989	106	0.53328	0.42102	0.5	27	11	21	48	1.79
1980-1989	107	0.55594	0.43502	0.5	16	7	12	27	1.73
1980-1989	108	0.57837	0.44863	0.5	9	4	7	15	1.68
1980-1989	109	0.60047	0.46182	0.5	5	2	4	8	1.63
1980-1989	110+	0.62218	1.00000	1.61	3	3	4	4	1.61
1990-1999	0	0.00890	0.00883	0.07	100000	883	99178	7186157	71.86
1990-1999	1	0.00077	0.00077	0.5	99117	76	99079	7086979	71.50
1990-1999	2	0.00054	0.00054	0.5	99041	54	99014	6987900	70.56
1990-1999	3	0.00043	0.00043	0.5	98987	43	98965	6888886	69.59
1990-1999	4	0.00031	0.00031	0.5	98944	31	98928	6789921	68.62
1990-1999	5	0.00030	0.00030	0.5	98913	29	98898	6690993	67.65
1990-1999	6	0.00026	0.00026	0.5	98883	26	98870	6592095	66.67
1990-1999	7	0.00025	0.00025	0.5	98857	24	98845	6493224	65.68
1990-1999	8	0.00025	0.00025	0.5	98833	25	98821	6394379	64.70
1990-1999	9	0.00024	0.00024	0.5	98808	24	98796	6295559	63.71
1990-1999	10	0.00022	0.00022	0.5	98785	22	98774	6196762	62.73
1990-1999	11	0.00023	0.00023	0.5	98763	23	98751	6097989	61.74
1990-1999	12	0.00029	0.00029	0.5	98740	28	98725	5999238	60.76
1990-1999	13	0.00040	0.00040	0.5	98711	39	98692	5900512	59.78
1990-1999	14	0.00054	0.00054	0.5	98672	54	98645	5801820	58.80
1990-1999	15	0.00075	0.00075	0.5	98619	74	98581	5703175	57.83
1990-1999	16	0.00108	0.00108	0.5	98544	106	98491	5604594	56.87
1990-1999	17	0.00139	0.00139	0.5	98438	137	98369	5506103	55.93
1990-1999	18	0.00170	0.00170	0.5	98301	167	98217	5407734	55.01
1990-1999	19	0.00178	0.00178	0.5	98134	175	98047	5309516	54.10
1990-1999	20	0.00176	0.00176	0.5	97959	172	97873	5211470	53.20
1990-1999	21	0.00189	0.00189	0.5	97787	185	97694	5113597	52.29
1990-1999	22	0.00181	0.00181	0.5	97602	177	97513	5015902	51.39
1990-1999	23	0.00177	0.00176	0.5	97425	172	97339	4918389	50.48
1990-1999	24	0.00169	0.00169	0.5	97253	165	97171	4821050	49.57
1990-1999	25	0.00173	0.00173	0.5	97089	168	97004	4723879	48.66
1990-1999	26	0.00177	0.00177	0.5	96920	171	96835	4626874	47.74
1990-1999	27	0.00186	0.00186	0.5	96749	180	96659	4530040	46.82
1990-1999	28	0.00193	0.00193	0.5	96569	186	96476	4433380	45.91
1990-1999	29	0.00197	0.00197	0.5	96383	190	96288	4336905	45.00
1990-1999	30	0.00206	0.00206	0.5	96193	198	96094	4240617	44.08
1990-1999	31	0.00215	0.00215	0.5	95995	207	95891	4144523	43.17
1990-1999	32	0.00222	0.00222	0.5	95788	213	95682	4048632	42.27
1990-1999	33	0.00236	0.00236	0.5	95575	225	95463	3952950	41.36
1990-1999	34	0.00237	0.00237	0.5	95350	226	95238	3857487	40.46
1990-1999	35	0.00248	0.00247	0.5	95125	235	95007	3762249	39.55
1990-1999	36	0.00269	0.00269	0.5	94889	255	94762	3667242	38.65
1990-1999	37	0.00275	0.00275	0.5	94634	260	94504	3572480	37.75
1990-1999	38	0.00301	0.00301	0.5	94374	284	94232	3477976	36.85
1990-1999	39	0.00304	0.00304	0.5	94090	286	93947	3383744	35.96
1990-1999	40	0.00314	0.00313	0.5	93804	294	93657	3289797	35.07
1990-1999	41	0.00344	0.00343	0.5	93511	321	93350	3196139	34.18
1990-1999	42	0.00360	0.00359	0.5	93189	335	93022	3102789	33.30
1990-1999	43	0.00393	0.00392	0.5	92854	364	92672	3009767	32.41
1990-1999	44	0.00401	0.00400	0.5	92491	370	92306	2917095	31.54
1990-1999	45	0.00428	0.00427	0.5	92121	393	91924	2824789	30.66
1990-1999	46	0.00481	0.00480	0.5	91728	440	91508	2732865	29.79
1990-1999	47	0.00506	0.00505	0.5	91288	461	91057	2641357	28.93
1990-1999	48	0.00564	0.00562	0.5	90827	511	90572	2550300	28.08
1990-1999	49	0.00579	0.00577	0.5	90316	521	90056	2459729	27.23
1990-1999	50	0.00630	0.00628	0.5	89795	564	89513	2369673	26.39
1990-1999	51	0.00702	0.00700	0.5	89231	624	88919	2280160	25.55
1990-1999	52	0.00764	0.00761	0.5	88607	674	88270	2191240	24.73
1990-1999	53	0.00833	0.00830	0.5	87933	730	87568	2102970	23.92
1990-1999	54	0.00894	0.00891	0.5	87203	777	86815	2015402	23.11
1990-1999	55	0.01008	0.01003	0.5	86427	867	85994	1928587	22.31
1990-1999	56	0.01102	0.01095	0.5	85560	937	85092	1842593	21.54
1990-1999	57	0.01198	0.01191	0.5	84623	1008	84119	1757502	20.77
1990-1999	58	0.01349	0.01340	0.5	83615	1120	83055	1673382	20.01
1990-1999	59	0.01402	0.01392	0.5	82495	1149	81921	1590327	19.28
1990-1999	60	0.01571	0.01559	0.5	81347	1268	80712	1508406	18.54
1990-1999	61	0.01759	0.01743	0.5	80078	1396	79380	1427694	17.83
1990-1999	62	0.01916	0.01898	0.5	78682	1493	77936	1348313	17.14
1990-1999	63	0.02058	0.02037	0.5	77189	1572	76403	1270378	16.46
1990-1999	64	0.02239	0.02214	0.5	75617	1674	74780	1193975	15.79
1990-1999	65	0.02407	0.02378	0.5	73942	1758	73063	1119195	15.14
1990-1999	66	0.02618	0.02584	0.5	72184	1865	71251	1046132	14.49
1990-1999	67	0.02790	0.02752	0.5	70319	1935	69351	974881	13.86
1990-1999	68	0.03064	0.03018	0.5	68384	2064	67352	905530	13.24
1990-1999	69	0.03351	0.03295	0.5	66320	2185	65227	838178	12.64
1990-1999	70	0.03582	0.03519	0.5	64135	2257	63006	772950	12.05
1990-1999	71	0.03993	0.03915	0.5	61878	2422	60667	709944	11.47
1990-1999	72	0.04379	0.04285	0.5	59456	2548	58182	649277	10.92
1990-1999	73	0.04738	0.04628	0.5	56908	2634	55591	591096	10.39
1990-1999	74	0.05027	0.04904	0.5	54274	2661	52944	535504	9.87
1990-1999	75	0.05496	0.05349	0.5	51613	2761	50233	482561	9.35
1990-1999	76	0.05911	0.05742	0.5	48852	2805	47450	432328	8.85
1990-1999	77	0.06440	0.06239	0.5	46047	2873	44611	384878	8.36
1990-1999	78	0.07069	0.06828	0.5	43174	2948	41700	340268	7.88
1990-1999	79	0.07769	0.07479	0.5	40226	3008	38722	298567	7.42
1990-1999	80	0.08852	0.08477	0.5	37218	3155	35641	259845	6.98
1990-1999	81	0.09582	0.09144	0.5	34063	3115	32506	224204	6.58
1990-1999	82	0.10551	0.10023	0.5	30948	3102	29397	191699	6.19
1990-1999	83	0.11596	0.10961	0.5	27847	3052	26321	162301	5.83
1990-1999	84	0.12741	0.11978	0.5	24794	2970	23309	135981	5.48
1990-1999	85	0.14034	0.13114	0.5	21824	2862	20393	112671	5.16
1990-1999	86	0.14949	0.13909	0.5	18962	2637	17644	92278	4.87
1990-1999	87	0.16314	0.15083	0.5	16325	2462	15094	74634	4.57
1990-1999	88	0.17709	0.16268	0.5	13863	2255	12735	59540	4.30
1990-1999	89	0.19449	0.17725	0.5	11607	2057	10579	46805	4.03
1990-1999	90	0.21075	0.19066	0.5	9550	1821	8640	36227	3.79
1990-1999	91	0.22309	0.20071	0.5	7729	1551	6954	27587	3.57
1990-1999	92	0.25078	0.22284	0.5	6178	1377	5490	20634	3.34
1990-1999	93	0.26869	0.23687	0.5	4801	1137	4233	15144	3.15
1990-1999	94	0.28783	0.25162	0.5	3664	922	3203	10911	2.98
1990-1999	95	0.30928	0.26786	0.5	2742	734	2375	7708	2.81
1990-1999	96	0.33159	0.28443	0.5	2008	571	1722	5334	2.66
1990-1999	97	0.35468	0.30126	0.5	1437	433	1220	3612	2.51
1990-1999	98	0.37847	0.31824	0.5	1004	319	844	2391	2.38
1990-1999	99	0.40285	0.33531	0.5	684	229	570	1547	2.26
1990-1999	100	0.42773	0.35237	0.5	455	160	375	978	2.15
1990-1999	101	0.45298	0.36933	0.5	295	109	240	603	2.05
1990-1999	102	0.47847	0.38610	0.5	186	72	150	363	1.95
1990-1999	103	0.50408	0.40260	0.5	114	46	91	213	1.87
1990-1999	104	0.52966	0.41876	0.5	68	29	54	122	1.79
1990-1999	105	0.55509	0.43450	0.5	40	17	31	68	1.72
1990-1999	106	0.58023	0.44975	0.5	22	10	17	37	1.65
1990-1999	107	0.60497	0.46447	0.5	12	6	9	20	1.60
1990-1999	108	0.62917	0.47861	0.5	7	3	5	10	1.55
1990-1999	109	0.65275	0.49213	0.5	3	2	3	5	1.51
1990-1999	110+	0.67560	1.00000	1.48	2	2	3	3	1.48
2000-2009	0	0.00789	0.00783	0.07	100000	783	99269	7377405	73.77
2000-2009	1	0.00062	0.00062	0.5	99217	62	99186	7278136	73.36
2000-2009	2	0.00043	0.00043	0.5	99155	43	99134	7178950	72.40
2000-2009	3	0.00031	0.00031	0.5	99113	31	99097	7079816	71.43
2000-2009	4	0.00027	0.00027	0.5	99082	26	99068	6980719	70.45
2000-2009	5	0.00022	0.00021	0.5	99055	21	99045	6881650	69.47
2000-2009	6	0.00020	0.00020	0.5	99034	19	99024	6782606	68.49
2000-2009	7	0.00019	0.00019	0.5	99015	19	99005	6683581	67.50
2000-2009	8	0.00017	0.00017	0.5	98996	17	98987	6584576	66.51
2000-2009	9	0.00016	0.00016	0.5	98979	16	98971	6485589	65.52
2000-2009	10	0.00018	0.00018	0.5	98963	18	98954	6386618	64.54
2000-2009	11	0.00019	0.00019	0.5	98945	19	98936	6287664	63.55
2000-2009	12	0.00022	0.00022	0.5	98926	22	98915	6188729	62.56
2000-2009	13	0.00029	0.00029	0.5	98904	29	98890	6089813	61.57
2000-2009	14	0.00036	0.00036	0.5	98876	35	98858	5990923	60.59
2000-2009	15	0.00049	0.00049	0.5	98840	48	98816	5892065	59.61
2000-2009	16	0.00072	0.00072	0.5	98792	71	98756	5793249	58.64
2000-2009	17	0.00096	0.00096	0.5	98720	95	98673	5694493	57.68
2000-2009	18	0.00133	0.00133	0.5	98625	131	98560	5595820	56.74
2000-2009	19	0.00150	0.00149	0.5	98495	147	98421	5497260	55.81
2000-2009	20	0.00156	0.00156	0.5	98347	153	98271	5398839	54.90
2000-2009	21	0.00161	0.00161	0.5	98194	158	98115	5300568	53.98
2000-2009	22	0.00160	0.00160	0.5	98037	157	97958	5202453	53.07
2000-2009	23	0.00157	0.00157	0.5	97880	154	97803	5104495	52.15
2000-2009	24	0.00158	0.00158	0.5	97726	155	97648	5006692	51.23
2000-2009	25	0.00159	0.00159	0.5	97571	155	97493	4909044	50.31
2000-2009	26	0.00161	0.00161	0.5	97416	157	97337	4811550	49.39
2000-2009	27	0.00158	0.00157	0.5	97259	153	97182	4714213	48.47
2000-2009	28	0.00157	0.00157	0.5	97106	153	97029	4617031	47.55
2000-2009	29	0.00164	0.00164	0.5	96953	159	96873	4520001	46.62
2000-2009	30	0.00161	0.00161	0.5	96794	156	96716	4423128	45.70
2000-2009	31	0.00171	0.00171	0.5	96638	165	96555	4326412	44.77
2000-2009	32	0.00168	0.00167	0.5	96473	162	96392	4229857	43.85
2000-2009	33	0.00176	0.00176	0.5	96311	169	96227	4133465	42.92
2000-2009	34	0.00180	0.00180	0.5	96142	173	96055	4037238	41.99
2000-2009	35	0.00198	0.00198	0.5	95969	190	95874	3941182	41.07
2000-2009	36	0.00206	0.00206	0.5	95779	197	95680	3845308	40.15
2000-2009	37	0.00223	0.00223	0.5	95582	213	95475	3749628	39.23
2000-2009	38	0.00235	0.00235	0.5	95369	224	95257	3654153	38.32
2000-2009	39	0.00254	0.00254	0.5	95145	242	95024	3558896	37.40
2000-2009	40	0.00276	0.00276	0.5	94903	262	94772	3463872	36.50
2000-2009	41	0.00302	0.00301	0.5	94641	285	94499	3369100	35.60
2000-2009	42	0.00322	0.00322	0.5	94356	304	94204	3274601	34.70
2000-2009	43	0.00354	0.00354	0.5	94052	333	93886	3180396	33.82
2000-2009	44	0.00396	0.00395	0.5	93720	370	93535	3086510	32.93
2000-2009	45	0.00421	0.00420	0.5	93350	392	93153	2992975	32.06
2000-2009	46	0.00450	0.00449	0.5	92957	418	92748	2899822	31.20
2000-2009	47	0.00488	0.00486	0.5	92539	450	92314	2807074	30.33
2000-2009	48	0.00530	0.00528	0.5	92089	487	91846	2714759	29.48
2000-2009	49	0.00583	0.00582	0.5	91603	533	91336	2622913	28.63
2000-2009	50	0.00632	0.00630	0.5	91070	574	90783	2531577	27.80
2000-2009	51	0.00676	0.00674	0.5	90496	610	90191	2440793	26.97
2000-2009	52	0.00735	0.00733	0.5	89886	659	89557	2350602	26.15
2000-2009	53	0.00791	0.00788	0.5	89228	703	88876	2261045	25.34
2000-2009	54	0.00837	0.00833	0.5	88525	737	88156	2172169	24.54
2000-2009	55	0.00908	0.00904	0.5	87788	794	87391	2084013	23.74
2000-2009	56	0.00974	0.00969	0.5	86994	843	86572	1996622	22.95
2000-2009	57	0.01055	0.01049	0.5	86150	904	85699	1910050	22.17
2000-2009	58	0.01141	0.01134	0.5	85247	967	84763	1824351	21.40
2000-2009	59	0.01235	0.01227	0.5	84280	1034	83762	1739588	20.64
2000-2009	60	0.01339	0.01330	0.5	83245	1107	82692	1655826	19.89
2000-2009	61	0.01424	0.01414	0.5	82138	1161	81558	1573134	19.15
2000-2009	62	0.01584	0.01572	0.5	80977	1273	80341	1491576	18.42
2000-2009	63	0.01685	0.01671	0.5	79704	1332	79038	1411236	17.71
2000-2009	64	0.01830	0.01813	0.5	78373	1421	77662	1332197	17.00
2000-2009	65	0.01972	0.01952	0.5	76951	1502	76200	1254535	16.30
2000-2009	66	0.02134	0.02111	0.5	75449	1593	74653	1178335	15.62
2000-2009	67	0.02297	0.02271	0.5	73856	1677	73018	1103682	14.94
2000-2009	68	0.02461	0.02431	0.5	72179	1754	71302	1030664	14.28
2000-2009	69	0.02689	0.02654	0.5	70425	1869	69490	959362	13.62
2000-2009	70	0.02976	0.02932	0.5	68556	2010	67551	889872	12.98
2000-2009	71	0.03222	0.03171	0.5	66546	2110	65490	822321	12.36
2000-2009	72	0.03542	0.03481	0.5	64435	2243	63314	756831	11.75
2000-2009	73	0.03851	0.03779	0.5	62192	2350	61017	693517	11.15
2000-2009	74	0.04167	0.04082	0.5	59843	2443	58621	632500	10.57
2000-2009	75	0.04621	0.04517	0.5	57400	2593	56103	573879	10.00
2000-2009	76	0.05001	0.04879	0.5	54807	2674	53470	517775	9.45
2000-2009	77	0.05499	0.05352	0.5	52133	2790	50738	464305	8.91
2000-2009	78	0.06058	0.05880	0.5	49343	2901	47893	413567	8.38
2000-2009	79	0.06600	0.06389	0.5	46442	2967	44958	365674	7.87
2000-2009	80	0.07647	0.07366	0.5	43475	3202	41873	320716	7.38
2000-2009	81	0.08392	0.08054	0.5	40272	3244	38651	278842	6.92
2000-2009	82	0.09179	0.08776	0.5	37029	3250	35404	240192	6.49
2000-2009	83	0.10247	0.09747	0.5	33779	3293	32133	204788	6.06
2000-2009	84	0.11323	0.10716	0.5	30487	3267	28853	172655	5.66
2000-2009	85	0.12598	0.11852	0.5	27220	3226	25607	143802	5.28
2000-2009	86	0.13838	0.12943	0.5	23994	3105	22441	118195	4.93
2000-2009	87	0.15401	0.14300	0.5	20888	2987	19395	95754	4.58
2000-2009	88	0.17157	0.15802	0.5	17901	2829	16487	76360	4.27
2000-2009	89	0.18861	0.17236	0.5	15073	2598	13774	59873	3.97
2000-2009	90	0.20891	0.18915	0.5	12475	2360	11295	46099	3.70
2000-2009	91	0.23306	0.20873	0.5	10115	2111	9059	34804	3.44
2000-2009	92	0.25512	0.22626	0.5	8004	1811	7098	25745	3.22
2000-2009	93	0.28353	0.24833	0.5	6193	1538	5424	18647	3.01
2000-2009	94	0.29880	0.25996	0.5	4655	1210	4050	13223	2.84
2000-2009	95	0.32435	0.27909	0.5	3445	961	2964	9173	2.66
2000-2009	96	0.35099	0.29859	0.5	2483	742	2113	6209	2.50
2000-2009	97	0.37859	0.31833	0.5	1742	555	1465	4096	2.35
2000-2009	98	0.40700	0.33818	0.5	1187	402	987	2631	2.22
2000-2009	99	0.43605	0.35800	0.5	786	281	645	1645	2.09
2000-2009	100	0.46554	0.37764	0.5	505	191	409	1000	1.98
2000-2009	101	0.49528	0.39697	0.5	314	125	252	590	1.88
2000-2009	102	0.52505	0.41587	0.5	189	79	150	339	1.79
2000-2009	103	0.55464	0.43422	0.5	111	48	87	189	1.71
2000-2009	104	0.58385	0.45192	0.5	63	28	48	102	1.63
2000-2009	105	0.61249	0.46889	0.5	34	16	26	54	1.57
2000-2009	106	0.64036	0.48506	0.5	18	9	14	27	1.51
2000-2009	107	0.66732	0.50037	0.5	9	5	7	14	1.45
2000-2009	108	0.69323	0.51479	0.5	5	2	3	7	1.41
2000-2009	109	0.71797	0.52831	0.5	2	1	2	3	1.37
2000-2009	110+	0.74146	1.00000	1.35	1	1	1	1	1.35
2010-2019	0	0.00685	0.00681	0.06	100000	681	99362	7513620	75.14
2010-2019	1	0.00052	0.00052	0.5	99319	52	99293	7414258	74.65
2010-2019	2	0.00034	0.00034	0.5	99267	34	99250	7314965	73.69
2010-2019	3	0.00028	0.00028	0.5	99233	27	99219	7215715	72.72
2010-2019	4	0.00021	0.00021	0.5	99205	21	99195	7116496	71.74
2010-2019	5	0.00018	0.00018	0.5	99184	18	99175	7017302	70.75
2010-2019	6	0.00015	0.00015	0.5	99166	15	99159	6918126	69.76
2010-2019	7	0.00015	0.00015	0.5	99151	14	99144	6818967	68.77
2010-2019	8	0.00016	0.00016	0.5	99137	15	99129	6719823	67.78
2010-2019	9	0.00013	0.00013	0.5	99121	12	99115	6620694	66.79
2010-2019	10	0.00013	0.00013	0.5	99109	13	99102	6521579	65.80
2010-2019	11	0.00016	0.00016	0.5	99096	16	99088	6422477	64.81
2010-2019	12	0.00018	0.00018	0.5	99080	18	99071	6323389	63.82
2010-2019	13	0.00022	0.00022	0.5	99062	21	99051	6224318	62.83
2010-2019	14	0.00029	0.00029	0.5	99040	28	99026	6125267	61.85
2010-2019	15	0.00038	0.00038	0.5	99012	38	98993	6026241	60.86
2010-2019	16	0.00055	0.00055	0.5	98974	54	98947	5927248	59.89
2010-2019	17	0.00071	0.00071	0.5	98920	70	98885	5828301	58.92
2010-2019	18	0.00099	0.00099	0.5	98850	98	98801	5729416	57.96
2010-2019	19	0.00120	0.00120	0.5	98752	118	98693	5630615	57.02
2010-2019	20	0.00125	0.00125	0.5	98634	124	98572	5531922	56.09
2010-2019	21	0.00140	0.00140	0.5	98510	138	98441	5433350	55.16
2010-2019	22	0.00143	0.00143	0.5	98372	141	98302	5334909	54.23
2010-2019	23	0.00139	0.00139	0.5	98232	136	98163	5236607	53.31
2010-2019	24	0.00146	0.00146	0.5	98095	143	98024	5138444	52.38
2010-2019	25	0.00149	0.00149	0.5	97952	146	97879	5040420	51.46
2010-2019	26	0.00145	0.00145	0.5	97807	142	97736	4942540	50.53
2010-2019	27	0.00152	0.00152	0.5	97665	148	97591	4844805	49.61
2010-2019	28	0.00155	0.00155	0.5	97517	151	97441	4747214	48.68
2010-2019	29	0.00162	0.00162	0.5	97365	158	97286	4649773	47.76
2010-2019	30	0.00158	0.00158	0.5	97207	153	97131	4552487	46.83
2010-2019	31	0.00166	0.00165	0.5	97054	160	96974	4455356	45.91
2010-2019	32	0.00175	0.00175	0.5	96893	169	96809	4358383	44.98
2010-2019	33	0.00179	0.00178	0.5	96724	173	96638	4261574	44.06
2010-2019	34	0.00186	0.00186	0.5	96552	179	96462	4164936	43.14
2010-2019	35	0.00187	0.00187	0.5	96372	180	96283	4068474	42.22
2010-2019	36	0.00199	0.00199	0.5	96193	191	96097	3972191	41.29
2010-2019	37	0.00208	0.00207	0.5	96002	199	95902	3876094	40.38
2010-2019	38	0.00221	0.00221	0.5	95803	212	95697	3780192	39.46
2010-2019	39	0.00228	0.00228	0.5	95591	218	95482	3684495	38.54
2010-2019	40	0.00243	0.00243	0.5	95373	231	95258	3589013	37.63
2010-2019	41	0.00257	0.00257	0.5	95142	245	95020	3493756	36.72
2010-2019	42	0.00275	0.00274	0.5	94897	260	94767	3398736	35.81
2010-2019	43	0.00293	0.00293	0.5	94637	277	94498	3303969	34.91
2010-2019	44	0.00314	0.00313	0.5	94360	296	94212	3209471	34.01
2010-2019	45	0.00351	0.00350	0.5	94064	330	93899	3115259	33.12
2010-2019	46	0.00388	0.00387	0.5	93734	363	93553	3021360	32.23
2010-2019	47	0.00424	0.00423	0.5	93371	395	93174	2927807	31.36
2010-2019	48	0.00462	0.00461	0.5	92976	429	92762	2834634	30.49
2010-2019	49	0.00505	0.00503	0.5	92548	466	92315	2741872	29.63
2010-2019	50	0.00561	0.00560	0.5	92082	516	91824	2649557	28.77
2010-2019	51	0.00612	0.00610	0.5	91566	558	91287	2557733	27.93
2010-2019	52	0.00674	0.00672	0.5	91008	611	90702	2466446	27.10
2010-2019	53	0.00741	0.00739	0.5	90397	668	90063	2375743	26.28
2010-2019	54	0.00816	0.00813	0.5	89729	729	89364	2285681	25.47
2010-2019	55	0.00888	0.00884	0.5	88999	786	88606	2196316	24.68
2010-2019	56	0.00970	0.00965	0.5	88213	851	87787	2107710	23.89
2010-2019	57	0.01051	0.01046	0.5	87362	914	86905	2019923	23.12
2010-2019	58	0.01123	0.01117	0.5	86448	966	85965	1933018	22.36
2010-2019	59	0.01232	0.01225	0.5	85482	1047	84959	1847053	21.61
2010-2019	60	0.01302	0.01294	0.5	84435	1092	83889	1762094	20.87
2010-2019	61	0.01402	0.01393	0.5	83343	1161	82763	1678205	20.14
2010-2019	62	0.01498	0.01487	0.5	82182	1222	81571	1595443	19.41
2010-2019	63	0.01627	0.01614	0.5	80960	1306	80307	1513871	18.70
2010-2019	64	0.01728	0.01713	0.5	79654	1365	78971	1433564	18.00
2010-2019	65	0.01811	0.01795	0.5	78289	1405	77586	1354593	17.30
2010-2019	66	0.01922	0.01903	0.5	76884	1463	76152	1277007	16.61
2010-2019	67	0.02072	0.02051	0.5	75420	1547	74647	1200855	15.92
2010-2019	68	0.02242	0.02217	0.5	73874	1638	73055	1126208	15.25
2010-2019	69	0.02385	0.02357	0.5	72236	1702	71385	1053153	14.58
2010-2019	70	0.02597	0.02563	0.5	70533	1808	69629	981768	13.92
2010-2019	71	0.02839	0.02799	0.5	68725	1924	67764	912138	13.27
2010-2019	72	0.03064	0.03017	0.5	66802	2016	65794	844375	12.64
2010-2019	73	0.03323	0.03268	0.5	64786	2117	63728	778581	12.02
2010-2019	74	0.03660	0.03594	0.5	62669	2252	61543	714853	11.41
2010-2019	75	0.03976	0.03899	0.5	60417	2355	59239	653310	10.81
2010-2019	76	0.04340	0.04248	0.5	58061	2466	56828	594071	10.23
2010-2019	77	0.04707	0.04599	0.5	55595	2557	54316	537244	9.66
2010-2019	78	0.05160	0.05030	0.5	53038	2668	51704	482927	9.11
2010-2019	79	0.05689	0.05532	0.5	50370	2786	48977	431223	8.56
2010-2019	80	0.06455	0.06253	0.5	47583	2975	46096	382247	8.03
2010-2019	81	0.07240	0.06987	0.5	44608	3117	43050	336151	7.54
2010-2019	82	0.07918	0.07617	0.5	41491	3160	39911	293101	7.06
2010-2019	83	0.08773	0.08404	0.5	38331	3221	36720	253190	6.61
2010-2019	84	0.09869	0.09405	0.5	35110	3302	33459	216470	6.17
2010-2019	85	0.10870	0.10310	0.5	31808	3279	30168	183011	5.75
2010-2019	86	0.12120	0.11428	0.5	28528	3260	26898	152843	5.36
2010-2019	87	0.13393	0.12553	0.5	25268	3172	23682	125945	4.98
2010-2019	88	0.15053	0.13999	0.5	22096	3093	20550	102263	4.63
2010-2019	89	0.16757	0.15461	0.5	19003	2938	17534	81713	4.30
2010-2019	90	0.18513	0.16944	0.5	16065	2722	14704	64179	3.99
2010-2019	91	0.20701	0.18759	0.5	13343	2503	12091	49475	3.71
2010-2019	92	0.22924	0.20567	0.5	10840	2229	9725	37384	3.45
2010-2019	93	0.25450	0.22577	0.5	8610	1944	7638	27659	3.21
2010-2019	94	0.28265	0.24765	0.5	6666	1651	5841	20020	3.00
2010-2019	95	0.29905	0.26015	0.5	5016	1305	4363	14179	2.83
2010-2019	96	0.32552	0.27996	0.5	3711	1039	3191	9816	2.65
2010-2019	97	0.35315	0.30015	0.5	2672	802	2271	6625	2.48
2010-2019	98	0.38180	0.32060	0.5	1870	599	1570	4354	2.33
2010-2019	99	0.41130	0.34114	0.5	1270	433	1054	2784	2.19
2010-2019	100	0.44145	0.36163	0.5	837	303	686	1730	2.07
2010-2019	101	0.47203	0.38190	0.5	534	204	432	1044	1.95
2010-2019	102	0.50283	0.40181	0.5	330	133	264	612	1.85
2010-2019	103	0.53360	0.42122	0.5	198	83	156	348	1.76
2010-2019	104	0.56412	0.44001	0.5	114	50	89	192	1.68
2010-2019	105	0.59417	0.45808	0.5	64	29	49	103	1.61
2010-2019	106	0.62352	0.47533	0.5	35	16	26	53	1.54
2010-2019	107	0.65199	0.49170	0.5	18	9	14	27	1.48
2010-2019	108	0.67942	0.50714	0.5	9	5	7	13	1.43
2010-2019	109	0.70567	0.52162	0.5	5	2	3	6	1.39
2010-2019	110+	0.73061	1.00000	1.37	2	2	3	3	1.37
2020-2022	0	0.00649	0.00645	0.06	100000	645	99395	7286767	72.87
2020-2022	1	0.00050	0.00050	0.5	99355	50	99330	7187372	72.34
2020-2022	2	0.00035	0.00035	0.5	99305	35	99287	7088043	71.38
2020-2022	3	0.00024	0.00024	0.5	99270	24	99258	6988755	70.40
2020-2022	4	0.00021	0.00021	0.5	99246	20	99236	6889497	69.42
2020-2022	5	0.00019	0.00019	0.5	99225	19	99216	6790262	68.43
2020-2022	6	0.00016	0.00016	0.5	99207	16	99199	6691046	67.45
2020-2022	7	0.00011	0.00011	0.5	99191	11	99185	6591847	66.46
2020-2022	8	0.00014	0.00014	0.5	99180	14	99173	6492661	65.46
2020-2022	9	0.00013	0.00013	0.5	99166	13	99159	6393488	64.47
2020-2022	10	0.00014	0.00014	0.5	99153	14	99146	6294329	63.48
2020-2022	11	0.00018	0.00018	0.5	99139	18	99131	6195183	62.49
2020-2022	12	0.00017	0.00017	0.5	99122	17	99113	6096052	61.50
2020-2022	13	0.00024	0.00024	0.5	99105	24	99093	5996939	60.51
2020-2022	14	0.00036	0.00036	0.5	99081	36	99063	5897846	59.53
2020-2022	15	0.00049	0.00049	0.5	99045	48	99021	5798783	58.55
2020-2022	16	0.00071	0.00071	0.5	98997	70	98962	5699762	57.58
2020-2022	17	0.00096	0.00095	0.5	98927	94	98880	5600800	56.62
2020-2022	18	0.00133	0.00133	0.5	98832	131	98767	5501920	55.67
2020-2022	19	0.00148	0.00148	0.5	98701	146	98628	5403153	54.74
2020-2022	20	0.00154	0.00153	0.5	98555	151	98479	5304525	53.82
2020-2022	21	0.00171	0.00171	0.5	98404	169	98319	5206046	52.91
2020-2022	22	0.00172	0.00171	0.5	98235	168	98151	5107727	51.99
2020-2022	23	0.00174	0.00174	0.5	98067	170	97982	5009576	51.08
2020-2022	24	0.00185	0.00185	0.5	97896	181	97806	4911594	50.17
2020-2022	25	0.00196	0.00196	0.5	97715	191	97619	4813789	49.26
2020-2022	26	0.00192	0.00192	0.5	97524	187	97430	4716169	48.36
2020-2022	27	0.00206	0.00206	0.5	97336	200	97236	4618739	47.45
2020-2022	28	0.00213	0.00213	0.5	97136	207	97033	4521503	46.55
2020-2022	29	0.00234	0.00234	0.5	96930	227	96816	4424470	45.65
2020-2022	30	0.00232	0.00232	0.5	96703	224	96591	4327654	44.75
2020-2022	31	0.00240	0.00239	0.5	96479	231	96363	4231063	43.85
2020-2022	32	0.00252	0.00251	0.5	96248	242	96127	4134700	42.96
2020-2022	33	0.00268	0.00268	0.5	96006	257	95877	4038573	42.07
2020-2022	34	0.00275	0.00275	0.5	95749	263	95617	3942695	41.18
2020-2022	35	0.00289	0.00289	0.5	95486	276	95348	3847078	40.29
2020-2022	36	0.00282	0.00282	0.5	95210	269	95076	3751730	39.40
2020-2022	37	0.00315	0.00315	0.5	94942	299	94792	3656654	38.51
2020-2022	38	0.00313	0.00313	0.5	94642	296	94494	3561862	37.63
2020-2022	39	0.00342	0.00341	0.5	94346	322	94185	3467368	36.75
2020-2022	40	0.00354	0.00353	0.5	94025	332	93859	3373182	35.88
2020-2022	41	0.00388	0.00387	0.5	93693	363	93511	3279323	35.00
2020-2022	42	0.00399	0.00398	0.5	93330	372	93144	3185812	34.13
2020-2022	43	0.00415	0.00414	0.5	92958	385	92766	3092668	33.27
2020-2022	44	0.00437	0.00436	0.5	92574	404	92372	2999902	32.41
2020-2022	45	0.00481	0.00480	0.5	92170	442	91949	2907530	31.55
2020-2022	46	0.00509	0.00508	0.5	91728	466	91495	2815581	30.70
2020-2022	47	0.00536	0.00534	0.5	91262	488	91018	2724086	29.85
2020-2022	48	0.00602	0.00601	0.5	90774	545	90502	2633068	29.01
2020-2022	49	0.00622	0.00620	0.5	90229	559	89950	2542566	28.18
2020-2022	50	0.00687	0.00684	0.5	89670	614	89363	2452617	27.35
2020-2022	51	0.00736	0.00733	0.5	89056	653	88730	2363254	26.54
2020-2022	52	0.00800	0.00797	0.5	88403	704	88051	2274524	25.73
2020-2022	53	0.00856	0.00852	0.5	87699	748	87325	2186473	24.93
2020-2022	54	0.00946	0.00942	0.5	86951	819	86542	2099147	24.14
2020-2022	55	0.01045	0.01040	0.5	86133	895	85685	2012605	23.37
2020-2022	56	0.01114	0.01107	0.5	85237	944	84765	1926920	22.61
2020-2022	57	0.01217	0.01210	0.5	84293	1020	83784	1842155	21.85
2020-2022	58	0.01320	0.01311	0.5	83274	1092	82728	1758371	21.12
2020-2022	59	0.01432	0.01422	0.5	82182	1169	81598	1675643	20.39
2020-2022	60	0.01556	0.01544	0.5	81013	1251	80388	1594046	19.68
2020-2022	61	0.01679	0.01665	0.5	79762	1328	79098	1513658	18.98
2020-2022	62	0.01808	0.01792	0.5	78434	1405	77731	1434560	18.29
2020-2022	63	0.01950	0.01931	0.5	77029	1488	76285	1356829	17.61
2020-2022	64	0.02103	0.02081	0.5	75541	1572	74755	1280544	16.95
2020-2022	65	0.02218	0.02193	0.5	73969	1622	73158	1205788	16.30
2020-2022	66	0.02404	0.02375	0.5	72347	1718	71487	1132631	15.66
2020-2022	67	0.02543	0.02511	0.5	70628	1773	69742	1061143	15.02
2020-2022	68	0.02679	0.02643	0.5	68855	1820	67945	991402	14.40
2020-2022	69	0.02860	0.02820	0.5	67035	1890	66090	923457	13.78
2020-2022	70	0.03105	0.03058	0.5	65144	1992	64148	857367	13.16
2020-2022	71	0.03350	0.03295	0.5	63152	2081	62112	793219	12.56
2020-2022	72	0.03488	0.03429	0.5	61071	2094	60025	731107	11.97
2020-2022	73	0.03793	0.03723	0.5	58978	2196	57880	671082	11.38
2020-2022	74	0.04092	0.04010	0.5	56782	2277	55644	613202	10.80
2020-2022	75	0.04485	0.04386	0.5	54505	2391	53310	557559	10.23
2020-2022	76	0.04934	0.04815	0.5	52115	2509	50860	504249	9.68
2020-2022	77	0.05561	0.05411	0.5	49605	2684	48263	453389	9.14
2020-2022	78	0.06059	0.05881	0.5	46921	2759	45541	405126	8.63
2020-2022	79	0.06581	0.06372	0.5	44162	2814	42755	359585	8.14
2020-2022	80	0.07305	0.07048	0.5	41348	2914	39891	316830	7.66
2020-2022	81	0.07882	0.07583	0.5	38434	2914	36976	276939	7.21
2020-2022	82	0.08654	0.08295	0.5	35519	2946	34046	239963	6.76
2020-2022	83	0.09596	0.09157	0.5	32573	2983	31082	205917	6.32
2020-2022	84	0.10637	0.10100	0.5	29590	2989	28096	174835	5.91
2020-2022	85	0.11820	0.11160	0.5	26602	2969	25117	146739	5.52
2020-2022	86	0.12696	0.11938	0.5	23633	2821	22222	121622	5.15
2020-2022	87	0.14305	0.13350	0.5	20812	2778	19422	99400	4.78
2020-2022	88	0.15734	0.14586	0.5	18033	2630	16718	79977	4.44
2020-2022	89	0.17654	0.16222	0.5	15403	2499	14153	63259	4.11
2020-2022	90	0.19943	0.18135	0.5	12904	2340	11734	49106	3.81
2020-2022	91	0.22225	0.20003	0.5	10564	2113	9507	37372	3.54
2020-2022	92	0.24828	0.22086	0.5	8451	1866	7518	27865	3.30
2020-2022	93	0.27205	0.23947	0.5	6584	1577	5796	20347	3.09
2020-2022	94	0.28926	0.25271	0.5	5008	1265	4375	14551	2.91
2020-2022	95	0.31490	0.27207	0.5	3742	1018	3233	10176	2.72
2020-2022	96	0.34173	0.29186	0.5	2724	795	2327	6943	2.55
2020-2022	97	0.36960	0.31195	0.5	1929	602	1628	4617	2.39
2020-2022	98	0.39837	0.33220	0.5	1327	441	1107	2988	2.25
2020-2022	99	0.42787	0.35246	0.5	886	312	730	1882	2.12
2020-2022	100	0.45788	0.37258	0.5	574	214	467	1152	2.01
2020-2022	101	0.48820	0.39241	0.5	360	141	289	685	1.90
2020-2022	102	0.51861	0.41182	0.5	219	90	174	395	1.81
2020-2022	103	0.54889	0.43069	0.5	129	55	101	221	1.72
2020-2022	104	0.57880	0.44889	0.5	73	33	57	120	1.64
2020-2022	105	0.60815	0.46634	0.5	40	19	31	64	1.57
2020-2022	106	0.63673	0.48297	0.5	22	10	16	33	1.51
2020-2022	107	0.66439	0.49872	0.5	11	6	8	16	1.46
2020-2022	108	0.69095	0.51354	0.5	6	3	4	8	1.41
2020-2022	109	0.71632	0.52742	0.5	3	1	2	4	1.37
2020-2022	110+	0.74038	1.00000	1.35	1	1	2	2	1.35
