Div2: Div2, Lifetables (period 1x10), Females Last modified: February 4 2025, MPv5 (May07) 

Year     	Age	mx	qx	ax	lx	dx	Lx	Tx	ex
1941-1949	0	0.02908	0.02836	0.13	100000	2836	97545	6840424	68.40
1941-1949	1	0.00227	0.00227	0.5	97164	221	97053	6742880	69.40
1941-1949	2	0.00145	0.00145	0.5	96943	141	96872	6645826	68.55
1941-1949	3	0.00111	0.00110	0.5	96802	107	96749	6548954	67.65
1941-1949	4	0.00089	0.00089	0.5	96695	86	96652	6452205	66.73
1941-1949	5	0.00077	0.00077	0.5	96609	74	96572	6355553	65.79
1941-1949	6	0.00069	0.00069	0.5	96534	67	96501	6258982	64.84
1941-1949	7	0.00063	0.00063	0.5	96468	61	96437	6162481	63.88
1941-1949	8	0.00059	0.00059	0.5	96406	57	96378	6066044	62.92
1941-1949	9	0.00055	0.00055	0.5	96350	53	96323	5969666	61.96
1941-1949	10	0.00053	0.00053	0.5	96297	51	96271	5873342	60.99
1941-1949	11	0.00053	0.00053	0.5	96246	51	96220	5777071	60.02
1941-1949	12	0.00055	0.00055	0.5	96194	53	96168	5680851	59.06
1941-1949	13	0.00059	0.00059	0.5	96141	57	96113	5584683	58.09
1941-1949	14	0.00065	0.00064	0.5	96084	62	96053	5488571	57.12
1941-1949	15	0.00071	0.00071	0.5	96022	69	95988	5392517	56.16
1941-1949	16	0.00079	0.00079	0.5	95954	76	95916	5296529	55.20
1941-1949	17	0.00086	0.00086	0.5	95878	83	95837	5200613	54.24
1941-1949	18	0.00095	0.00095	0.5	95796	91	95750	5104776	53.29
1941-1949	19	0.00104	0.00104	0.5	95705	99	95655	5009026	52.34
1941-1949	20	0.00113	0.00113	0.5	95605	108	95551	4913371	51.39
1941-1949	21	0.00122	0.00122	0.5	95497	116	95439	4817820	50.45
1941-1949	22	0.00129	0.00129	0.5	95381	123	95320	4722381	49.51
1941-1949	23	0.00135	0.00135	0.5	95258	128	95194	4627061	48.57
1941-1949	24	0.00140	0.00140	0.5	95130	133	95063	4531867	47.64
1941-1949	25	0.00145	0.00144	0.5	94997	137	94928	4436803	46.70
1941-1949	26	0.00150	0.00150	0.5	94860	142	94789	4341875	45.77
1941-1949	27	0.00155	0.00155	0.5	94718	147	94645	4247086	44.84
1941-1949	28	0.00162	0.00162	0.5	94571	153	94494	4152442	43.91
1941-1949	29	0.00171	0.00170	0.5	94418	161	94337	4057947	42.98
1941-1949	30	0.00180	0.00180	0.5	94257	169	94172	3963610	42.05
1941-1949	31	0.00189	0.00189	0.5	94087	178	93998	3869438	41.13
1941-1949	32	0.00200	0.00200	0.5	93909	188	93815	3775440	40.20
1941-1949	33	0.00213	0.00212	0.5	93722	199	93622	3681625	39.28
1941-1949	34	0.00227	0.00226	0.5	93522	212	93417	3588003	38.37
1941-1949	35	0.00244	0.00244	0.5	93311	228	93197	3494586	37.45
1941-1949	36	0.00263	0.00262	0.5	93083	244	92961	3401389	36.54
1941-1949	37	0.00282	0.00282	0.5	92839	262	92708	3308428	35.64
1941-1949	38	0.00307	0.00306	0.5	92577	284	92435	3215720	34.74
1941-1949	39	0.00333	0.00333	0.5	92294	307	92140	3123285	33.84
1941-1949	40	0.00361	0.00361	0.5	91987	332	91821	3031145	32.95
1941-1949	41	0.00388	0.00387	0.5	91655	355	91478	2939324	32.07
1941-1949	42	0.00419	0.00418	0.5	91300	382	91109	2847846	31.19
1941-1949	43	0.00456	0.00455	0.5	90918	413	90712	2756737	30.32
1941-1949	44	0.00491	0.00489	0.5	90505	443	90283	2666025	29.46
1941-1949	45	0.00533	0.00531	0.5	90062	479	89823	2575742	28.60
1941-1949	46	0.00576	0.00574	0.5	89583	514	89326	2485919	27.75
1941-1949	47	0.00621	0.00619	0.5	89069	551	88794	2396593	26.91
1941-1949	48	0.00678	0.00675	0.5	88518	598	88219	2307799	26.07
1941-1949	49	0.00744	0.00741	0.5	87920	652	87594	2219580	25.25
1941-1949	50	0.00824	0.00821	0.5	87268	717	86910	2131986	24.43
1941-1949	51	0.00894	0.00890	0.5	86552	770	86166	2045076	23.63
1941-1949	52	0.00964	0.00960	0.5	85781	823	85370	1958910	22.84
1941-1949	53	0.01047	0.01041	0.5	84958	885	84516	1873540	22.05
1941-1949	54	0.01129	0.01123	0.5	84073	944	83601	1789025	21.28
1941-1949	55	0.01224	0.01217	0.5	83129	1012	82624	1705423	20.52
1941-1949	56	0.01321	0.01312	0.5	82118	1077	81579	1622799	19.76
1941-1949	57	0.01426	0.01415	0.5	81041	1147	80467	1541220	19.02
1941-1949	58	0.01557	0.01545	0.5	79893	1234	79276	1460753	18.28
1941-1949	59	0.01704	0.01689	0.5	78659	1329	77995	1381477	17.56
1941-1949	60	0.01873	0.01856	0.5	77330	1435	76613	1303482	16.86
1941-1949	61	0.02031	0.02010	0.5	75895	1526	75132	1226870	16.17
1941-1949	62	0.02204	0.02180	0.5	74370	1621	73559	1151737	15.49
1941-1949	63	0.02419	0.02390	0.5	72749	1739	71879	1078178	14.82
1941-1949	64	0.02641	0.02606	0.5	71010	1851	70085	1006299	14.17
1941-1949	65	0.02926	0.02884	0.5	69159	1995	68162	936214	13.54
1941-1949	66	0.03205	0.03154	0.5	67165	2119	66105	868052	12.92
1941-1949	67	0.03480	0.03420	0.5	65046	2225	63933	801947	12.33
1941-1949	68	0.03843	0.03770	0.5	62821	2369	61637	738014	11.75
1941-1949	69	0.04241	0.04153	0.5	60452	2510	59197	676377	11.19
1941-1949	70	0.04707	0.04599	0.5	57942	2665	56610	617180	10.65
1941-1949	71	0.05117	0.04990	0.5	55277	2758	53898	560570	10.14
1941-1949	72	0.05540	0.05390	0.5	52519	2831	51104	506672	9.65
1941-1949	73	0.06072	0.05893	0.5	49688	2928	48224	455568	9.17
1941-1949	74	0.06607	0.06395	0.5	46760	2990	45265	407344	8.71
1941-1949	75	0.07241	0.06988	0.5	43770	3059	42240	362079	8.27
1941-1949	76	0.07831	0.07536	0.5	40711	3068	39177	319839	7.86
1941-1949	77	0.08385	0.08048	0.5	37643	3029	36128	280662	7.46
1941-1949	78	0.09136	0.08737	0.5	34614	3024	33102	244534	7.06
1941-1949	79	0.10023	0.09545	0.5	31590	3015	30082	211432	6.69
1941-1949	80	0.10258	0.09757	0.5	28574	2788	27180	181350	6.35
1941-1949	81	0.11273	0.10671	0.5	25786	2752	24410	154170	5.98
1941-1949	82	0.12362	0.11642	0.5	23035	2682	21694	129759	5.63
1941-1949	83	0.13523	0.12666	0.5	20353	2578	19064	108066	5.31
1941-1949	84	0.14713	0.13705	0.5	17775	2436	16557	89002	5.01
1941-1949	85	0.15896	0.14725	0.5	15339	2259	14210	72445	4.72
1941-1949	86	0.17189	0.15829	0.5	13080	2070	12045	58235	4.45
1941-1949	87	0.18644	0.17054	0.5	11010	1878	10071	46190	4.20
1941-1949	88	0.20249	0.18387	0.5	9132	1679	8293	36119	3.96
1941-1949	89	0.21938	0.19769	0.5	7453	1473	6716	27827	3.73
1941-1949	90	0.23609	0.21117	0.5	5980	1263	5348	21111	3.53
1941-1949	91	0.25273	0.22438	0.5	4717	1058	4188	15762	3.34
1941-1949	92	0.26957	0.23756	0.5	3659	869	3224	11575	3.16
1941-1949	93	0.28651	0.25061	0.5	2789	699	2440	8351	2.99
1941-1949	94	0.30523	0.26481	0.5	2090	554	1814	5911	2.83
1941-1949	95	0.33224	0.28491	0.5	1537	438	1318	4097	2.67
1941-1949	96	0.35414	0.30086	0.5	1099	331	934	2779	2.53
1941-1949	97	0.37666	0.31697	0.5	768	244	647	1846	2.40
1941-1949	98	0.39973	0.33315	0.5	525	175	437	1199	2.28
1941-1949	99	0.42326	0.34933	0.5	350	122	289	762	2.18
1941-1949	100	0.44714	0.36544	0.5	228	83	186	473	2.08
1941-1949	101	0.47126	0.38139	0.5	144	55	117	287	1.98
1941-1949	102	0.49552	0.39713	0.5	89	35	72	170	1.90
1941-1949	103	0.51980	0.41257	0.5	54	22	43	98	1.82
1941-1949	104	0.54399	0.42767	0.5	32	14	25	55	1.75
1941-1949	105	0.56797	0.44235	0.5	18	8	14	31	1.69
1941-1949	106	0.59164	0.45658	0.5	10	5	8	16	1.63
1941-1949	107	0.61489	0.47030	0.5	5	3	4	9	1.57
1941-1949	108	0.63763	0.48349	0.5	3	1	2	4	1.53
1941-1949	109	0.65977	0.49611	0.5	2	1	1	2	1.49
1941-1949	110+	0.68123	1.00000	1.47	1	1	1	1	1.47
1950-1959	0	0.02203	0.02161	0.11	100000	2161	98087	7188856	71.89
1950-1959	1	0.00146	0.00146	0.5	97839	143	97768	7090769	72.47
1950-1959	2	0.00091	0.00091	0.5	97696	89	97652	6993001	71.58
1950-1959	3	0.00070	0.00070	0.5	97607	68	97573	6895349	70.64
1950-1959	4	0.00058	0.00058	0.5	97539	57	97511	6797776	69.69
1950-1959	5	0.00050	0.00050	0.5	97482	49	97458	6700266	68.73
1950-1959	6	0.00044	0.00044	0.5	97433	43	97411	6602808	67.77
1950-1959	7	0.00039	0.00039	0.5	97390	38	97371	6505397	66.80
1950-1959	8	0.00034	0.00034	0.5	97352	33	97336	6408026	65.82
1950-1959	9	0.00032	0.00032	0.5	97320	31	97304	6310689	64.84
1950-1959	10	0.00030	0.00030	0.5	97289	29	97275	6213385	63.87
1950-1959	11	0.00030	0.00030	0.5	97260	29	97246	6116110	62.88
1950-1959	12	0.00031	0.00031	0.5	97231	30	97216	6018865	61.90
1950-1959	13	0.00032	0.00032	0.5	97201	31	97186	5921648	60.92
1950-1959	14	0.00036	0.00036	0.5	97170	35	97153	5824463	59.94
1950-1959	15	0.00041	0.00041	0.5	97136	40	97116	5727310	58.96
1950-1959	16	0.00047	0.00047	0.5	97096	45	97073	5630194	57.99
1950-1959	17	0.00052	0.00052	0.5	97050	50	97025	5533121	57.01
1950-1959	18	0.00057	0.00057	0.5	97000	55	96972	5436096	56.04
1950-1959	19	0.00060	0.00060	0.5	96945	58	96916	5339124	55.07
1950-1959	20	0.00063	0.00063	0.5	96886	61	96856	5242208	54.11
1950-1959	21	0.00066	0.00066	0.5	96826	64	96793	5145352	53.14
1950-1959	22	0.00069	0.00069	0.5	96761	67	96728	5048559	52.18
1950-1959	23	0.00073	0.00073	0.5	96694	71	96659	4951831	51.21
1950-1959	24	0.00078	0.00078	0.5	96623	75	96586	4855172	50.25
1950-1959	25	0.00082	0.00082	0.5	96548	79	96509	4758587	49.29
1950-1959	26	0.00087	0.00087	0.5	96469	84	96427	4662078	48.33
1950-1959	27	0.00092	0.00092	0.5	96385	88	96341	4565651	47.37
1950-1959	28	0.00097	0.00097	0.5	96297	93	96250	4469310	46.41
1950-1959	29	0.00102	0.00102	0.5	96204	98	96155	4373059	45.46
1950-1959	30	0.00108	0.00108	0.5	96106	104	96053	4276905	44.50
1950-1959	31	0.00116	0.00116	0.5	96001	111	95946	4180851	43.55
1950-1959	32	0.00124	0.00124	0.5	95890	119	95831	4084905	42.60
1950-1959	33	0.00134	0.00134	0.5	95771	129	95707	3989074	41.65
1950-1959	34	0.00145	0.00145	0.5	95643	139	95573	3893368	40.71
1950-1959	35	0.00156	0.00156	0.5	95504	149	95429	3797794	39.77
1950-1959	36	0.00172	0.00172	0.5	95355	164	95273	3702365	38.83
1950-1959	37	0.00189	0.00188	0.5	95191	179	95101	3607092	37.89
1950-1959	38	0.00209	0.00209	0.5	95011	198	94912	3511991	36.96
1950-1959	39	0.00228	0.00228	0.5	94813	216	94705	3417079	36.04
1950-1959	40	0.00250	0.00250	0.5	94597	236	94479	3322374	35.12
1950-1959	41	0.00273	0.00273	0.5	94360	257	94232	3227896	34.21
1950-1959	42	0.00301	0.00300	0.5	94103	283	93962	3133664	33.30
1950-1959	43	0.00325	0.00325	0.5	93820	305	93668	3039702	32.40
1950-1959	44	0.00357	0.00357	0.5	93516	334	93349	2946034	31.50
1950-1959	45	0.00391	0.00390	0.5	93182	364	93000	2852685	30.61
1950-1959	46	0.00429	0.00428	0.5	92818	397	92620	2759685	29.73
1950-1959	47	0.00471	0.00469	0.5	92421	434	92204	2667065	28.86
1950-1959	48	0.00519	0.00518	0.5	91987	477	91749	2574861	27.99
1950-1959	49	0.00565	0.00564	0.5	91511	516	91253	2483112	27.13
1950-1959	50	0.00617	0.00615	0.5	90995	560	90715	2391859	26.29
1950-1959	51	0.00671	0.00669	0.5	90435	605	90133	2301144	25.45
1950-1959	52	0.00737	0.00735	0.5	89830	660	89500	2211012	24.61
1950-1959	53	0.00802	0.00798	0.5	89170	712	88814	2121511	23.79
1950-1959	54	0.00869	0.00866	0.5	88458	766	88076	2032697	22.98
1950-1959	55	0.00937	0.00933	0.5	87693	818	87284	1944622	22.18
1950-1959	56	0.01017	0.01012	0.5	86875	879	86435	1857338	21.38
1950-1959	57	0.01097	0.01091	0.5	85995	938	85526	1770903	20.59
1950-1959	58	0.01217	0.01210	0.5	85057	1029	84543	1685377	19.81
1950-1959	59	0.01328	0.01319	0.5	84029	1109	83474	1600834	19.05
1950-1959	60	0.01440	0.01430	0.5	82920	1186	82327	1517359	18.30
1950-1959	61	0.01568	0.01556	0.5	81734	1271	81099	1435032	17.56
1950-1959	62	0.01746	0.01731	0.5	80463	1393	79766	1353934	16.83
1950-1959	63	0.01925	0.01907	0.5	79070	1508	78316	1274167	16.11
1950-1959	64	0.02114	0.02092	0.5	77562	1622	76751	1195851	15.42
1950-1959	65	0.02334	0.02307	0.5	75940	1752	75064	1119100	14.74
1950-1959	66	0.02536	0.02504	0.5	74187	1858	73258	1044037	14.07
1950-1959	67	0.02816	0.02777	0.5	72329	2009	71325	970778	13.42
1950-1959	68	0.03100	0.03052	0.5	70321	2147	69248	899453	12.79
1950-1959	69	0.03405	0.03348	0.5	68174	2282	67033	830206	12.18
1950-1959	70	0.03773	0.03703	0.5	65892	2440	64672	763173	11.58
1950-1959	71	0.04101	0.04019	0.5	63452	2550	62177	698501	11.01
1950-1959	72	0.04568	0.04466	0.5	60902	2720	59542	636324	10.45
1950-1959	73	0.05018	0.04896	0.5	58182	2848	56758	576782	9.91
1950-1959	74	0.05539	0.05390	0.5	55334	2982	53843	520024	9.40
1950-1959	75	0.06126	0.05944	0.5	52351	3112	50795	466182	8.90
1950-1959	76	0.06619	0.06407	0.5	49240	3155	47662	415386	8.44
1950-1959	77	0.07246	0.06993	0.5	46085	3223	44473	367724	7.98
1950-1959	78	0.08011	0.07703	0.5	42862	3302	41211	323251	7.54
1950-1959	79	0.08905	0.08526	0.5	39560	3373	37874	282040	7.13
1950-1959	80	0.09310	0.08896	0.5	36187	3219	34578	244166	6.75
1950-1959	81	0.10040	0.09560	0.5	32968	3152	31392	209588	6.36
1950-1959	82	0.11121	0.10535	0.5	29816	3141	28246	178196	5.98
1950-1959	83	0.12253	0.11545	0.5	26675	3080	25135	149950	5.62
1950-1959	84	0.13395	0.12554	0.5	23596	2962	22114	124814	5.29
1950-1959	85	0.14641	0.13642	0.5	20633	2815	19226	102700	4.98
1950-1959	86	0.15894	0.14724	0.5	17818	2624	16507	83474	4.68
1950-1959	87	0.17221	0.15856	0.5	15195	2409	13990	66967	4.41
1950-1959	88	0.18771	0.17160	0.5	12786	2194	11689	52977	4.14
1950-1959	89	0.20450	0.18553	0.5	10592	1965	9609	41289	3.90
1950-1959	90	0.22198	0.19980	0.5	8626	1724	7765	31680	3.67
1950-1959	91	0.23541	0.21062	0.5	6903	1454	6176	23915	3.46
1950-1959	92	0.25611	0.22704	0.5	5449	1237	4830	17739	3.26
1950-1959	93	0.27709	0.24338	0.5	4212	1025	3699	12909	3.06
1950-1959	94	0.30402	0.26390	0.5	3187	841	2766	9209	2.89
1950-1959	95	0.31880	0.27497	0.5	2346	645	2023	6443	2.75
1950-1959	96	0.34117	0.29145	0.5	1701	496	1453	4420	2.60
1950-1959	97	0.36428	0.30815	0.5	1205	371	1019	2967	2.46
1950-1959	98	0.38802	0.32498	0.5	834	271	698	1947	2.34
1950-1959	99	0.41232	0.34184	0.5	563	192	467	1249	2.22
1950-1959	100	0.43704	0.35867	0.5	370	133	304	782	2.11
1950-1959	101	0.46209	0.37536	0.5	238	89	193	478	2.01
1950-1959	102	0.48732	0.39185	0.5	148	58	119	285	1.92
1950-1959	103	0.51262	0.40804	0.5	90	37	72	166	1.84
1950-1959	104	0.53786	0.42387	0.5	53	23	42	94	1.77
1950-1959	105	0.56290	0.43927	0.5	31	14	24	52	1.70
1950-1959	106	0.58763	0.45419	0.5	17	8	13	28	1.64
1950-1959	107	0.61192	0.46856	0.5	9	4	7	15	1.58
1950-1959	108	0.63567	0.48236	0.5	5	2	4	8	1.53
1950-1959	109	0.65878	0.49555	0.5	3	1	2	4	1.49
1950-1959	110+	0.68116	1.00000	1.47	1	1	2	2	1.47
1960-1969	0	0.02027	0.01991	0.11	100000	1991	98227	7327800	73.28
1960-1969	1	0.00118	0.00118	0.5	98009	115	97951	7229573	73.76
1960-1969	2	0.00075	0.00075	0.5	97894	73	97857	7131622	72.85
1960-1969	3	0.00060	0.00059	0.5	97820	58	97791	7033765	71.91
1960-1969	4	0.00050	0.00050	0.5	97762	49	97738	6935974	70.95
1960-1969	5	0.00044	0.00044	0.5	97713	43	97692	6838236	69.98
1960-1969	6	0.00036	0.00036	0.5	97670	35	97653	6740545	69.01
1960-1969	7	0.00033	0.00033	0.5	97635	32	97619	6642892	68.04
1960-1969	8	0.00030	0.00030	0.5	97603	29	97588	6545273	67.06
1960-1969	9	0.00029	0.00029	0.5	97574	28	97560	6447685	66.08
1960-1969	10	0.00025	0.00025	0.5	97545	25	97533	6350125	65.10
1960-1969	11	0.00025	0.00025	0.5	97521	25	97509	6252592	64.12
1960-1969	12	0.00026	0.00026	0.5	97496	25	97484	6155084	63.13
1960-1969	13	0.00027	0.00027	0.5	97471	27	97458	6057600	62.15
1960-1969	14	0.00031	0.00031	0.5	97444	30	97429	5960142	61.16
1960-1969	15	0.00038	0.00038	0.5	97414	37	97395	5862713	60.18
1960-1969	16	0.00041	0.00041	0.5	97377	40	97357	5765318	59.21
1960-1969	17	0.00046	0.00046	0.5	97337	45	97314	5667962	58.23
1960-1969	18	0.00055	0.00055	0.5	97292	53	97265	5570647	57.26
1960-1969	19	0.00056	0.00056	0.5	97239	54	97212	5473382	56.29
1960-1969	20	0.00060	0.00060	0.5	97185	58	97156	5376170	55.32
1960-1969	21	0.00064	0.00064	0.5	97127	62	97096	5279014	54.35
1960-1969	22	0.00064	0.00064	0.5	97065	62	97034	5181918	53.39
1960-1969	23	0.00065	0.00065	0.5	97003	63	96971	5084885	52.42
1960-1969	24	0.00072	0.00072	0.5	96939	69	96905	4987914	51.45
1960-1969	25	0.00075	0.00075	0.5	96870	72	96834	4891009	50.49
1960-1969	26	0.00077	0.00077	0.5	96798	74	96761	4794175	49.53
1960-1969	27	0.00082	0.00082	0.5	96723	79	96684	4697415	48.57
1960-1969	28	0.00090	0.00090	0.5	96644	87	96601	4600731	47.60
1960-1969	29	0.00094	0.00094	0.5	96557	91	96512	4504130	46.65
1960-1969	30	0.00104	0.00104	0.5	96467	101	96416	4407618	45.69
1960-1969	31	0.00109	0.00109	0.5	96366	105	96313	4311202	44.74
1960-1969	32	0.00120	0.00120	0.5	96261	116	96203	4214888	43.79
1960-1969	33	0.00126	0.00126	0.5	96145	121	96085	4118685	42.84
1960-1969	34	0.00140	0.00140	0.5	96024	134	95957	4022601	41.89
1960-1969	35	0.00154	0.00153	0.5	95890	147	95816	3926644	40.95
1960-1969	36	0.00161	0.00161	0.5	95743	154	95666	3830827	40.01
1960-1969	37	0.00177	0.00177	0.5	95588	169	95504	3735162	39.08
1960-1969	38	0.00194	0.00193	0.5	95419	185	95326	3639658	38.14
1960-1969	39	0.00213	0.00213	0.5	95234	202	95133	3544332	37.22
1960-1969	40	0.00232	0.00232	0.5	95032	220	94922	3449199	36.30
1960-1969	41	0.00247	0.00247	0.5	94812	234	94694	3354277	35.38
1960-1969	42	0.00286	0.00285	0.5	94577	270	94442	3259583	34.46
1960-1969	43	0.00298	0.00298	0.5	94307	281	94167	3165141	33.56
1960-1969	44	0.00316	0.00315	0.5	94027	297	93878	3070974	32.66
1960-1969	45	0.00364	0.00363	0.5	93730	340	93560	2977095	31.76
1960-1969	46	0.00391	0.00390	0.5	93390	364	93208	2883536	30.88
1960-1969	47	0.00430	0.00429	0.5	93025	399	92826	2790328	30.00
1960-1969	48	0.00467	0.00466	0.5	92626	432	92410	2697502	29.12
1960-1969	49	0.00511	0.00510	0.5	92194	470	91959	2605092	28.26
1960-1969	50	0.00571	0.00569	0.5	91724	522	91463	2513133	27.40
1960-1969	51	0.00598	0.00596	0.5	91202	544	90930	2421669	26.55
1960-1969	52	0.00664	0.00662	0.5	90659	600	90359	2330739	25.71
1960-1969	53	0.00706	0.00704	0.5	90059	634	89742	2240380	24.88
1960-1969	54	0.00763	0.00760	0.5	89425	680	89085	2150638	24.05
1960-1969	55	0.00832	0.00828	0.5	88745	735	88377	2061553	23.23
1960-1969	56	0.00894	0.00890	0.5	88010	784	87618	1973176	22.42
1960-1969	57	0.00968	0.00963	0.5	87226	840	86806	1885558	21.62
1960-1969	58	0.01069	0.01064	0.5	86386	919	85927	1798752	20.82
1960-1969	59	0.01150	0.01143	0.5	85467	977	84979	1712825	20.04
1960-1969	60	0.01274	0.01266	0.5	84490	1070	83955	1627846	19.27
1960-1969	61	0.01330	0.01321	0.5	83420	1102	82870	1543891	18.51
1960-1969	62	0.01576	0.01564	0.5	82319	1288	81675	1461021	17.75
1960-1969	63	0.01636	0.01623	0.5	81031	1315	80373	1379346	17.02
1960-1969	64	0.01758	0.01742	0.5	79716	1389	79021	1298973	16.30
1960-1969	65	0.02067	0.02046	0.5	78327	1603	77525	1219952	15.58
1960-1969	66	0.02120	0.02098	0.5	76724	1610	75919	1142426	14.89
1960-1969	67	0.02421	0.02392	0.5	75115	1797	74216	1066507	14.20
1960-1969	68	0.02679	0.02643	0.5	73318	1938	72349	992291	13.53
1960-1969	69	0.02862	0.02822	0.5	71380	2014	70373	919942	12.89
1960-1969	70	0.03331	0.03276	0.5	69366	2273	68229	849569	12.25
1960-1969	71	0.03344	0.03289	0.5	67093	2207	65990	781339	11.65
1960-1969	72	0.04074	0.03993	0.5	64887	2591	63591	715349	11.02
1960-1969	73	0.04341	0.04249	0.5	62296	2647	60972	651758	10.46
1960-1969	74	0.04751	0.04640	0.5	59649	2768	58265	590786	9.90
1960-1969	75	0.05499	0.05352	0.5	56881	3044	55359	532520	9.36
1960-1969	76	0.05717	0.05559	0.5	53837	2993	52341	477161	8.86
1960-1969	77	0.06164	0.05980	0.5	50844	3041	49324	424821	8.36
1960-1969	78	0.07088	0.06846	0.5	47804	3273	46167	375497	7.85
1960-1969	79	0.07656	0.07374	0.5	44531	3284	42889	329329	7.40
1960-1969	80	0.09069	0.08676	0.5	41247	3579	39458	286440	6.94
1960-1969	81	0.09048	0.08656	0.5	37669	3261	36039	246982	6.56
1960-1969	82	0.10479	0.09958	0.5	34408	3426	32695	210943	6.13
1960-1969	83	0.11629	0.10990	0.5	30982	3405	29280	178248	5.75
1960-1969	84	0.12774	0.12007	0.5	27577	3311	25922	148969	5.40
1960-1969	85	0.14353	0.13392	0.5	24266	3250	22641	123047	5.07
1960-1969	86	0.15423	0.14319	0.5	21016	3009	19512	100406	4.78
1960-1969	87	0.16786	0.15486	0.5	18007	2789	16613	80894	4.49
1960-1969	88	0.18122	0.16617	0.5	15218	2529	13954	64281	4.22
1960-1969	89	0.19764	0.17987	0.5	12690	2282	11548	50328	3.97
1960-1969	90	0.22289	0.20054	0.5	10407	2087	9364	38779	3.73
1960-1969	91	0.22255	0.20026	0.5	8320	1666	7487	29416	3.54
1960-1969	92	0.25351	0.22499	0.5	6654	1497	5905	21929	3.30
1960-1969	93	0.27193	0.23938	0.5	5157	1234	4540	16023	3.11
1960-1969	94	0.29475	0.25689	0.5	3922	1008	3419	11484	2.93
1960-1969	95	0.31472	0.27193	0.5	2915	793	2518	8065	2.77
1960-1969	96	0.33762	0.28886	0.5	2122	613	1816	5547	2.61
1960-1969	97	0.36131	0.30603	0.5	1509	462	1278	3731	2.47
1960-1969	98	0.38570	0.32334	0.5	1047	339	878	2453	2.34
1960-1969	99	0.41067	0.34071	0.5	709	241	588	1575	2.22
1960-1969	100	0.43611	0.35804	0.5	467	167	384	987	2.11
1960-1969	101	0.46189	0.37523	0.5	300	113	244	603	2.01
1960-1969	102	0.48787	0.39220	0.5	187	73	151	360	1.92
1960-1969	103	0.51393	0.40886	0.5	114	47	91	209	1.83
1960-1969	104	0.53990	0.42514	0.5	67	29	53	118	1.76
1960-1969	105	0.56566	0.44095	0.5	39	17	30	65	1.69
1960-1969	106	0.59108	0.45624	0.5	22	10	17	35	1.62
1960-1969	107	0.61601	0.47095	0.5	12	6	9	18	1.57
1960-1969	108	0.64035	0.48505	0.5	6	3	5	9	1.52
1960-1969	109	0.66399	0.49849	0.5	3	2	2	5	1.48
1960-1969	110+	0.68683	1.00000	1.46	2	2	2	2	1.46
1970-1979	0	0.01453	0.01434	0.09	100000	1434	98700	7566453	75.66
1970-1979	1	0.00087	0.00087	0.5	98566	85	98523	7467752	75.76
1970-1979	2	0.00058	0.00058	0.5	98480	58	98452	7369229	74.83
1970-1979	3	0.00045	0.00045	0.5	98423	45	98401	7270778	73.87
1970-1979	4	0.00038	0.00038	0.5	98378	38	98359	7172377	72.91
1970-1979	5	0.00036	0.00036	0.5	98341	36	98323	7074018	71.93
1970-1979	6	0.00031	0.00031	0.5	98305	31	98289	6975695	70.96
1970-1979	7	0.00028	0.00028	0.5	98274	27	98260	6877405	69.98
1970-1979	8	0.00026	0.00026	0.5	98247	25	98234	6779145	69.00
1970-1979	9	0.00024	0.00024	0.5	98222	24	98210	6680911	68.02
1970-1979	10	0.00021	0.00021	0.5	98198	21	98188	6582701	67.04
1970-1979	11	0.00022	0.00022	0.5	98177	22	98166	6484514	66.05
1970-1979	12	0.00023	0.00023	0.5	98156	23	98144	6386347	65.06
1970-1979	13	0.00027	0.00027	0.5	98133	26	98120	6288203	64.08
1970-1979	14	0.00030	0.00030	0.5	98107	29	98092	6190083	63.10
1970-1979	15	0.00035	0.00035	0.5	98077	34	98060	6091992	62.11
1970-1979	16	0.00043	0.00043	0.5	98043	42	98022	5993932	61.14
1970-1979	17	0.00051	0.00051	0.5	98001	50	97976	5895910	60.16
1970-1979	18	0.00056	0.00056	0.5	97951	55	97923	5797934	59.19
1970-1979	19	0.00057	0.00057	0.5	97896	56	97868	5700011	58.23
1970-1979	20	0.00060	0.00060	0.5	97840	59	97810	5602143	57.26
1970-1979	21	0.00062	0.00062	0.5	97781	60	97751	5504333	56.29
1970-1979	22	0.00063	0.00063	0.5	97720	62	97690	5406582	55.33
1970-1979	23	0.00062	0.00062	0.5	97659	61	97628	5308893	54.36
1970-1979	24	0.00065	0.00065	0.5	97598	63	97566	5211264	53.40
1970-1979	25	0.00068	0.00068	0.5	97534	66	97501	5113698	52.43
1970-1979	26	0.00072	0.00072	0.5	97468	70	97433	5016197	51.46
1970-1979	27	0.00071	0.00071	0.5	97398	69	97363	4918764	50.50
1970-1979	28	0.00076	0.00076	0.5	97329	74	97292	4821400	49.54
1970-1979	29	0.00080	0.00080	0.5	97255	78	97216	4724108	48.57
1970-1979	30	0.00082	0.00082	0.5	97177	79	97138	4626892	47.61
1970-1979	31	0.00091	0.00091	0.5	97098	88	97054	4529754	46.65
1970-1979	32	0.00097	0.00097	0.5	97010	94	96963	4432700	45.69
1970-1979	33	0.00104	0.00104	0.5	96916	101	96866	4335737	44.74
1970-1979	34	0.00111	0.00111	0.5	96815	108	96762	4238872	43.78
1970-1979	35	0.00126	0.00126	0.5	96708	122	96647	4142110	42.83
1970-1979	36	0.00133	0.00133	0.5	96586	129	96522	4045463	41.88
1970-1979	37	0.00150	0.00150	0.5	96457	144	96385	3948942	40.94
1970-1979	38	0.00162	0.00162	0.5	96313	156	96235	3852557	40.00
1970-1979	39	0.00174	0.00174	0.5	96157	167	96074	3756322	39.06
1970-1979	40	0.00196	0.00196	0.5	95990	188	95896	3660248	38.13
1970-1979	41	0.00211	0.00211	0.5	95802	202	95701	3564352	37.21
1970-1979	42	0.00247	0.00247	0.5	95600	236	95482	3468651	36.28
1970-1979	43	0.00268	0.00268	0.5	95364	255	95236	3373169	35.37
1970-1979	44	0.00278	0.00277	0.5	95108	264	94976	3277933	34.47
1970-1979	45	0.00310	0.00310	0.5	94844	294	94698	3182957	33.56
1970-1979	46	0.00349	0.00348	0.5	94551	329	94386	3088259	32.66
1970-1979	47	0.00372	0.00372	0.5	94221	350	94046	2993873	31.77
1970-1979	48	0.00406	0.00405	0.5	93871	380	93681	2899827	30.89
1970-1979	49	0.00445	0.00444	0.5	93491	415	93283	2806145	30.02
1970-1979	50	0.00477	0.00476	0.5	93076	443	92854	2712862	29.15
1970-1979	51	0.00500	0.00499	0.5	92633	462	92402	2620008	28.28
1970-1979	52	0.00564	0.00563	0.5	92170	519	91911	2527606	27.42
1970-1979	53	0.00609	0.00607	0.5	91652	557	91373	2435695	26.58
1970-1979	54	0.00657	0.00655	0.5	91095	596	90797	2344322	25.73
1970-1979	55	0.00714	0.00712	0.5	90498	644	90176	2253525	24.90
1970-1979	56	0.00778	0.00775	0.5	89854	697	89506	2163349	24.08
1970-1979	57	0.00838	0.00834	0.5	89158	744	88786	2073843	23.26
1970-1979	58	0.00923	0.00919	0.5	88414	813	88008	1985057	22.45
1970-1979	59	0.00992	0.00987	0.5	87601	864	87169	1897049	21.66
1970-1979	60	0.01108	0.01102	0.5	86737	956	86259	1809880	20.87
1970-1979	61	0.01173	0.01166	0.5	85781	1000	85281	1723620	20.09
1970-1979	62	0.01315	0.01306	0.5	84781	1107	84227	1638339	19.32
1970-1979	63	0.01391	0.01381	0.5	83674	1156	83096	1554112	18.57
1970-1979	64	0.01523	0.01511	0.5	82518	1247	81894	1471016	17.83
1970-1979	65	0.01699	0.01685	0.5	81270	1370	80586	1389122	17.09
1970-1979	66	0.01766	0.01751	0.5	79901	1399	79201	1308536	16.38
1970-1979	67	0.01975	0.01955	0.5	78502	1535	77735	1229335	15.66
1970-1979	68	0.02118	0.02096	0.5	76967	1613	76161	1151600	14.96
1970-1979	69	0.02336	0.02309	0.5	75354	1740	74484	1075440	14.27
1970-1979	70	0.02646	0.02611	0.5	73614	1922	72653	1000955	13.60
1970-1979	71	0.02795	0.02757	0.5	71692	1977	70704	928302	12.95
1970-1979	72	0.03178	0.03129	0.5	69715	2181	68625	857599	12.30
1970-1979	73	0.03464	0.03405	0.5	67534	2299	66384	788974	11.68
1970-1979	74	0.03843	0.03771	0.5	65235	2460	64005	722590	11.08
1970-1979	75	0.04361	0.04267	0.5	62775	2679	61435	658585	10.49
1970-1979	76	0.04663	0.04557	0.5	60096	2738	58727	597149	9.94
1970-1979	77	0.05113	0.04986	0.5	57358	2860	55928	538423	9.39
1970-1979	78	0.05795	0.05632	0.5	54498	3069	52963	482495	8.85
1970-1979	79	0.06272	0.06081	0.5	51429	3127	49865	429532	8.35
1970-1979	80	0.07255	0.07001	0.5	48301	3382	46611	379667	7.86
1970-1979	81	0.07601	0.07322	0.5	44920	3289	43275	333056	7.41
1970-1979	82	0.08608	0.08253	0.5	41631	3436	39913	289781	6.96
1970-1979	83	0.09605	0.09164	0.5	38195	3500	36445	249868	6.54
1970-1979	84	0.10578	0.10047	0.5	34695	3486	32952	213423	6.15
1970-1979	85	0.11734	0.11084	0.5	31209	3459	29479	180471	5.78
1970-1979	86	0.12838	0.12064	0.5	27750	3348	26076	150992	5.44
1970-1979	87	0.13811	0.12919	0.5	24402	3153	22826	124916	5.12
1970-1979	88	0.15038	0.13986	0.5	21250	2972	19764	102090	4.80
1970-1979	89	0.16488	0.15232	0.5	18278	2784	16885	82327	4.50
1970-1979	90	0.18635	0.17047	0.5	15493	2641	14173	65441	4.22
1970-1979	91	0.19084	0.17422	0.5	12852	2239	11733	51268	3.99
1970-1979	92	0.21543	0.19448	0.5	10613	2064	9581	39536	3.73
1970-1979	93	0.23363	0.20919	0.5	8549	1788	7655	29954	3.50
1970-1979	94	0.25450	0.22577	0.5	6761	1526	5997	22300	3.30
1970-1979	95	0.27106	0.23871	0.5	5234	1249	4610	16302	3.11
1970-1979	96	0.29227	0.25500	0.5	3985	1016	3477	11693	2.93
1970-1979	97	0.31442	0.27171	0.5	2969	807	2565	8216	2.77
1970-1979	98	0.33745	0.28873	0.5	2162	624	1850	5650	2.61
1970-1979	99	0.36127	0.30600	0.5	1538	471	1303	3800	2.47
1970-1979	100	0.38580	0.32342	0.5	1067	345	895	2498	2.34
1970-1979	101	0.41093	0.34089	0.5	722	246	599	1603	2.22
1970-1979	102	0.43652	0.35832	0.5	476	171	391	1004	2.11
1970-1979	103	0.46246	0.37561	0.5	305	115	248	614	2.01
1970-1979	104	0.48860	0.39267	0.5	191	75	153	366	1.92
1970-1979	105	0.51481	0.40942	0.5	116	47	92	212	1.83
1970-1979	106	0.54094	0.42578	0.5	68	29	54	120	1.76
1970-1979	107	0.56684	0.44166	0.5	39	17	31	66	1.69
1970-1979	108	0.59238	0.45702	0.5	22	10	17	36	1.63
1970-1979	109	0.61743	0.47178	0.5	12	6	9	19	1.59
1970-1979	110+	0.64187	1.00000	1.56	6	6	10	10	1.56
1980-1989	0	0.01020	0.01011	0.08	100000	1011	99072	7759752	77.60
1980-1989	1	0.00068	0.00068	0.5	98989	68	98956	7660680	77.39
1980-1989	2	0.00046	0.00046	0.5	98922	45	98899	7561724	76.44
1980-1989	3	0.00035	0.00035	0.5	98877	34	98859	7462825	75.48
1980-1989	4	0.00028	0.00028	0.5	98842	28	98829	7363965	74.50
1980-1989	5	0.00025	0.00025	0.5	98815	25	98802	7265137	73.52
1980-1989	6	0.00021	0.00021	0.5	98790	21	98779	7166335	72.54
1980-1989	7	0.00020	0.00020	0.5	98769	20	98759	7067555	71.56
1980-1989	8	0.00018	0.00018	0.5	98749	17	98740	6968796	70.57
1980-1989	9	0.00017	0.00017	0.5	98732	16	98724	6870056	69.58
1980-1989	10	0.00017	0.00017	0.5	98715	17	98707	6771332	68.59
1980-1989	11	0.00016	0.00016	0.5	98699	16	98691	6672625	67.61
1980-1989	12	0.00019	0.00019	0.5	98683	19	98673	6573934	66.62
1980-1989	13	0.00020	0.00020	0.5	98664	20	98654	6475261	65.63
1980-1989	14	0.00025	0.00025	0.5	98644	25	98632	6376607	64.64
1980-1989	15	0.00030	0.00030	0.5	98620	29	98605	6277975	63.66
1980-1989	16	0.00033	0.00033	0.5	98591	33	98574	6179370	62.68
1980-1989	17	0.00040	0.00040	0.5	98558	39	98538	6080796	61.70
1980-1989	18	0.00045	0.00045	0.5	98518	44	98496	5982258	60.72
1980-1989	19	0.00047	0.00047	0.5	98475	46	98451	5883761	59.75
1980-1989	20	0.00046	0.00046	0.5	98428	45	98406	5785310	58.78
1980-1989	21	0.00049	0.00049	0.5	98383	48	98359	5686904	57.80
1980-1989	22	0.00050	0.00050	0.5	98335	50	98310	5588546	56.83
1980-1989	23	0.00054	0.00054	0.5	98285	53	98258	5490236	55.86
1980-1989	24	0.00055	0.00055	0.5	98232	54	98205	5391978	54.89
1980-1989	25	0.00060	0.00060	0.5	98177	59	98148	5293773	53.92
1980-1989	26	0.00062	0.00062	0.5	98118	61	98088	5195625	52.95
1980-1989	27	0.00066	0.00066	0.5	98057	64	98025	5097538	51.99
1980-1989	28	0.00073	0.00073	0.5	97993	71	97957	4999513	51.02
1980-1989	29	0.00073	0.00073	0.5	97922	71	97886	4901555	50.06
1980-1989	30	0.00081	0.00081	0.5	97851	79	97811	4803669	49.09
1980-1989	31	0.00086	0.00086	0.5	97772	84	97730	4705858	48.13
1980-1989	32	0.00090	0.00090	0.5	97687	88	97643	4608129	47.17
1980-1989	33	0.00100	0.00100	0.5	97600	97	97551	4510485	46.21
1980-1989	34	0.00103	0.00103	0.5	97502	101	97452	4412934	45.26
1980-1989	35	0.00107	0.00107	0.5	97402	104	97350	4315483	44.31
1980-1989	36	0.00116	0.00116	0.5	97298	113	97241	4218133	43.35
1980-1989	37	0.00123	0.00123	0.5	97185	119	97125	4120892	42.40
1980-1989	38	0.00138	0.00138	0.5	97065	134	96998	4023767	41.45
1980-1989	39	0.00135	0.00135	0.5	96931	131	96866	3926769	40.51
1980-1989	40	0.00153	0.00153	0.5	96800	148	96726	3829903	39.57
1980-1989	41	0.00166	0.00166	0.5	96652	160	96572	3733177	38.62
1980-1989	42	0.00186	0.00186	0.5	96492	180	96402	3636605	37.69
1980-1989	43	0.00200	0.00200	0.5	96312	193	96216	3540202	36.76
1980-1989	44	0.00213	0.00213	0.5	96119	205	96017	3443987	35.83
1980-1989	45	0.00250	0.00250	0.5	95915	240	95795	3347970	34.91
1980-1989	46	0.00266	0.00265	0.5	95675	254	95548	3252175	33.99
1980-1989	47	0.00301	0.00301	0.5	95421	287	95278	3156627	33.08
1980-1989	48	0.00334	0.00334	0.5	95134	318	94975	3061349	32.18
1980-1989	49	0.00349	0.00348	0.5	94816	330	94651	2966374	31.29
1980-1989	50	0.00397	0.00396	0.5	94486	374	94299	2871723	30.39
1980-1989	51	0.00451	0.00450	0.5	94112	423	93900	2777423	29.51
1980-1989	52	0.00487	0.00486	0.5	93689	455	93461	2683523	28.64
1980-1989	53	0.00531	0.00530	0.5	93233	494	92987	2590062	27.78
1980-1989	54	0.00561	0.00559	0.5	92740	518	92481	2497075	26.93
1980-1989	55	0.00617	0.00615	0.5	92221	567	91938	2404595	26.07
1980-1989	56	0.00683	0.00681	0.5	91654	624	91343	2312657	25.23
1980-1989	57	0.00726	0.00723	0.5	91031	658	90702	2221315	24.40
1980-1989	58	0.00826	0.00823	0.5	90373	744	90001	2130613	23.58
1980-1989	59	0.00873	0.00869	0.5	89629	779	89239	2040612	22.77
1980-1989	60	0.00957	0.00952	0.5	88850	846	88427	1951373	21.96
1980-1989	61	0.01043	0.01038	0.5	88004	913	87547	1862946	21.17
1980-1989	62	0.01210	0.01203	0.5	87091	1048	86567	1775399	20.39
1980-1989	63	0.01285	0.01277	0.5	86043	1098	85494	1688832	19.63
1980-1989	64	0.01345	0.01336	0.5	84944	1135	84377	1603339	18.88
1980-1989	65	0.01492	0.01481	0.5	83810	1241	83189	1518961	18.12
1980-1989	66	0.01639	0.01625	0.5	82569	1342	81898	1435772	17.39
1980-1989	67	0.01766	0.01750	0.5	81227	1422	80516	1353875	16.67
1980-1989	68	0.01942	0.01923	0.5	79805	1535	79038	1273359	15.96
1980-1989	69	0.02058	0.02037	0.5	78270	1595	77473	1194321	15.26
1980-1989	70	0.02294	0.02268	0.5	76676	1739	75806	1116848	14.57
1980-1989	71	0.02511	0.02480	0.5	74936	1858	74007	1041042	13.89
1980-1989	72	0.02810	0.02771	0.5	73078	2025	72065	967035	13.23
1980-1989	73	0.03079	0.03032	0.5	71053	2155	69976	894970	12.60
1980-1989	74	0.03223	0.03172	0.5	68898	2185	67806	824994	11.97
1980-1989	75	0.03556	0.03494	0.5	66713	2331	65548	757189	11.35
1980-1989	76	0.03965	0.03888	0.5	64382	2503	63131	691641	10.74
1980-1989	77	0.04293	0.04202	0.5	61879	2600	60579	628510	10.16
1980-1989	78	0.04721	0.04612	0.5	59279	2734	57912	567931	9.58
1980-1989	79	0.05121	0.04993	0.5	56545	2823	55133	510020	9.02
1980-1989	80	0.06133	0.05951	0.5	53721	3197	52123	454887	8.47
1980-1989	81	0.06680	0.06464	0.5	50525	3266	48892	402764	7.97
1980-1989	82	0.07495	0.07225	0.5	47259	3414	45552	353872	7.49
1980-1989	83	0.08292	0.07962	0.5	43844	3491	42099	308320	7.03
1980-1989	84	0.09284	0.08873	0.5	40353	3580	38563	266221	6.60
1980-1989	85	0.10178	0.09685	0.5	36773	3561	34992	227658	6.19
1980-1989	86	0.11291	0.10688	0.5	33212	3550	31437	192666	5.80
1980-1989	87	0.12500	0.11765	0.5	29662	3490	27917	161229	5.44
1980-1989	88	0.13567	0.12705	0.5	26172	3325	24510	133312	5.09
1980-1989	89	0.15019	0.13970	0.5	22847	3192	21251	108802	4.76
1980-1989	90	0.16622	0.15347	0.5	19655	3016	18147	87551	4.45
1980-1989	91	0.18022	0.16533	0.5	16639	2751	15264	69404	4.17
1980-1989	92	0.19952	0.18142	0.5	13888	2520	12628	54141	3.90
1980-1989	93	0.21808	0.19664	0.5	11369	2235	10251	41512	3.65
1980-1989	94	0.23952	0.21390	0.5	9133	1954	8156	31261	3.42
1980-1989	95	0.25719	0.22789	0.5	7179	1636	6361	23105	3.22
1980-1989	96	0.27908	0.24491	0.5	5543	1358	4865	16744	3.02
1980-1989	97	0.30208	0.26244	0.5	4186	1098	3636	11879	2.84
1980-1989	98	0.32611	0.28039	0.5	3087	866	2654	8243	2.67
1980-1989	99	0.35109	0.29866	0.5	2222	664	1890	5589	2.52
1980-1989	100	0.37692	0.31715	0.5	1558	494	1311	3699	2.37
1980-1989	101	0.40346	0.33573	0.5	1064	357	885	2388	2.24
1980-1989	102	0.43058	0.35430	0.5	707	250	582	1502	2.13
1980-1989	103	0.45813	0.37274	0.5	456	170	371	921	2.02
1980-1989	104	0.48593	0.39094	0.5	286	112	230	550	1.92
1980-1989	105	0.51382	0.40880	0.5	174	71	139	319	1.83
1980-1989	106	0.54162	0.42620	0.5	103	44	81	181	1.75
1980-1989	107	0.56917	0.44308	0.5	59	26	46	99	1.68
1980-1989	108	0.59630	0.45934	0.5	33	15	25	53	1.62
1980-1989	109	0.62285	0.47494	0.5	18	8	14	28	1.57
1980-1989	110+	0.64868	1.00000	1.54	9	9	14	14	1.54
1990-1999	0	0.00759	0.00753	0.07	100000	753	99302	7897783	78.98
1990-1999	1	0.00054	0.00054	0.5	99247	53	99220	7798480	78.58
1990-1999	2	0.00033	0.00033	0.5	99193	32	99177	7699261	77.62
1990-1999	3	0.00026	0.00026	0.5	99161	26	99148	7600083	76.64
1990-1999	4	0.00020	0.00020	0.5	99135	20	99125	7500935	75.66
1990-1999	5	0.00018	0.00018	0.5	99115	18	99106	7401810	74.68
1990-1999	6	0.00017	0.00017	0.5	99097	16	99089	7302704	73.69
1990-1999	7	0.00015	0.00015	0.5	99081	15	99073	7203615	72.70
1990-1999	8	0.00016	0.00016	0.5	99066	16	99058	7104542	71.72
1990-1999	9	0.00014	0.00014	0.5	99050	14	99043	7005484	70.73
1990-1999	10	0.00012	0.00012	0.5	99036	12	99030	6906441	69.74
1990-1999	11	0.00013	0.00013	0.5	99024	13	99017	6807412	68.75
1990-1999	12	0.00014	0.00014	0.5	99011	13	99004	6708394	67.75
1990-1999	13	0.00017	0.00017	0.5	98998	17	98989	6609390	66.76
1990-1999	14	0.00020	0.00020	0.5	98981	20	98971	6510400	65.77
1990-1999	15	0.00025	0.00025	0.5	98962	25	98949	6411429	64.79
1990-1999	16	0.00030	0.00030	0.5	98937	30	98922	6312480	63.80
1990-1999	17	0.00037	0.00037	0.5	98907	36	98889	6213558	62.82
1990-1999	18	0.00040	0.00040	0.5	98871	39	98851	6114669	61.85
1990-1999	19	0.00036	0.00036	0.5	98831	36	98814	6015818	60.87
1990-1999	20	0.00039	0.00039	0.5	98796	39	98776	5917005	59.89
1990-1999	21	0.00042	0.00042	0.5	98757	42	98736	5818228	58.91
1990-1999	22	0.00045	0.00045	0.5	98715	44	98693	5719492	57.94
1990-1999	23	0.00048	0.00048	0.5	98671	48	98647	5620799	56.97
1990-1999	24	0.00049	0.00049	0.5	98623	48	98599	5522152	55.99
1990-1999	25	0.00052	0.00052	0.5	98575	51	98549	5423553	55.02
1990-1999	26	0.00058	0.00058	0.5	98524	57	98495	5325004	54.05
1990-1999	27	0.00064	0.00064	0.5	98467	63	98435	5226509	53.08
1990-1999	28	0.00067	0.00067	0.5	98404	66	98371	5128074	52.11
1990-1999	29	0.00070	0.00070	0.5	98338	69	98304	5029702	51.15
1990-1999	30	0.00079	0.00079	0.5	98269	77	98230	4931399	50.18
1990-1999	31	0.00089	0.00089	0.5	98192	88	98148	4833168	49.22
1990-1999	32	0.00093	0.00093	0.5	98104	92	98058	4735020	48.27
1990-1999	33	0.00102	0.00102	0.5	98013	100	97963	4636962	47.31
1990-1999	34	0.00108	0.00108	0.5	97913	105	97860	4538999	46.36
1990-1999	35	0.00115	0.00115	0.5	97807	112	97751	4441139	45.41
1990-1999	36	0.00123	0.00123	0.5	97695	120	97635	4343388	44.46
1990-1999	37	0.00134	0.00134	0.5	97575	131	97509	4245753	43.51
1990-1999	38	0.00151	0.00150	0.5	97444	147	97370	4148244	42.57
1990-1999	39	0.00145	0.00145	0.5	97297	141	97227	4050874	41.63
1990-1999	40	0.00159	0.00159	0.5	97156	154	97079	3953647	40.69
1990-1999	41	0.00172	0.00172	0.5	97002	166	96919	3856569	39.76
1990-1999	42	0.00184	0.00184	0.5	96835	178	96746	3759650	38.83
1990-1999	43	0.00195	0.00195	0.5	96657	188	96563	3662904	37.90
1990-1999	44	0.00204	0.00204	0.5	96469	197	96371	3566340	36.97
1990-1999	45	0.00220	0.00220	0.5	96272	212	96166	3469970	36.04
1990-1999	46	0.00241	0.00240	0.5	96061	231	95945	3373803	35.12
1990-1999	47	0.00257	0.00256	0.5	95830	246	95707	3277858	34.21
1990-1999	48	0.00294	0.00293	0.5	95584	281	95444	3182151	33.29
1990-1999	49	0.00307	0.00307	0.5	95303	292	95157	3086707	32.39
1990-1999	50	0.00330	0.00330	0.5	95011	313	94854	2991550	31.49
1990-1999	51	0.00374	0.00373	0.5	94698	353	94521	2896696	30.59
1990-1999	52	0.00415	0.00414	0.5	94345	391	94149	2802174	29.70
1990-1999	53	0.00446	0.00445	0.5	93954	418	93745	2708025	28.82
1990-1999	54	0.00471	0.00470	0.5	93536	440	93316	2614280	27.95
1990-1999	55	0.00539	0.00538	0.5	93096	500	92846	2520964	27.08
1990-1999	56	0.00584	0.00582	0.5	92596	539	92326	2428119	26.22
1990-1999	57	0.00624	0.00622	0.5	92057	572	91771	2335792	25.37
1990-1999	58	0.00722	0.00720	0.5	91484	658	91155	2244022	24.53
1990-1999	59	0.00769	0.00766	0.5	90826	695	90478	2152867	23.70
1990-1999	60	0.00838	0.00835	0.5	90131	753	89754	2062388	22.88
1990-1999	61	0.00936	0.00932	0.5	89378	833	88962	1972634	22.07
1990-1999	62	0.01020	0.01015	0.5	88545	899	88096	1883672	21.27
1990-1999	63	0.01105	0.01099	0.5	87646	963	87165	1795576	20.49
1990-1999	64	0.01181	0.01174	0.5	86683	1018	86174	1708412	19.71
1990-1999	65	0.01336	0.01327	0.5	85665	1137	85096	1622238	18.94
1990-1999	66	0.01448	0.01438	0.5	84528	1215	83920	1537141	18.19
1990-1999	67	0.01574	0.01561	0.5	83313	1301	82662	1453221	17.44
1990-1999	68	0.01750	0.01735	0.5	82012	1423	81300	1370559	16.71
1990-1999	69	0.01839	0.01822	0.5	80589	1469	79855	1289259	16.00
1990-1999	70	0.02039	0.02019	0.5	79121	1597	78322	1209404	15.29
1990-1999	71	0.02232	0.02208	0.5	77523	1711	76668	1131082	14.59
1990-1999	72	0.02480	0.02449	0.5	75812	1857	74884	1054414	13.91
1990-1999	73	0.02683	0.02648	0.5	73955	1958	72976	979530	13.24
1990-1999	74	0.02895	0.02853	0.5	71997	2054	70970	906554	12.59
1990-1999	75	0.03134	0.03086	0.5	69943	2158	68864	835584	11.95
1990-1999	76	0.03536	0.03474	0.5	67784	2355	66607	766720	11.31
1990-1999	77	0.03863	0.03790	0.5	65429	2480	64189	700113	10.70
1990-1999	78	0.04213	0.04126	0.5	62949	2597	61651	635924	10.10
1990-1999	79	0.04595	0.04492	0.5	60352	2711	58997	574273	9.52
1990-1999	80	0.05434	0.05290	0.5	57641	3049	56116	515277	8.94
1990-1999	81	0.06056	0.05878	0.5	54592	3209	52987	459160	8.41
1990-1999	82	0.06671	0.06456	0.5	51383	3317	49724	406173	7.90
1990-1999	83	0.07384	0.07121	0.5	48065	3423	46354	356449	7.42
1990-1999	84	0.08189	0.07866	0.5	44643	3512	42887	310095	6.95
1990-1999	85	0.09154	0.08753	0.5	41131	3600	39331	267208	6.50
1990-1999	86	0.10132	0.09643	0.5	37530	3619	35721	227878	6.07
1990-1999	87	0.11245	0.10647	0.5	33911	3610	32106	192157	5.67
1990-1999	88	0.12465	0.11734	0.5	30301	3556	28523	160051	5.28
1990-1999	89	0.13992	0.13077	0.5	26745	3497	24997	131528	4.92
1990-1999	90	0.15508	0.14392	0.5	23248	3346	21575	106531	4.58
1990-1999	91	0.17025	0.15689	0.5	19902	3122	18341	84956	4.27
1990-1999	92	0.19161	0.17486	0.5	16779	2934	15312	66615	3.97
1990-1999	93	0.21158	0.19134	0.5	13845	2649	12521	51303	3.71
1990-1999	94	0.23443	0.20983	0.5	11196	2349	10022	38782	3.46
1990-1999	95	0.25079	0.22284	0.5	8847	1971	7861	28760	3.25
1990-1999	96	0.27383	0.24086	0.5	6875	1656	6047	20899	3.04
1990-1999	97	0.29816	0.25947	0.5	5219	1354	4542	14852	2.85
1990-1999	98	0.32368	0.27859	0.5	3865	1077	3327	10309	2.67
1990-1999	99	0.35029	0.29808	0.5	2788	831	2373	6983	2.50
1990-1999	100	0.37787	0.31782	0.5	1957	622	1646	4610	2.36
1990-1999	101	0.40626	0.33767	0.5	1335	451	1110	2964	2.22
1990-1999	102	0.43530	0.35749	0.5	884	316	726	1854	2.10
1990-1999	103	0.46478	0.37714	0.5	568	214	461	1128	1.98
1990-1999	104	0.49451	0.39648	0.5	354	140	284	667	1.88
1990-1999	105	0.52429	0.41539	0.5	214	89	169	383	1.79
1990-1999	106	0.55389	0.43376	0.5	125	54	98	214	1.71
1990-1999	107	0.58311	0.45148	0.5	71	32	55	116	1.64
1990-1999	108	0.61176	0.46847	0.5	39	18	30	61	1.58
1990-1999	109	0.63966	0.48465	0.5	21	10	16	32	1.53
1990-1999	110+	0.66664	1.00000	1.5	11	11	16	16	1.50
2000-2009	0	0.00575	0.00572	0.07	100000	572	99467	8060620	80.61
2000-2009	1	0.00031	0.00031	0.5	99428	31	99412	7961152	80.07
2000-2009	2	0.00022	0.00022	0.5	99397	22	99386	7861740	79.09
2000-2009	3	0.00018	0.00018	0.5	99375	18	99366	7762354	78.11
2000-2009	4	0.00014	0.00014	0.5	99357	14	99350	7662989	77.13
2000-2009	5	0.00011	0.00011	0.5	99343	11	99338	7563639	76.14
2000-2009	6	0.00012	0.00012	0.5	99332	11	99327	7464301	75.14
2000-2009	7	0.00011	0.00011	0.5	99321	11	99316	7364974	74.15
2000-2009	8	0.00010	0.00010	0.5	99310	10	99305	7265659	73.16
2000-2009	9	0.00010	0.00010	0.5	99300	10	99295	7166353	72.17
2000-2009	10	0.00011	0.00011	0.5	99290	11	99284	7067058	71.18
2000-2009	11	0.00011	0.00011	0.5	99279	11	99274	6967774	70.18
2000-2009	12	0.00012	0.00012	0.5	99268	12	99262	6868500	69.19
2000-2009	13	0.00012	0.00012	0.5	99256	12	99250	6769238	68.20
2000-2009	14	0.00015	0.00015	0.5	99244	14	99237	6669988	67.21
2000-2009	15	0.00016	0.00016	0.5	99230	16	99222	6570751	66.22
2000-2009	16	0.00024	0.00024	0.5	99214	23	99202	6471529	65.23
2000-2009	17	0.00030	0.00030	0.5	99190	30	99176	6372327	64.24
2000-2009	18	0.00035	0.00035	0.5	99161	35	99143	6273151	63.26
2000-2009	19	0.00035	0.00035	0.5	99126	35	99108	6174008	62.28
2000-2009	20	0.00037	0.00037	0.5	99091	36	99073	6074900	61.31
2000-2009	21	0.00042	0.00041	0.5	99055	41	99034	5975827	60.33
2000-2009	22	0.00041	0.00041	0.5	99014	41	98993	5876793	59.35
2000-2009	23	0.00041	0.00041	0.5	98973	40	98952	5777800	58.38
2000-2009	24	0.00042	0.00042	0.5	98932	42	98911	5678847	57.40
2000-2009	25	0.00043	0.00043	0.5	98890	43	98869	5579936	56.43
2000-2009	26	0.00046	0.00046	0.5	98847	46	98825	5481067	55.45
2000-2009	27	0.00047	0.00047	0.5	98802	46	98779	5382243	54.48
2000-2009	28	0.00050	0.00050	0.5	98756	49	98731	5283464	53.50
2000-2009	29	0.00050	0.00050	0.5	98707	49	98682	5184732	52.53
2000-2009	30	0.00055	0.00055	0.5	98658	54	98631	5086050	51.55
2000-2009	31	0.00060	0.00060	0.5	98604	59	98574	4987419	50.58
2000-2009	32	0.00065	0.00065	0.5	98544	64	98513	4888845	49.61
2000-2009	33	0.00067	0.00067	0.5	98481	66	98448	4790332	48.64
2000-2009	34	0.00074	0.00074	0.5	98415	73	98378	4691885	47.67
2000-2009	35	0.00080	0.00080	0.5	98342	79	98302	4593506	46.71
2000-2009	36	0.00094	0.00094	0.5	98263	92	98217	4495204	45.75
2000-2009	37	0.00100	0.00099	0.5	98171	98	98122	4396987	44.79
2000-2009	38	0.00109	0.00109	0.5	98073	107	98019	4298866	43.83
2000-2009	39	0.00121	0.00121	0.5	97966	119	97906	4200846	42.88
2000-2009	40	0.00132	0.00132	0.5	97847	129	97783	4102940	41.93
2000-2009	41	0.00142	0.00142	0.5	97718	139	97649	4005157	40.99
2000-2009	42	0.00155	0.00155	0.5	97580	151	97504	3907509	40.04
2000-2009	43	0.00169	0.00169	0.5	97429	164	97346	3810004	39.11
2000-2009	44	0.00189	0.00189	0.5	97264	184	97172	3712658	38.17
2000-2009	45	0.00203	0.00203	0.5	97080	197	96982	3615486	37.24
2000-2009	46	0.00222	0.00221	0.5	96883	215	96776	3518504	36.32
2000-2009	47	0.00237	0.00236	0.5	96669	228	96555	3421728	35.40
2000-2009	48	0.00259	0.00258	0.5	96440	249	96316	3325173	34.48
2000-2009	49	0.00281	0.00281	0.5	96191	270	96056	3228857	33.57
2000-2009	50	0.00300	0.00300	0.5	95921	288	95778	3132801	32.66
2000-2009	51	0.00323	0.00323	0.5	95634	309	95480	3037023	31.76
2000-2009	52	0.00347	0.00346	0.5	95325	330	95160	2941543	30.86
2000-2009	53	0.00380	0.00380	0.5	94996	361	94815	2846383	29.96
2000-2009	54	0.00407	0.00406	0.5	94635	384	94443	2751567	29.08
2000-2009	55	0.00452	0.00451	0.5	94251	425	94038	2657124	28.19
2000-2009	56	0.00468	0.00466	0.5	93826	438	93607	2563086	27.32
2000-2009	57	0.00529	0.00527	0.5	93388	493	93142	2469479	26.44
2000-2009	58	0.00570	0.00568	0.5	92896	528	92632	2376337	25.58
2000-2009	59	0.00626	0.00624	0.5	92368	576	92079	2283705	24.72
2000-2009	60	0.00703	0.00700	0.5	91791	643	91470	2191626	23.88
2000-2009	61	0.00764	0.00761	0.5	91149	694	90802	2100156	23.04
2000-2009	62	0.00827	0.00824	0.5	90455	745	90082	2009354	22.21
2000-2009	63	0.00913	0.00909	0.5	89710	816	89302	1919272	21.39
2000-2009	64	0.00993	0.00988	0.5	88894	879	88455	1829970	20.59
2000-2009	65	0.01084	0.01078	0.5	88016	949	87541	1741515	19.79
2000-2009	66	0.01189	0.01182	0.5	87067	1029	86552	1653974	19.00
2000-2009	67	0.01301	0.01293	0.5	86038	1112	85482	1567421	18.22
2000-2009	68	0.01413	0.01403	0.5	84925	1191	84330	1481940	17.45
2000-2009	69	0.01557	0.01545	0.5	83734	1294	83087	1397610	16.69
2000-2009	70	0.01725	0.01710	0.5	82440	1410	81735	1314523	15.95
2000-2009	71	0.01868	0.01851	0.5	81031	1500	80281	1232787	15.21
2000-2009	72	0.02064	0.02043	0.5	79531	1625	78719	1152507	14.49
2000-2009	73	0.02259	0.02234	0.5	77906	1740	77036	1073788	13.78
2000-2009	74	0.02493	0.02463	0.5	76166	1876	75228	996752	13.09
2000-2009	75	0.02784	0.02746	0.5	74291	2040	73270	921523	12.40
2000-2009	76	0.03022	0.02977	0.5	72250	2151	71175	848253	11.74
2000-2009	77	0.03319	0.03265	0.5	70099	2289	68955	777078	11.09
2000-2009	78	0.03724	0.03656	0.5	67811	2479	66571	708123	10.44
2000-2009	79	0.04094	0.04012	0.5	65332	2621	64021	641551	9.82
2000-2009	80	0.04882	0.04765	0.5	62711	2988	61217	577530	9.21
2000-2009	81	0.05422	0.05278	0.5	59722	3152	58146	516314	8.65
2000-2009	82	0.06047	0.05869	0.5	56570	3320	54910	458167	8.10
2000-2009	83	0.06791	0.06568	0.5	53250	3498	51501	403258	7.57
2000-2009	84	0.07588	0.07310	0.5	49752	3637	47933	351757	7.07
2000-2009	85	0.08591	0.08237	0.5	46115	3799	44216	303823	6.59
2000-2009	86	0.09652	0.09208	0.5	42316	3896	40368	259608	6.13
2000-2009	87	0.10822	0.10267	0.5	38420	3944	36448	219240	5.71
2000-2009	88	0.12138	0.11443	0.5	34475	3945	32503	182792	5.30
2000-2009	89	0.13665	0.12791	0.5	30530	3905	28578	150289	4.92
2000-2009	90	0.15101	0.14041	0.5	26625	3738	24756	121711	4.57
2000-2009	91	0.17054	0.15714	0.5	22887	3596	21088	96956	4.24
2000-2009	92	0.19027	0.17374	0.5	19290	3351	17615	75867	3.93
2000-2009	93	0.21068	0.19060	0.5	15939	3038	14420	58253	3.65
2000-2009	94	0.23289	0.20860	0.5	12901	2691	11555	43833	3.40
2000-2009	95	0.25625	0.22715	0.5	10210	2319	9050	32278	3.16
2000-2009	96	0.28162	0.24686	0.5	7891	1948	6917	23227	2.94
2000-2009	97	0.30846	0.26724	0.5	5943	1588	5149	16311	2.74
2000-2009	98	0.33665	0.28815	0.5	4355	1255	3727	11162	2.56
2000-2009	99	0.36606	0.30943	0.5	3100	959	2620	7435	2.40
2000-2009	100	0.39651	0.33090	0.5	2141	708	1786	4814	2.25
2000-2009	101	0.42777	0.35240	0.5	1432	505	1180	3028	2.11
2000-2009	102	0.45963	0.37374	0.5	928	347	754	1848	1.99
2000-2009	103	0.49182	0.39475	0.5	581	229	466	1094	1.88
2000-2009	104	0.52407	0.41526	0.5	352	146	279	628	1.78
2000-2009	105	0.55613	0.43514	0.5	206	89	161	349	1.70
2000-2009	106	0.58773	0.45424	0.5	116	53	90	188	1.62
2000-2009	107	0.61862	0.47248	0.5	63	30	48	98	1.55
2000-2009	108	0.64858	0.48975	0.5	33	16	25	50	1.49
2000-2009	109	0.67741	0.50602	0.5	17	9	13	25	1.45
2000-2009	110+	0.70495	1.00000	1.42	8	8	12	12	1.42
2010-2019	0	0.00467	0.00465	0.07	100000	465	99566	8210250	82.10
2010-2019	1	0.00028	0.00028	0.5	99535	28	99521	8110684	81.49
2010-2019	2	0.00018	0.00018	0.5	99508	18	99499	8011163	80.51
2010-2019	3	0.00014	0.00014	0.5	99489	14	99482	7911664	79.52
2010-2019	4	0.00011	0.00011	0.5	99476	11	99470	7812182	78.53
2010-2019	5	0.00009	0.00009	0.5	99464	9	99460	7712712	77.54
2010-2019	6	0.00010	0.00010	0.5	99455	10	99450	7613252	76.55
2010-2019	7	0.00008	0.00008	0.5	99445	8	99441	7513802	75.56
2010-2019	8	0.00010	0.00010	0.5	99437	10	99432	7414360	74.56
2010-2019	9	0.00008	0.00008	0.5	99427	8	99423	7314928	73.57
2010-2019	10	0.00008	0.00008	0.5	99419	8	99415	7215505	72.58
2010-2019	11	0.00009	0.00009	0.5	99411	9	99407	7116089	71.58
2010-2019	12	0.00009	0.00009	0.5	99403	9	99398	7016682	70.59
2010-2019	13	0.00011	0.00011	0.5	99394	11	99388	6917284	69.59
2010-2019	14	0.00013	0.00013	0.5	99383	13	99376	6817896	68.60
2010-2019	15	0.00013	0.00013	0.5	99370	13	99363	6718520	67.61
2010-2019	16	0.00016	0.00016	0.5	99357	16	99349	6619157	66.62
2010-2019	17	0.00021	0.00021	0.5	99341	21	99330	6519808	65.63
2010-2019	18	0.00026	0.00026	0.5	99320	26	99307	6420478	64.64
2010-2019	19	0.00030	0.00030	0.5	99294	29	99279	6321171	63.66
2010-2019	20	0.00036	0.00036	0.5	99264	36	99247	6221892	62.68
2010-2019	21	0.00040	0.00040	0.5	99229	40	99209	6122645	61.70
2010-2019	22	0.00043	0.00043	0.5	99189	42	99168	6023437	60.73
2010-2019	23	0.00046	0.00046	0.5	99146	45	99124	5924269	59.75
2010-2019	24	0.00047	0.00047	0.5	99101	46	99078	5825145	58.78
2010-2019	25	0.00048	0.00048	0.5	99055	48	99031	5726067	57.81
2010-2019	26	0.00054	0.00054	0.5	99007	53	98980	5627036	56.83
2010-2019	27	0.00055	0.00055	0.5	98954	55	98926	5528056	55.87
2010-2019	28	0.00058	0.00058	0.5	98899	58	98870	5429129	54.90
2010-2019	29	0.00061	0.00061	0.5	98842	60	98811	5330259	53.93
2010-2019	30	0.00066	0.00066	0.5	98781	65	98749	5231448	52.96
2010-2019	31	0.00070	0.00070	0.5	98716	69	98682	5132699	51.99
2010-2019	32	0.00072	0.00072	0.5	98647	71	98612	5034017	51.03
2010-2019	33	0.00073	0.00073	0.5	98577	72	98540	4935405	50.07
2010-2019	34	0.00080	0.00080	0.5	98504	79	98465	4836865	49.10
2010-2019	35	0.00084	0.00084	0.5	98426	83	98384	4738400	48.14
2010-2019	36	0.00091	0.00091	0.5	98343	89	98298	4640015	47.18
2010-2019	37	0.00094	0.00094	0.5	98254	92	98208	4541717	46.22
2010-2019	38	0.00099	0.00099	0.5	98162	98	98113	4443509	45.27
2010-2019	39	0.00106	0.00105	0.5	98064	103	98012	4345396	44.31
2010-2019	40	0.00115	0.00115	0.5	97961	112	97905	4247384	43.36
2010-2019	41	0.00121	0.00121	0.5	97848	119	97789	4149479	42.41
2010-2019	42	0.00134	0.00134	0.5	97730	131	97664	4051690	41.46
2010-2019	43	0.00145	0.00145	0.5	97598	141	97528	3954026	40.51
2010-2019	44	0.00154	0.00154	0.5	97457	150	97383	3856498	39.57
2010-2019	45	0.00173	0.00173	0.5	97308	168	97224	3759116	38.63
2010-2019	46	0.00192	0.00191	0.5	97139	186	97046	3661892	37.70
2010-2019	47	0.00211	0.00210	0.5	96953	204	96851	3564846	36.77
2010-2019	48	0.00226	0.00225	0.5	96749	218	96640	3467994	35.85
2010-2019	49	0.00246	0.00246	0.5	96531	238	96413	3371354	34.92
2010-2019	50	0.00277	0.00276	0.5	96294	266	96161	3274941	34.01
2010-2019	51	0.00300	0.00300	0.5	96028	288	95884	3178781	33.10
2010-2019	52	0.00326	0.00326	0.5	95740	312	95584	3082897	32.20
2010-2019	53	0.00344	0.00343	0.5	95428	327	95265	2987313	31.30
2010-2019	54	0.00376	0.00375	0.5	95101	357	94923	2892048	30.41
2010-2019	55	0.00403	0.00402	0.5	94744	381	94554	2797126	29.52
2010-2019	56	0.00449	0.00448	0.5	94363	423	94152	2702572	28.64
2010-2019	57	0.00481	0.00479	0.5	93941	450	93715	2608420	27.77
2010-2019	58	0.00514	0.00512	0.5	93490	479	93251	2514705	26.90
2010-2019	59	0.00548	0.00546	0.5	93011	508	92757	2421454	26.03
2010-2019	60	0.00595	0.00594	0.5	92503	549	92229	2328697	25.17
2010-2019	61	0.00646	0.00644	0.5	91954	592	91658	2236468	24.32
2010-2019	62	0.00706	0.00703	0.5	91362	643	91041	2144810	23.48
2010-2019	63	0.00755	0.00752	0.5	90719	682	90378	2053770	22.64
2010-2019	64	0.00828	0.00824	0.5	90037	742	89666	1963391	21.81
2010-2019	65	0.00897	0.00893	0.5	89295	797	88897	1873725	20.98
2010-2019	66	0.00980	0.00975	0.5	88498	863	88066	1784829	20.17
2010-2019	67	0.01079	0.01073	0.5	87635	941	87164	1696763	19.36
2010-2019	68	0.01177	0.01170	0.5	86694	1015	86187	1609598	18.57
2010-2019	69	0.01296	0.01287	0.5	85679	1103	85128	1523412	17.78
2010-2019	70	0.01442	0.01432	0.5	84577	1211	83971	1438284	17.01
2010-2019	71	0.01569	0.01556	0.5	83365	1298	82717	1354313	16.25
2010-2019	72	0.01727	0.01712	0.5	82068	1405	81365	1271596	15.49
2010-2019	73	0.01899	0.01881	0.5	80663	1517	79904	1190231	14.76
2010-2019	74	0.02100	0.02078	0.5	79145	1645	78323	1110327	14.03
2010-2019	75	0.02311	0.02284	0.5	77500	1770	76615	1032004	13.32
2010-2019	76	0.02559	0.02526	0.5	75730	1913	74773	955389	12.62
2010-2019	77	0.02828	0.02788	0.5	73817	2058	72788	880616	11.93
2010-2019	78	0.03124	0.03075	0.5	71759	2207	70655	807828	11.26
2010-2019	79	0.03461	0.03402	0.5	69552	2366	68369	737173	10.60
2010-2019	80	0.04068	0.03987	0.5	67186	2679	65846	668804	9.95
2010-2019	81	0.04552	0.04451	0.5	64507	2871	63071	602958	9.35
2010-2019	82	0.05154	0.05024	0.5	61636	3097	60087	539886	8.76
2010-2019	83	0.05764	0.05603	0.5	58539	3280	56899	479799	8.20
2010-2019	84	0.06489	0.06285	0.5	55259	3473	53523	422900	7.65
2010-2019	85	0.07298	0.07041	0.5	51786	3646	49963	369377	7.13
2010-2019	86	0.08222	0.07898	0.5	48140	3802	46239	319414	6.64
2010-2019	87	0.09373	0.08953	0.5	44338	3970	42353	273175	6.16
2010-2019	88	0.10478	0.09956	0.5	40369	4019	38359	230821	5.72
2010-2019	89	0.11966	0.11291	0.5	36349	4104	34297	192462	5.29
2010-2019	90	0.13578	0.12715	0.5	32245	4100	30195	158165	4.91
2010-2019	91	0.15153	0.14086	0.5	28145	3964	26163	127970	4.55
2010-2019	92	0.17040	0.15702	0.5	24181	3797	22282	101807	4.21
2010-2019	93	0.19002	0.17353	0.5	20384	3537	18615	79524	3.90
2010-2019	94	0.21403	0.19334	0.5	16847	3257	15218	60909	3.62
2010-2019	95	0.23401	0.20950	0.5	13590	2847	12166	45690	3.36
2010-2019	96	0.25887	0.22920	0.5	10743	2462	9511	33524	3.12
2010-2019	97	0.28537	0.24974	0.5	8280	2068	7246	24013	2.90
2010-2019	98	0.31345	0.27098	0.5	6212	1683	5371	16767	2.70
2010-2019	99	0.34296	0.29276	0.5	4529	1326	3866	11396	2.52
2010-2019	100	0.37374	0.31489	0.5	3203	1009	2699	7530	2.35
2010-2019	101	0.40557	0.33719	0.5	2194	740	1824	4831	2.20
2010-2019	102	0.43822	0.35946	0.5	1455	523	1193	3007	2.07
2010-2019	103	0.47141	0.38149	0.5	932	355	754	1813	1.95
2010-2019	104	0.50486	0.40310	0.5	576	232	460	1059	1.84
2010-2019	105	0.53826	0.42412	0.5	344	146	271	599	1.74
2010-2019	106	0.57132	0.44438	0.5	198	88	154	328	1.66
2010-2019	107	0.60376	0.46376	0.5	110	51	85	174	1.58
2010-2019	108	0.63531	0.48215	0.5	59	28	45	90	1.52
2010-2019	109	0.66574	0.49948	0.5	31	15	23	45	1.47
2010-2019	110+	0.69485	1.00000	1.44	15	15	22	22	1.44
2020-2022	0	0.00408	0.00407	0.06	100000	407	99619	8121826	81.22
2020-2022	1	0.00025	0.00025	0.5	99593	24	99581	8022207	80.55
2020-2022	2	0.00017	0.00017	0.5	99569	17	99560	7922626	79.57
2020-2022	3	0.00013	0.00013	0.5	99552	13	99546	7823065	78.58
2020-2022	4	0.00013	0.00013	0.5	99539	13	99533	7723520	77.59
2020-2022	5	0.00011	0.00011	0.5	99526	11	99521	7623987	76.60
2020-2022	6	0.00009	0.00009	0.5	99515	9	99511	7524467	75.61
2020-2022	7	0.00008	0.00008	0.5	99506	8	99502	7424956	74.62
2020-2022	8	0.00009	0.00009	0.5	99498	9	99493	7325454	73.62
2020-2022	9	0.00008	0.00008	0.5	99488	8	99484	7225961	72.63
2020-2022	10	0.00007	0.00007	0.5	99481	7	99477	7126477	71.64
2020-2022	11	0.00010	0.00010	0.5	99473	10	99468	7027000	70.64
2020-2022	12	0.00011	0.00011	0.5	99464	11	99458	6927532	69.65
2020-2022	13	0.00011	0.00011	0.5	99453	11	99447	6828074	68.66
2020-2022	14	0.00014	0.00014	0.5	99442	13	99435	6728626	67.66
2020-2022	15	0.00013	0.00013	0.5	99428	13	99422	6629191	66.67
2020-2022	16	0.00016	0.00016	0.5	99415	16	99407	6529769	65.68
2020-2022	17	0.00023	0.00023	0.5	99400	23	99388	6430362	64.69
2020-2022	18	0.00027	0.00027	0.5	99377	27	99363	6330974	63.71
2020-2022	19	0.00031	0.00031	0.5	99350	31	99334	6231610	62.72
2020-2022	20	0.00037	0.00037	0.5	99319	37	99300	6132276	61.74
2020-2022	21	0.00039	0.00039	0.5	99282	39	99262	6032976	60.77
2020-2022	22	0.00042	0.00042	0.5	99242	42	99222	5933714	59.79
2020-2022	23	0.00046	0.00046	0.5	99201	46	99178	5834492	58.82
2020-2022	24	0.00050	0.00050	0.5	99155	49	99130	5735315	57.84
2020-2022	25	0.00061	0.00061	0.5	99105	61	99075	5636185	56.87
2020-2022	26	0.00063	0.00063	0.5	99045	62	99014	5537109	55.91
2020-2022	27	0.00070	0.00070	0.5	98983	69	98948	5438096	54.94
2020-2022	28	0.00069	0.00069	0.5	98914	68	98879	5339147	53.98
2020-2022	29	0.00078	0.00078	0.5	98845	77	98807	5240268	53.01
2020-2022	30	0.00082	0.00082	0.5	98768	81	98727	5141461	52.06
2020-2022	31	0.00091	0.00091	0.5	98687	90	98642	5042734	51.10
2020-2022	32	0.00095	0.00095	0.5	98597	94	98550	4944092	50.14
2020-2022	33	0.00102	0.00102	0.5	98503	100	98453	4845542	49.19
2020-2022	34	0.00105	0.00105	0.5	98403	104	98351	4747089	48.24
2020-2022	35	0.00114	0.00114	0.5	98300	112	98244	4648738	47.29
2020-2022	36	0.00124	0.00124	0.5	98188	122	98127	4550494	46.34
2020-2022	37	0.00126	0.00126	0.5	98066	124	98004	4452367	45.40
2020-2022	38	0.00138	0.00138	0.5	97942	135	97875	4354363	44.46
2020-2022	39	0.00140	0.00140	0.5	97807	137	97738	4256488	43.52
2020-2022	40	0.00160	0.00160	0.5	97670	156	97592	4158750	42.58
2020-2022	41	0.00162	0.00162	0.5	97514	158	97435	4061158	41.65
2020-2022	42	0.00170	0.00170	0.5	97356	165	97273	3963723	40.71
2020-2022	43	0.00179	0.00179	0.5	97191	174	97104	3866450	39.78
2020-2022	44	0.00182	0.00182	0.5	97016	177	96928	3769347	38.85
2020-2022	45	0.00199	0.00198	0.5	96840	192	96744	3672419	37.92
2020-2022	46	0.00227	0.00227	0.5	96648	219	96538	3575675	37.00
2020-2022	47	0.00239	0.00238	0.5	96428	230	96313	3479137	36.08
2020-2022	48	0.00250	0.00249	0.5	96198	240	96078	3382824	35.17
2020-2022	49	0.00276	0.00276	0.5	95958	264	95826	3286745	34.25
2020-2022	50	0.00308	0.00308	0.5	95694	295	95547	3190919	33.34
2020-2022	51	0.00329	0.00329	0.5	95400	314	95243	3095372	32.45
2020-2022	52	0.00360	0.00360	0.5	95086	342	94915	3000129	31.55
2020-2022	53	0.00381	0.00381	0.5	94744	361	94563	2905215	30.66
2020-2022	54	0.00409	0.00408	0.5	94383	385	94190	2810651	29.78
2020-2022	55	0.00463	0.00462	0.5	93998	434	93781	2716461	28.90
2020-2022	56	0.00491	0.00489	0.5	93564	458	93335	2622680	28.03
2020-2022	57	0.00534	0.00533	0.5	93106	496	92858	2529345	27.17
2020-2022	58	0.00585	0.00583	0.5	92610	540	92340	2436488	26.31
2020-2022	59	0.00640	0.00638	0.5	92070	587	91776	2344148	25.46
2020-2022	60	0.00680	0.00678	0.5	91482	620	91172	2252372	24.62
2020-2022	61	0.00757	0.00755	0.5	90862	686	90519	2161199	23.79
2020-2022	62	0.00816	0.00812	0.5	90177	732	89810	2070680	22.96
2020-2022	63	0.00872	0.00868	0.5	89444	777	89056	1980870	22.15
2020-2022	64	0.00958	0.00953	0.5	88667	845	88245	1891814	21.34
2020-2022	65	0.01021	0.01016	0.5	87822	893	87376	1803569	20.54
2020-2022	66	0.01081	0.01075	0.5	86930	935	86462	1716193	19.74
2020-2022	67	0.01181	0.01174	0.5	85995	1010	85490	1629731	18.95
2020-2022	68	0.01285	0.01276	0.5	84985	1085	84443	1544241	18.17
2020-2022	69	0.01363	0.01354	0.5	83901	1136	83333	1459798	17.40
2020-2022	70	0.01497	0.01486	0.5	82765	1230	82150	1376465	16.63
2020-2022	71	0.01658	0.01644	0.5	81535	1341	80865	1294315	15.87
2020-2022	72	0.01805	0.01789	0.5	80194	1435	79477	1213450	15.13
2020-2022	73	0.02066	0.02045	0.5	78760	1611	77954	1133973	14.40
2020-2022	74	0.02281	0.02256	0.5	77149	1740	76279	1056019	13.69
2020-2022	75	0.02472	0.02442	0.5	75409	1841	74488	979740	12.99
2020-2022	76	0.02705	0.02669	0.5	73567	1964	72586	905252	12.31
2020-2022	77	0.03145	0.03096	0.5	71604	2217	70495	832667	11.63
2020-2022	78	0.03484	0.03424	0.5	69387	2376	68199	762171	10.98
2020-2022	79	0.03852	0.03780	0.5	67011	2533	65744	693973	10.36
2020-2022	80	0.04195	0.04109	0.5	64478	2649	63153	628228	9.74
2020-2022	81	0.04694	0.04586	0.5	61829	2836	60411	565075	9.14
2020-2022	82	0.05221	0.05088	0.5	58993	3002	57492	504664	8.55
2020-2022	83	0.05996	0.05821	0.5	55991	3259	54362	447172	7.99
2020-2022	84	0.06800	0.06576	0.5	52732	3468	50998	392810	7.45
2020-2022	85	0.07741	0.07453	0.5	49264	3671	47428	341812	6.94
2020-2022	86	0.08652	0.08293	0.5	45593	3781	43702	294384	6.46
2020-2022	87	0.09647	0.09203	0.5	41812	3848	39888	250681	6.00
2020-2022	88	0.10921	0.10356	0.5	37964	3931	35998	210794	5.55
2020-2022	89	0.12508	0.11772	0.5	34032	4006	32029	174796	5.14
2020-2022	90	0.14205	0.13263	0.5	30026	3982	28035	142767	4.75
2020-2022	91	0.15741	0.14592	0.5	26044	3800	24143	114732	4.41
2020-2022	92	0.17700	0.16261	0.5	22243	3617	20435	90589	4.07
2020-2022	93	0.19875	0.18078	0.5	18626	3367	16942	70154	3.77
2020-2022	94	0.22298	0.20061	0.5	15259	3061	13728	53212	3.49
2020-2022	95	0.24560	0.21874	0.5	12198	2668	10864	39483	3.24
2020-2022	96	0.27166	0.23918	0.5	9530	2279	8390	28620	3.00
2020-2022	97	0.29940	0.26041	0.5	7250	1888	6306	20230	2.79
2020-2022	98	0.32868	0.28229	0.5	5362	1514	4605	13924	2.60
2020-2022	99	0.35937	0.30463	0.5	3849	1172	3262	9318	2.42
2020-2022	100	0.39124	0.32723	0.5	2676	876	2238	6056	2.26
2020-2022	101	0.42408	0.34989	0.5	1800	630	1485	3818	2.12
2020-2022	102	0.45759	0.37239	0.5	1170	436	953	2332	1.99
2020-2022	103	0.49150	0.39454	0.5	735	290	590	1380	1.88
2020-2022	104	0.52548	0.41614	0.5	445	185	352	790	1.78
2020-2022	105	0.55923	0.43703	0.5	260	113	203	438	1.69
2020-2022	106	0.59244	0.45705	0.5	146	67	113	235	1.61
2020-2022	107	0.62483	0.47609	0.5	79	38	60	122	1.54
2020-2022	108	0.65614	0.49405	0.5	42	21	31	61	1.48
2020-2022	109	0.68614	0.51088	0.5	21	11	16	30	1.43
2020-2022	110+	0.71467	1.00000	1.4	10	10	14	14	1.40
