Div2: Div2, Lifetables (period 1x10), Males Last modified: February 4 2025, MPv5 (May07) 

Year     	Age	mx	qx	ax	lx	dx	Lx	Tx	ex
1941-1949	0	0.03761	0.03644	0.15	100000	3644	96888	6384179	63.84
1941-1949	1	0.00267	0.00267	0.5	96356	257	96227	6287291	65.25
1941-1949	2	0.00172	0.00172	0.5	96099	165	96016	6191064	64.42
1941-1949	3	0.00140	0.00140	0.5	95934	134	95867	6095047	63.53
1941-1949	4	0.00119	0.00119	0.5	95800	114	95743	5999180	62.62
1941-1949	5	0.00107	0.00107	0.5	95686	102	95635	5903437	61.70
1941-1949	6	0.00099	0.00099	0.5	95584	95	95537	5807802	60.76
1941-1949	7	0.00093	0.00093	0.5	95489	89	95445	5712266	59.82
1941-1949	8	0.00088	0.00088	0.5	95400	84	95358	5616821	58.88
1941-1949	9	0.00084	0.00084	0.5	95316	80	95276	5521463	57.93
1941-1949	10	0.00080	0.00080	0.5	95236	77	95198	5426188	56.98
1941-1949	11	0.00080	0.00080	0.5	95159	76	95121	5330990	56.02
1941-1949	12	0.00084	0.00084	0.5	95083	80	95043	5235869	55.07
1941-1949	13	0.00091	0.00091	0.5	95003	86	94960	5140826	54.11
1941-1949	14	0.00100	0.00100	0.5	94917	95	94869	5045866	53.16
1941-1949	15	0.00112	0.00112	0.5	94822	106	94769	4950996	52.21
1941-1949	16	0.00124	0.00124	0.5	94715	117	94657	4856228	51.27
1941-1949	17	0.00134	0.00134	0.5	94598	127	94535	4761571	50.33
1941-1949	18	0.00144	0.00144	0.5	94471	136	94403	4667036	49.40
1941-1949	19	0.00153	0.00152	0.5	94335	144	94263	4572633	48.47
1941-1949	20	0.00160	0.00160	0.5	94191	151	94116	4478370	47.55
1941-1949	21	0.00166	0.00166	0.5	94041	156	93962	4384255	46.62
1941-1949	22	0.00171	0.00171	0.5	93884	161	93804	4290292	45.70
1941-1949	23	0.00174	0.00174	0.5	93724	163	93642	4196488	44.78
1941-1949	24	0.00176	0.00175	0.5	93560	164	93478	4102846	43.85
1941-1949	25	0.00176	0.00176	0.5	93396	164	93314	4009368	42.93
1941-1949	26	0.00178	0.00178	0.5	93232	166	93149	3916054	42.00
1941-1949	27	0.00182	0.00182	0.5	93066	170	92982	3822904	41.08
1941-1949	28	0.00190	0.00190	0.5	92897	176	92809	3729923	40.15
1941-1949	29	0.00201	0.00200	0.5	92720	186	92627	3637114	39.23
1941-1949	30	0.00213	0.00213	0.5	92534	197	92436	3544487	38.30
1941-1949	31	0.00227	0.00227	0.5	92337	210	92232	3452051	37.39
1941-1949	32	0.00243	0.00243	0.5	92128	224	92016	3359819	36.47
1941-1949	33	0.00261	0.00261	0.5	91904	240	91784	3267803	35.56
1941-1949	34	0.00282	0.00281	0.5	91664	258	91535	3176019	34.65
1941-1949	35	0.00307	0.00307	0.5	91406	280	91266	3084484	33.74
1941-1949	36	0.00335	0.00334	0.5	91126	304	90974	2993218	32.85
1941-1949	37	0.00366	0.00366	0.5	90821	332	90655	2902244	31.96
1941-1949	38	0.00406	0.00405	0.5	90489	366	90306	2811588	31.07
1941-1949	39	0.00450	0.00449	0.5	90123	405	89921	2721282	30.20
1941-1949	40	0.00499	0.00498	0.5	89718	447	89495	2631361	29.33
1941-1949	41	0.00547	0.00546	0.5	89272	487	89028	2541866	28.47
1941-1949	42	0.00604	0.00602	0.5	88784	534	88517	2452838	27.63
1941-1949	43	0.00665	0.00663	0.5	88250	585	87958	2364321	26.79
1941-1949	44	0.00725	0.00722	0.5	87665	633	87348	2276364	25.97
1941-1949	45	0.00796	0.00793	0.5	87032	690	86686	2189015	25.15
1941-1949	46	0.00870	0.00866	0.5	86341	748	85967	2102329	24.35
1941-1949	47	0.00949	0.00945	0.5	85593	809	85189	2016361	23.56
1941-1949	48	0.01044	0.01039	0.5	84785	881	84345	1931172	22.78
1941-1949	49	0.01156	0.01149	0.5	83904	964	83422	1846828	22.01
1941-1949	50	0.01287	0.01279	0.5	82940	1061	82410	1763406	21.26
1941-1949	51	0.01405	0.01395	0.5	81879	1142	81308	1680996	20.53
1941-1949	52	0.01526	0.01514	0.5	80737	1223	80125	1599688	19.81
1941-1949	53	0.01661	0.01647	0.5	79514	1309	78859	1519563	19.11
1941-1949	54	0.01797	0.01781	0.5	78205	1393	77508	1440703	18.42
1941-1949	55	0.01953	0.01934	0.5	76812	1486	76069	1363195	17.75
1941-1949	56	0.02108	0.02086	0.5	75326	1571	74540	1287127	17.09
1941-1949	57	0.02269	0.02244	0.5	73755	1655	72927	1212586	16.44
1941-1949	58	0.02453	0.02423	0.5	72100	1747	71226	1139659	15.81
1941-1949	59	0.02649	0.02614	0.5	70353	1839	69433	1068433	15.19
1941-1949	60	0.02867	0.02826	0.5	68514	1936	67545	998999	14.58
1941-1949	61	0.03077	0.03030	0.5	66577	2017	65569	931454	13.99
1941-1949	62	0.03319	0.03264	0.5	64560	2107	63506	865885	13.41
1941-1949	63	0.03600	0.03536	0.5	62453	2208	61348	802379	12.85
1941-1949	64	0.03873	0.03800	0.5	60244	2289	59100	741031	12.30
1941-1949	65	0.04204	0.04118	0.5	57955	2386	56762	681931	11.77
1941-1949	66	0.04522	0.04422	0.5	55569	2457	54340	625169	11.25
1941-1949	67	0.04848	0.04734	0.5	53111	2514	51854	570828	10.75
1941-1949	68	0.05256	0.05122	0.5	50597	2591	49302	518974	10.26
1941-1949	69	0.05684	0.05526	0.5	48006	2653	46679	469672	9.78
1941-1949	70	0.06166	0.05982	0.5	45353	2713	43996	422993	9.33
1941-1949	71	0.06603	0.06392	0.5	42640	2726	41277	378997	8.89
1941-1949	72	0.07095	0.06852	0.5	39914	2735	38547	337720	8.46
1941-1949	73	0.07706	0.07420	0.5	37179	2759	35800	299173	8.05
1941-1949	74	0.08309	0.07978	0.5	34421	2746	33048	263373	7.65
1941-1949	75	0.08991	0.08605	0.5	31675	2725	30312	230325	7.27
1941-1949	76	0.09633	0.09191	0.5	28949	2661	27619	200013	6.91
1941-1949	77	0.10237	0.09738	0.5	26289	2560	25008	172394	6.56
1941-1949	78	0.10995	0.10422	0.5	23728	2473	22492	147386	6.21
1941-1949	79	0.11843	0.11181	0.5	21256	2376	20067	124894	5.88
1941-1949	80	0.12744	0.11980	0.5	18879	2262	17748	104827	5.55
1941-1949	81	0.13794	0.12904	0.5	16617	2144	15545	87078	5.24
1941-1949	82	0.14948	0.13909	0.5	14473	2013	13467	71533	4.94
1941-1949	83	0.16217	0.15000	0.5	12460	1869	11525	58067	4.66
1941-1949	84	0.17565	0.16147	0.5	10591	1710	9736	46541	4.39
1941-1949	85	0.18962	0.17320	0.5	8881	1538	8112	36805	4.14
1941-1949	86	0.20485	0.18581	0.5	7343	1364	6661	28694	3.91
1941-1949	87	0.22190	0.19974	0.5	5978	1194	5381	22033	3.69
1941-1949	88	0.24064	0.21480	0.5	4784	1028	4270	16652	3.48
1941-1949	89	0.26043	0.23043	0.5	3757	866	3324	12381	3.30
1941-1949	90	0.27981	0.24547	0.5	2891	710	2536	9058	3.13
1941-1949	91	0.29718	0.25874	0.5	2181	564	1899	6521	2.99
1941-1949	92	0.31140	0.26944	0.5	1617	436	1399	4622	2.86
1941-1949	93	0.32168	0.27711	0.5	1181	327	1018	3223	2.73
1941-1949	94	0.33294	0.28542	0.5	854	244	732	2206	2.58
1941-1949	95	0.37534	0.31603	0.5	610	193	514	1474	2.42
1941-1949	96	0.39768	0.33172	0.5	417	138	348	960	2.30
1941-1949	97	0.42045	0.34742	0.5	279	97	230	612	2.19
1941-1949	98	0.44357	0.36305	0.5	182	66	149	381	2.09
1941-1949	99	0.46693	0.37855	0.5	116	44	94	232	2.00
1941-1949	100	0.49044	0.39386	0.5	72	28	58	138	1.92
1941-1949	101	0.51399	0.40890	0.5	44	18	35	80	1.84
1941-1949	102	0.53748	0.42363	0.5	26	11	20	46	1.77
1941-1949	103	0.56080	0.43799	0.5	15	7	12	25	1.71
1941-1949	104	0.58386	0.45193	0.5	8	4	6	14	1.65
1941-1949	105	0.60656	0.46541	0.5	5	2	4	7	1.59
1941-1949	106	0.62881	0.47840	0.5	2	1	2	4	1.54
1941-1949	107	0.65052	0.49086	0.5	1	1	1	2	1.50
1941-1949	108	0.67163	0.50278	0.5	1	0	0	1	1.46
1941-1949	109	0.69206	0.51415	0.5	0	0	0	0	1.43
1941-1949	110+	0.71177	1.00000	1.4	0	0	0	0	1.40
1950-1959	0	0.02867	0.02797	0.12	100000	2797	97544	6634183	66.34
1950-1959	1	0.00168	0.00167	0.5	97203	163	97122	6536639	67.25
1950-1959	2	0.00111	0.00111	0.5	97041	108	96987	6439517	66.36
1950-1959	3	0.00086	0.00086	0.5	96933	84	96891	6342530	65.43
1950-1959	4	0.00071	0.00071	0.5	96849	69	96815	6245639	64.49
1950-1959	5	0.00066	0.00066	0.5	96780	64	96748	6148824	63.53
1950-1959	6	0.00061	0.00061	0.5	96716	59	96686	6052076	62.58
1950-1959	7	0.00058	0.00058	0.5	96657	56	96629	5955390	61.61
1950-1959	8	0.00053	0.00053	0.5	96601	52	96575	5858761	60.65
1950-1959	9	0.00050	0.00050	0.5	96550	48	96526	5762185	59.68
1950-1959	10	0.00046	0.00046	0.5	96502	44	96480	5665660	58.71
1950-1959	11	0.00047	0.00047	0.5	96458	45	96435	5569180	57.74
1950-1959	12	0.00051	0.00051	0.5	96413	49	96388	5472745	56.76
1950-1959	13	0.00056	0.00056	0.5	96364	54	96337	5376357	55.79
1950-1959	14	0.00067	0.00067	0.5	96310	64	96278	5280020	54.82
1950-1959	15	0.00082	0.00082	0.5	96246	79	96206	5183741	53.86
1950-1959	16	0.00102	0.00102	0.5	96167	98	96118	5087535	52.90
1950-1959	17	0.00116	0.00116	0.5	96069	112	96013	4991417	51.96
1950-1959	18	0.00128	0.00128	0.5	95957	123	95896	4895404	51.02
1950-1959	19	0.00135	0.00135	0.5	95834	129	95769	4799508	50.08
1950-1959	20	0.00140	0.00140	0.5	95705	134	95638	4703739	49.15
1950-1959	21	0.00145	0.00144	0.5	95571	138	95502	4608101	48.22
1950-1959	22	0.00146	0.00146	0.5	95433	139	95363	4512599	47.29
1950-1959	23	0.00147	0.00146	0.5	95294	140	95224	4417236	46.35
1950-1959	24	0.00146	0.00146	0.5	95154	139	95085	4322012	45.42
1950-1959	25	0.00145	0.00145	0.5	95015	138	94946	4226927	44.49
1950-1959	26	0.00145	0.00145	0.5	94877	138	94809	4131981	43.55
1950-1959	27	0.00148	0.00148	0.5	94740	140	94670	4037173	42.61
1950-1959	28	0.00149	0.00149	0.5	94600	141	94529	3942503	41.68
1950-1959	29	0.00153	0.00153	0.5	94458	145	94386	3847974	40.74
1950-1959	30	0.00162	0.00162	0.5	94314	153	94238	3753588	39.80
1950-1959	31	0.00167	0.00167	0.5	94161	157	94083	3659350	38.86
1950-1959	32	0.00180	0.00179	0.5	94004	169	93920	3565267	37.93
1950-1959	33	0.00192	0.00192	0.5	93835	180	93745	3471347	36.99
1950-1959	34	0.00208	0.00208	0.5	93655	195	93558	3377602	36.06
1950-1959	35	0.00225	0.00225	0.5	93460	210	93355	3284045	35.14
1950-1959	36	0.00244	0.00244	0.5	93250	227	93136	3190690	34.22
1950-1959	37	0.00269	0.00269	0.5	93023	250	92898	3097553	33.30
1950-1959	38	0.00303	0.00302	0.5	92772	280	92632	3004656	32.39
1950-1959	39	0.00334	0.00334	0.5	92492	309	92337	2912024	31.48
1950-1959	40	0.00374	0.00373	0.5	92183	344	92011	2819686	30.59
1950-1959	41	0.00412	0.00411	0.5	91839	378	91650	2727675	29.70
1950-1959	42	0.00461	0.00460	0.5	91461	421	91251	2636025	28.82
1950-1959	43	0.00514	0.00512	0.5	91041	466	90807	2544774	27.95
1950-1959	44	0.00573	0.00572	0.5	90574	518	90315	2453967	27.09
1950-1959	45	0.00637	0.00635	0.5	90056	571	89770	2363651	26.25
1950-1959	46	0.00704	0.00702	0.5	89485	628	89171	2273881	25.41
1950-1959	47	0.00790	0.00786	0.5	88857	699	88508	2184710	24.59
1950-1959	48	0.00879	0.00875	0.5	88158	772	87772	2096203	23.78
1950-1959	49	0.00972	0.00967	0.5	87387	845	86964	2008430	22.98
1950-1959	50	0.01072	0.01067	0.5	86542	923	86080	1921466	22.20
1950-1959	51	0.01180	0.01173	0.5	85619	1005	85116	1835386	21.44
1950-1959	52	0.01305	0.01297	0.5	84614	1097	84065	1750270	20.69
1950-1959	53	0.01429	0.01419	0.5	83517	1185	82924	1666204	19.95
1950-1959	54	0.01555	0.01543	0.5	82332	1270	81696	1583280	19.23
1950-1959	55	0.01695	0.01681	0.5	81061	1363	80380	1501583	18.52
1950-1959	56	0.01836	0.01819	0.5	79699	1450	78974	1421204	17.83
1950-1959	57	0.01984	0.01964	0.5	78249	1537	77480	1342230	17.15
1950-1959	58	0.02178	0.02154	0.5	76712	1653	75886	1264749	16.49
1950-1959	59	0.02378	0.02350	0.5	75059	1764	74177	1188864	15.84
1950-1959	60	0.02582	0.02549	0.5	73296	1868	72362	1114686	15.21
1950-1959	61	0.02788	0.02750	0.5	71427	1964	70445	1042325	14.59
1950-1959	62	0.03043	0.02997	0.5	69463	2082	68423	971880	13.99
1950-1959	63	0.03301	0.03248	0.5	67382	2188	66287	903457	13.41
1950-1959	64	0.03585	0.03522	0.5	65193	2296	64045	837169	12.84
1950-1959	65	0.03908	0.03833	0.5	62897	2411	61692	773124	12.29
1950-1959	66	0.04197	0.04111	0.5	60487	2486	59243	711432	11.76
1950-1959	67	0.04559	0.04457	0.5	58000	2585	56708	652189	11.24
1950-1959	68	0.04893	0.04776	0.5	55415	2647	54092	595481	10.75
1950-1959	69	0.05241	0.05107	0.5	52768	2695	51421	541389	10.26
1950-1959	70	0.05645	0.05490	0.5	50073	2749	48699	489968	9.78
1950-1959	71	0.06023	0.05847	0.5	47325	2767	45941	441269	9.32
1950-1959	72	0.06513	0.06307	0.5	44557	2810	43152	395328	8.87
1950-1959	73	0.07005	0.06768	0.5	41747	2825	40334	352176	8.44
1950-1959	74	0.07585	0.07308	0.5	38922	2844	37500	311842	8.01
1950-1959	75	0.08237	0.07911	0.5	36077	2854	34650	274342	7.60
1950-1959	76	0.08842	0.08467	0.5	33223	2813	31817	239692	7.21
1950-1959	77	0.09546	0.09111	0.5	30410	2771	29025	207875	6.84
1950-1959	78	0.10385	0.09872	0.5	27639	2729	26275	178850	6.47
1950-1959	79	0.11244	0.10645	0.5	24911	2652	23585	152575	6.12
1950-1959	80	0.12067	0.11381	0.5	22259	2533	20992	128990	5.79
1950-1959	81	0.12945	0.12158	0.5	19726	2398	18527	107998	5.47
1950-1959	82	0.14067	0.13143	0.5	17328	2277	16189	89471	5.16
1950-1959	83	0.15383	0.14284	0.5	15050	2150	13975	73282	4.87
1950-1959	84	0.16646	0.15367	0.5	12901	1982	11909	59306	4.60
1950-1959	85	0.17889	0.16420	0.5	10918	1793	10022	47397	4.34
1950-1959	86	0.19275	0.17581	0.5	9125	1604	8323	37375	4.10
1950-1959	87	0.20883	0.18909	0.5	7521	1422	6810	29052	3.86
1950-1959	88	0.22484	0.20212	0.5	6099	1233	5483	22242	3.65
1950-1959	89	0.24342	0.21701	0.5	4866	1056	4338	16760	3.44
1950-1959	90	0.26281	0.23229	0.5	3810	885	3368	12422	3.26
1950-1959	91	0.27573	0.24232	0.5	2925	709	2571	9054	3.10
1950-1959	92	0.29676	0.25842	0.5	2216	573	1930	6483	2.93
1950-1959	93	0.31786	0.27427	0.5	1644	451	1418	4553	2.77
1950-1959	94	0.34387	0.29342	0.5	1193	350	1018	3135	2.63
1950-1959	95	0.35826	0.30383	0.5	843	256	715	2117	2.51
1950-1959	96	0.38011	0.31941	0.5	587	187	493	1402	2.39
1950-1959	97	0.40247	0.33505	0.5	399	134	332	909	2.28
1950-1959	98	0.42524	0.35068	0.5	266	93	219	577	2.17
1950-1959	99	0.44833	0.36623	0.5	172	63	141	358	2.08
1950-1959	100	0.47164	0.38164	0.5	109	42	88	217	1.99
1950-1959	101	0.49508	0.39685	0.5	68	27	54	129	1.90
1950-1959	102	0.51854	0.41178	0.5	41	17	32	75	1.83
1950-1959	103	0.54192	0.42639	0.5	24	10	19	42	1.76
1950-1959	104	0.56512	0.44062	0.5	14	6	11	23	1.70
1950-1959	105	0.58803	0.45442	0.5	8	3	6	13	1.64
1950-1959	106	0.61057	0.46777	0.5	4	2	3	7	1.58
1950-1959	107	0.63265	0.48062	0.5	2	1	2	3	1.54
1950-1959	108	0.65418	0.49294	0.5	1	1	1	2	1.49
1950-1959	109	0.67510	0.50473	0.5	1	0	0	1	1.46
1950-1959	110+	0.69534	1.00000	1.44	0	0	0	0	1.44
1960-1969	0	0.02627	0.02567	0.12	100000	2567	97729	6674670	66.75
1960-1969	1	0.00135	0.00135	0.5	97433	132	97367	6576941	67.50
1960-1969	2	0.00090	0.00090	0.5	97301	88	97257	6479574	66.59
1960-1969	3	0.00073	0.00073	0.5	97213	71	97177	6382317	65.65
1960-1969	4	0.00064	0.00064	0.5	97142	62	97111	6285140	64.70
1960-1969	5	0.00057	0.00057	0.5	97080	56	97052	6188029	63.74
1960-1969	6	0.00053	0.00053	0.5	97024	52	96998	6090977	62.78
1960-1969	7	0.00047	0.00047	0.5	96973	46	96950	5993979	61.81
1960-1969	8	0.00043	0.00043	0.5	96927	42	96906	5897029	60.84
1960-1969	9	0.00040	0.00040	0.5	96885	39	96866	5800124	59.87
1960-1969	10	0.00038	0.00038	0.5	96846	37	96828	5703258	58.89
1960-1969	11	0.00039	0.00039	0.5	96810	38	96791	5606430	57.91
1960-1969	12	0.00040	0.00040	0.5	96772	39	96752	5509640	56.93
1960-1969	13	0.00050	0.00050	0.5	96733	49	96708	5412887	55.96
1960-1969	14	0.00056	0.00056	0.5	96684	54	96657	5316179	54.99
1960-1969	15	0.00070	0.00070	0.5	96630	67	96596	5219522	54.02
1960-1969	16	0.00088	0.00088	0.5	96563	85	96520	5122926	53.05
1960-1969	17	0.00121	0.00121	0.5	96478	116	96420	5026405	52.10
1960-1969	18	0.00152	0.00152	0.5	96361	146	96288	4929986	51.16
1960-1969	19	0.00168	0.00168	0.5	96215	162	96134	4833697	50.24
1960-1969	20	0.00164	0.00164	0.5	96054	157	95975	4737563	49.32
1960-1969	21	0.00174	0.00174	0.5	95896	166	95813	4641588	48.40
1960-1969	22	0.00175	0.00174	0.5	95730	167	95646	4545775	47.49
1960-1969	23	0.00165	0.00165	0.5	95563	157	95484	4450128	46.57
1960-1969	24	0.00163	0.00163	0.5	95406	156	95328	4354644	45.64
1960-1969	25	0.00167	0.00167	0.5	95250	159	95171	4259316	44.72
1960-1969	26	0.00162	0.00162	0.5	95091	154	95014	4164145	43.79
1960-1969	27	0.00170	0.00169	0.5	94937	161	94857	4069131	42.86
1960-1969	28	0.00168	0.00168	0.5	94776	159	94697	3974274	41.93
1960-1969	29	0.00172	0.00172	0.5	94617	162	94536	3879577	41.00
1960-1969	30	0.00179	0.00179	0.5	94455	169	94370	3785041	40.07
1960-1969	31	0.00183	0.00183	0.5	94286	172	94200	3690671	39.14
1960-1969	32	0.00191	0.00191	0.5	94114	179	94024	3596471	38.21
1960-1969	33	0.00206	0.00205	0.5	93934	193	93838	3502447	37.29
1960-1969	34	0.00219	0.00218	0.5	93741	205	93639	3408610	36.36
1960-1969	35	0.00246	0.00246	0.5	93536	230	93422	3314971	35.44
1960-1969	36	0.00255	0.00254	0.5	93307	237	93188	3221549	34.53
1960-1969	37	0.00283	0.00283	0.5	93069	263	92938	3128361	33.61
1960-1969	38	0.00314	0.00313	0.5	92806	291	92661	3035423	32.71
1960-1969	39	0.00339	0.00338	0.5	92516	313	92359	2942762	31.81
1960-1969	40	0.00387	0.00387	0.5	92203	356	92024	2850403	30.91
1960-1969	41	0.00399	0.00398	0.5	91846	365	91663	2758379	30.03
1960-1969	42	0.00458	0.00457	0.5	91481	418	91272	2666715	29.15
1960-1969	43	0.00491	0.00490	0.5	91063	446	90840	2575444	28.28
1960-1969	44	0.00542	0.00540	0.5	90617	490	90372	2484604	27.42
1960-1969	45	0.00614	0.00613	0.5	90127	552	89851	2394232	26.57
1960-1969	46	0.00658	0.00655	0.5	89575	587	89281	2304381	25.73
1960-1969	47	0.00741	0.00738	0.5	88988	657	88659	2215100	24.89
1960-1969	48	0.00813	0.00809	0.5	88331	715	87974	2126440	24.07
1960-1969	49	0.00896	0.00892	0.5	87616	782	87225	2038466	23.27
1960-1969	50	0.01024	0.01019	0.5	86835	885	86392	1951241	22.47
1960-1969	51	0.01088	0.01082	0.5	85950	930	85485	1864849	21.70
1960-1969	52	0.01239	0.01232	0.5	85020	1047	84496	1779364	20.93
1960-1969	53	0.01353	0.01344	0.5	83973	1129	83408	1694868	20.18
1960-1969	54	0.01477	0.01467	0.5	82844	1215	82236	1611460	19.45
1960-1969	55	0.01612	0.01599	0.5	81629	1306	80976	1529224	18.73
1960-1969	56	0.01752	0.01737	0.5	80323	1395	79626	1448248	18.03
1960-1969	57	0.01928	0.01910	0.5	78928	1508	78174	1368622	17.34
1960-1969	58	0.02101	0.02079	0.5	77420	1609	76616	1290448	16.67
1960-1969	59	0.02291	0.02265	0.5	75811	1717	74952	1213832	16.01
1960-1969	60	0.02525	0.02493	0.5	74094	1847	73170	1138880	15.37
1960-1969	61	0.02683	0.02648	0.5	72246	1913	71290	1065710	14.75
1960-1969	62	0.03048	0.03002	0.5	70333	2111	69278	994420	14.14
1960-1969	63	0.03211	0.03160	0.5	68222	2156	67144	925143	13.56
1960-1969	64	0.03453	0.03395	0.5	66066	2243	64945	857998	12.99
1960-1969	65	0.03901	0.03827	0.5	63824	2442	62602	793053	12.43
1960-1969	66	0.03973	0.03896	0.5	61381	2391	60186	730451	11.90
1960-1969	67	0.04481	0.04383	0.5	58990	2586	57697	670266	11.36
1960-1969	68	0.04753	0.04643	0.5	56404	2619	55095	612568	10.86
1960-1969	69	0.05054	0.04929	0.5	53786	2651	52460	557473	10.36
1960-1969	70	0.05614	0.05461	0.5	51134	2792	49738	505013	9.88
1960-1969	71	0.05744	0.05584	0.5	48342	2699	46992	455275	9.42
1960-1969	72	0.06632	0.06419	0.5	45643	2930	44178	408283	8.95
1960-1969	73	0.06970	0.06735	0.5	42713	2877	41274	364105	8.52
1960-1969	74	0.07534	0.07261	0.5	39836	2892	38390	322831	8.10
1960-1969	75	0.08246	0.07920	0.5	36944	2926	35481	284441	7.70
1960-1969	76	0.08645	0.08287	0.5	34018	2819	32608	248960	7.32
1960-1969	77	0.09133	0.08734	0.5	31199	2725	29836	216352	6.93
1960-1969	78	0.10070	0.09587	0.5	28474	2730	27109	186516	6.55
1960-1969	79	0.10512	0.09987	0.5	25744	2571	24458	159407	6.19
1960-1969	80	0.12297	0.11585	0.5	23173	2685	21831	134948	5.82
1960-1969	81	0.12435	0.11707	0.5	20488	2399	19289	113117	5.52
1960-1969	82	0.13940	0.13032	0.5	18090	2357	16911	93828	5.19
1960-1969	83	0.15178	0.14108	0.5	15732	2219	14623	76917	4.89
1960-1969	84	0.16832	0.15526	0.5	13513	2098	12464	62295	4.61
1960-1969	85	0.18029	0.16538	0.5	11415	1888	10471	49831	4.37
1960-1969	86	0.19187	0.17507	0.5	9527	1668	8693	39360	4.13
1960-1969	87	0.20662	0.18727	0.5	7859	1472	7123	30666	3.90
1960-1969	88	0.22040	0.19852	0.5	6387	1268	5753	23543	3.69
1960-1969	89	0.23814	0.21280	0.5	5119	1089	4575	17790	3.47
1960-1969	90	0.26471	0.23377	0.5	4030	942	3559	13215	3.28
1960-1969	91	0.26949	0.23749	0.5	3088	733	2721	9656	3.13
1960-1969	92	0.29821	0.25951	0.5	2355	611	2049	6935	2.95
1960-1969	93	0.31471	0.27192	0.5	1744	474	1506	4886	2.80
1960-1969	94	0.33544	0.28726	0.5	1269	365	1087	3379	2.66
1960-1969	95	0.35487	0.30139	0.5	905	273	768	2292	2.53
1960-1969	96	0.37649	0.31685	0.5	632	200	532	1524	2.41
1960-1969	97	0.39862	0.33237	0.5	432	144	360	992	2.30
1960-1969	98	0.42117	0.34790	0.5	288	100	238	632	2.19
1960-1969	99	0.44405	0.36337	0.5	188	68	154	394	2.09
1960-1969	100	0.46717	0.37871	0.5	120	45	97	240	2.00
1960-1969	101	0.49043	0.39385	0.5	74	29	60	143	1.92
1960-1969	102	0.51373	0.40874	0.5	45	18	36	83	1.84
1960-1969	103	0.53698	0.42332	0.5	27	11	21	47	1.77
1960-1969	104	0.56006	0.43754	0.5	15	7	12	26	1.71
1960-1969	105	0.58289	0.45135	0.5	9	4	7	14	1.65
1960-1969	106	0.60536	0.46471	0.5	5	2	4	8	1.60
1960-1969	107	0.62740	0.47759	0.5	3	1	2	4	1.55
1960-1969	108	0.64893	0.48996	0.5	1	1	1	2	1.51
1960-1969	109	0.66986	0.50180	0.5	1	0	1	1	1.47
1960-1969	110+	0.69015	1.00000	1.45	0	0	0	0	1.45
1970-1979	0	0.01828	0.01799	0.09	100000	1799	98371	6845766	68.46
1970-1979	1	0.00099	0.00099	0.5	98201	98	98153	6747396	68.71
1970-1979	2	0.00073	0.00073	0.5	98104	71	98068	6649243	67.78
1970-1979	3	0.00064	0.00064	0.5	98032	62	98001	6551175	66.83
1970-1979	4	0.00052	0.00052	0.5	97970	51	97945	6453174	65.87
1970-1979	5	0.00048	0.00048	0.5	97919	47	97896	6355229	64.90
1970-1979	6	0.00043	0.00043	0.5	97873	42	97852	6257333	63.93
1970-1979	7	0.00039	0.00039	0.5	97831	38	97812	6159481	62.96
1970-1979	8	0.00036	0.00036	0.5	97793	35	97775	6061670	61.98
1970-1979	9	0.00033	0.00033	0.5	97758	32	97742	5963895	61.01
1970-1979	10	0.00032	0.00032	0.5	97726	31	97710	5866153	60.03
1970-1979	11	0.00031	0.00031	0.5	97694	30	97679	5768443	59.05
1970-1979	12	0.00036	0.00036	0.5	97664	35	97646	5670764	58.06
1970-1979	13	0.00042	0.00042	0.5	97629	41	97608	5573117	57.08
1970-1979	14	0.00053	0.00053	0.5	97588	52	97562	5475509	56.11
1970-1979	15	0.00070	0.00070	0.5	97536	68	97502	5377947	55.14
1970-1979	16	0.00095	0.00095	0.5	97468	93	97421	5280446	54.18
1970-1979	17	0.00131	0.00131	0.5	97375	127	97311	5183024	53.23
1970-1979	18	0.00163	0.00163	0.5	97248	159	97168	5085713	52.30
1970-1979	19	0.00175	0.00175	0.5	97089	170	97004	4988545	51.38
1970-1979	20	0.00193	0.00192	0.5	96919	187	96826	4891541	50.47
1970-1979	21	0.00207	0.00207	0.5	96732	200	96632	4794716	49.57
1970-1979	22	0.00200	0.00200	0.5	96533	193	96436	4698083	48.67
1970-1979	23	0.00197	0.00197	0.5	96340	190	96245	4601647	47.76
1970-1979	24	0.00198	0.00197	0.5	96150	190	96055	4505402	46.86
1970-1979	25	0.00191	0.00191	0.5	95960	183	95869	4409347	45.95
1970-1979	26	0.00184	0.00184	0.5	95777	176	95689	4313478	45.04
1970-1979	27	0.00187	0.00187	0.5	95601	179	95511	4217789	44.12
1970-1979	28	0.00181	0.00181	0.5	95422	173	95335	4122278	43.20
1970-1979	29	0.00185	0.00184	0.5	95249	176	95161	4026942	42.28
1970-1979	30	0.00194	0.00194	0.5	95073	184	94981	3931781	41.36
1970-1979	31	0.00188	0.00188	0.5	94889	178	94800	3836801	40.43
1970-1979	32	0.00203	0.00203	0.5	94711	192	94615	3742001	39.51
1970-1979	33	0.00213	0.00212	0.5	94519	201	94418	3647386	38.59
1970-1979	34	0.00223	0.00223	0.5	94318	210	94213	3552968	37.67
1970-1979	35	0.00247	0.00247	0.5	94108	233	93992	3458755	36.75
1970-1979	36	0.00251	0.00250	0.5	93875	235	93758	3364764	35.84
1970-1979	37	0.00270	0.00270	0.5	93640	253	93514	3271006	34.93
1970-1979	38	0.00295	0.00295	0.5	93388	275	93250	3177492	34.02
1970-1979	39	0.00320	0.00319	0.5	93113	297	92964	3084242	33.12
1970-1979	40	0.00345	0.00345	0.5	92815	320	92655	2991278	32.23
1970-1979	41	0.00372	0.00371	0.5	92495	343	92324	2898622	31.34
1970-1979	42	0.00418	0.00417	0.5	92152	384	91960	2806298	30.45
1970-1979	43	0.00453	0.00452	0.5	91768	414	91560	2714338	29.58
1970-1979	44	0.00487	0.00486	0.5	91353	444	91131	2622778	28.71
1970-1979	45	0.00574	0.00573	0.5	90910	521	90649	2531646	27.85
1970-1979	46	0.00616	0.00614	0.5	90389	555	90111	2440997	27.01
1970-1979	47	0.00666	0.00664	0.5	89834	596	89536	2350886	26.17
1970-1979	48	0.00719	0.00716	0.5	89238	639	88918	2261350	25.34
1970-1979	49	0.00805	0.00801	0.5	88599	710	88244	2172431	24.52
1970-1979	50	0.00886	0.00882	0.5	87889	775	87501	2084187	23.71
1970-1979	51	0.00944	0.00939	0.5	87114	818	86705	1996686	22.92
1970-1979	52	0.01039	0.01033	0.5	86296	892	85850	1909981	22.13
1970-1979	53	0.01134	0.01128	0.5	85404	963	84922	1824131	21.36
1970-1979	54	0.01236	0.01228	0.5	84441	1037	83922	1739209	20.60
1970-1979	55	0.01368	0.01359	0.5	83404	1134	82837	1655286	19.85
1970-1979	56	0.01486	0.01475	0.5	82270	1213	81663	1572449	19.11
1970-1979	57	0.01634	0.01621	0.5	81057	1314	80400	1490786	18.39
1970-1979	58	0.01791	0.01775	0.5	79743	1415	79035	1410386	17.69
1970-1979	59	0.01952	0.01933	0.5	78328	1514	77571	1331351	17.00
1970-1979	60	0.02166	0.02143	0.5	76814	1646	75991	1253780	16.32
1970-1979	61	0.02314	0.02288	0.5	75168	1720	74308	1177790	15.67
1970-1979	62	0.02595	0.02562	0.5	73448	1881	72507	1103482	15.02
1970-1979	63	0.02806	0.02767	0.5	71567	1980	70577	1030975	14.41
1970-1979	64	0.03034	0.02989	0.5	69586	2080	68546	960398	13.80
1970-1979	65	0.03375	0.03319	0.5	67507	2241	66386	891852	13.21
1970-1979	66	0.03528	0.03467	0.5	65266	2262	64135	825466	12.65
1970-1979	67	0.03892	0.03818	0.5	63004	2405	61801	761331	12.08
1970-1979	68	0.04180	0.04095	0.5	60598	2481	59358	699530	11.54
1970-1979	69	0.04548	0.04447	0.5	58117	2585	56825	640172	11.02
1970-1979	70	0.04968	0.04847	0.5	55532	2692	54186	583348	10.50
1970-1979	71	0.05303	0.05166	0.5	52840	2730	51475	529162	10.01
1970-1979	72	0.05848	0.05682	0.5	50111	2847	48687	477686	9.53
1970-1979	73	0.06254	0.06065	0.5	47263	2866	45830	428999	9.08
1970-1979	74	0.06723	0.06505	0.5	44397	2888	42953	383169	8.63
1970-1979	75	0.07508	0.07237	0.5	41509	3004	40007	340216	8.20
1970-1979	76	0.07884	0.07585	0.5	38505	2921	37045	300209	7.80
1970-1979	77	0.08462	0.08119	0.5	35584	2889	34140	263165	7.40
1970-1979	78	0.09312	0.08898	0.5	32695	2909	31241	229025	7.00
1970-1979	79	0.10067	0.09584	0.5	29786	2855	28359	197784	6.64
1970-1979	80	0.10976	0.10405	0.5	26931	2802	25530	169425	6.29
1970-1979	81	0.11529	0.10901	0.5	24129	2630	22814	143895	5.96
1970-1979	82	0.12666	0.11912	0.5	21499	2561	20218	121081	5.63
1970-1979	83	0.13740	0.12857	0.5	18938	2435	17721	100862	5.33
1970-1979	84	0.14878	0.13848	0.5	16503	2285	15361	83142	5.04
1970-1979	85	0.15972	0.14791	0.5	14218	2103	13166	67781	4.77
1970-1979	86	0.17225	0.15859	0.5	12115	1921	11154	54615	4.51
1970-1979	87	0.18506	0.16939	0.5	10194	1727	9330	43460	4.26
1970-1979	88	0.19811	0.18025	0.5	8467	1526	7704	34130	4.03
1970-1979	89	0.21257	0.19215	0.5	6941	1334	6274	26426	3.81
1970-1979	90	0.23218	0.20803	0.5	5607	1166	5024	20152	3.59
1970-1979	91	0.24216	0.21600	0.5	4441	959	3961	15128	3.41
1970-1979	92	0.26667	0.23529	0.5	3481	819	3072	11167	3.21
1970-1979	93	0.28818	0.25188	0.5	2662	671	2327	8095	3.04
1970-1979	94	0.30718	0.26628	0.5	1992	530	1727	5768	2.90
1970-1979	95	0.32033	0.27611	0.5	1461	403	1260	4042	2.77
1970-1979	96	0.34037	0.29086	0.5	1058	308	904	2782	2.63
1970-1979	97	0.36098	0.30579	0.5	750	229	635	1878	2.50
1970-1979	98	0.38213	0.32083	0.5	521	167	437	1243	2.39
1970-1979	99	0.40373	0.33592	0.5	354	119	294	805	2.28
1970-1979	100	0.42571	0.35100	0.5	235	82	194	511	2.18
1970-1979	101	0.44799	0.36601	0.5	152	56	125	317	2.08
1970-1979	102	0.47048	0.38088	0.5	97	37	78	193	2.00
1970-1979	103	0.49309	0.39557	0.5	60	24	48	115	1.92
1970-1979	104	0.51573	0.41000	0.5	36	15	29	67	1.84
1970-1979	105	0.53830	0.42414	0.5	21	9	17	38	1.77
1970-1979	106	0.56072	0.43794	0.5	12	5	10	21	1.71
1970-1979	107	0.58289	0.45135	0.5	7	3	5	11	1.66
1970-1979	108	0.60474	0.46434	0.5	4	2	3	6	1.61
1970-1979	109	0.62617	0.47687	0.5	2	1	2	3	1.57
1970-1979	110+	0.64712	1.00000	1.55	1	1	2	2	1.55
1980-1989	0	0.01244	0.01230	0.08	100000	1230	98866	7058412	70.58
1980-1989	1	0.00078	0.00078	0.5	98770	77	98731	6959546	70.46
1980-1989	2	0.00055	0.00055	0.5	98693	54	98665	6860814	69.52
1980-1989	3	0.00047	0.00047	0.5	98638	46	98615	6762149	68.56
1980-1989	4	0.00036	0.00036	0.5	98592	36	98574	6663534	67.59
1980-1989	5	0.00030	0.00030	0.5	98556	30	98542	6564959	66.61
1980-1989	6	0.00029	0.00029	0.5	98527	28	98513	6466418	65.63
1980-1989	7	0.00029	0.00029	0.5	98498	29	98484	6367905	64.65
1980-1989	8	0.00025	0.00025	0.5	98470	24	98458	6269421	63.67
1980-1989	9	0.00025	0.00025	0.5	98445	24	98433	6170964	62.68
1980-1989	10	0.00024	0.00024	0.5	98421	24	98409	6072530	61.70
1980-1989	11	0.00025	0.00025	0.5	98398	24	98385	5974121	60.71
1980-1989	12	0.00029	0.00029	0.5	98373	28	98359	5875736	59.73
1980-1989	13	0.00033	0.00033	0.5	98345	32	98329	5777376	58.75
1980-1989	14	0.00040	0.00040	0.5	98313	39	98293	5679047	57.77
1980-1989	15	0.00054	0.00054	0.5	98273	53	98247	5580754	56.79
1980-1989	16	0.00075	0.00075	0.5	98220	74	98183	5482508	55.82
1980-1989	17	0.00104	0.00104	0.5	98146	102	98095	5384325	54.86
1980-1989	18	0.00131	0.00131	0.5	98044	128	97980	5286230	53.92
1980-1989	19	0.00139	0.00139	0.5	97916	136	97848	5188250	52.99
1980-1989	20	0.00149	0.00149	0.5	97780	146	97707	5090402	52.06
1980-1989	21	0.00154	0.00154	0.5	97634	151	97559	4992695	51.14
1980-1989	22	0.00161	0.00161	0.5	97484	157	97405	4895136	50.21
1980-1989	23	0.00165	0.00165	0.5	97327	160	97247	4797730	49.29
1980-1989	24	0.00168	0.00168	0.5	97167	163	97085	4700483	48.38
1980-1989	25	0.00174	0.00174	0.5	97004	169	96919	4603398	47.46
1980-1989	26	0.00179	0.00179	0.5	96835	173	96749	4506479	46.54
1980-1989	27	0.00186	0.00186	0.5	96662	180	96572	4409730	45.62
1980-1989	28	0.00197	0.00197	0.5	96482	190	96388	4313158	44.70
1980-1989	29	0.00195	0.00195	0.5	96293	187	96199	4216770	43.79
1980-1989	30	0.00218	0.00218	0.5	96106	209	96001	4120571	42.88
1980-1989	31	0.00221	0.00221	0.5	95896	212	95790	4024570	41.97
1980-1989	32	0.00234	0.00234	0.5	95685	224	95573	3928780	41.06
1980-1989	33	0.00248	0.00248	0.5	95461	237	95342	3833207	40.15
1980-1989	34	0.00246	0.00246	0.5	95224	234	95107	3737865	39.25
1980-1989	35	0.00270	0.00269	0.5	94990	256	94862	3642758	38.35
1980-1989	36	0.00280	0.00280	0.5	94734	265	94601	3547896	37.45
1980-1989	37	0.00287	0.00287	0.5	94469	271	94333	3453295	36.55
1980-1989	38	0.00315	0.00314	0.5	94198	296	94050	3358962	35.66
1980-1989	39	0.00304	0.00303	0.5	93902	285	93760	3264911	34.77
1980-1989	40	0.00334	0.00334	0.5	93618	312	93461	3171151	33.87
1980-1989	41	0.00350	0.00350	0.5	93305	326	93142	3077690	32.99
1980-1989	42	0.00377	0.00377	0.5	92979	350	92804	2984548	32.10
1980-1989	43	0.00407	0.00406	0.5	92629	376	92441	2891744	31.22
1980-1989	44	0.00419	0.00418	0.5	92253	386	92060	2799304	30.34
1980-1989	45	0.00471	0.00470	0.5	91867	432	91651	2707244	29.47
1980-1989	46	0.00507	0.00505	0.5	91435	462	91204	2615593	28.61
1980-1989	47	0.00561	0.00560	0.5	90973	509	90718	2524389	27.75
1980-1989	48	0.00625	0.00623	0.5	90464	563	90182	2433670	26.90
1980-1989	49	0.00640	0.00638	0.5	89900	573	89614	2343488	26.07
1980-1989	50	0.00727	0.00724	0.5	89327	647	89004	2253874	25.23
1980-1989	51	0.00796	0.00793	0.5	88680	703	88329	2164870	24.41
1980-1989	52	0.00870	0.00866	0.5	87977	762	87596	2076542	23.60
1980-1989	53	0.00944	0.00940	0.5	87215	820	86805	1988945	22.81
1980-1989	54	0.01012	0.01007	0.5	86395	870	85960	1902140	22.02
1980-1989	55	0.01153	0.01147	0.5	85525	981	85035	1816180	21.24
1980-1989	56	0.01232	0.01224	0.5	84545	1035	84027	1731145	20.48
1980-1989	57	0.01328	0.01320	0.5	83510	1102	82959	1647117	19.72
1980-1989	58	0.01510	0.01499	0.5	82408	1235	81790	1564158	18.98
1980-1989	59	0.01574	0.01561	0.5	81173	1267	80539	1482368	18.26
1980-1989	60	0.01783	0.01767	0.5	79906	1412	79200	1401828	17.54
1980-1989	61	0.01929	0.01911	0.5	78494	1500	77744	1322629	16.85
1980-1989	62	0.02182	0.02158	0.5	76994	1662	76163	1244885	16.17
1980-1989	63	0.02305	0.02279	0.5	75332	1717	74473	1168723	15.51
1980-1989	64	0.02427	0.02397	0.5	73615	1765	72732	1094249	14.86
1980-1989	65	0.02742	0.02705	0.5	71850	1943	70878	1021517	14.22
1980-1989	66	0.02932	0.02890	0.5	69906	2020	68896	950639	13.60
1980-1989	67	0.03208	0.03158	0.5	67886	2144	66815	881742	12.99
1980-1989	68	0.03554	0.03492	0.5	65743	2296	64595	814928	12.40
1980-1989	69	0.03784	0.03714	0.5	63447	2357	62269	750333	11.83
1980-1989	70	0.04212	0.04125	0.5	61090	2520	59830	688065	11.26
1980-1989	71	0.04556	0.04454	0.5	58570	2609	57266	628234	10.73
1980-1989	72	0.05087	0.04961	0.5	55962	2776	54574	570968	10.20
1980-1989	73	0.05516	0.05368	0.5	53185	2855	51758	516395	9.71
1980-1989	74	0.05835	0.05670	0.5	50330	2854	48904	464637	9.23
1980-1989	75	0.06284	0.06093	0.5	47477	2893	46030	415733	8.76
1980-1989	76	0.06949	0.06716	0.5	44584	2994	43087	369703	8.29
1980-1989	77	0.07419	0.07153	0.5	41590	2975	40102	326616	7.85
1980-1989	78	0.08067	0.07754	0.5	38615	2994	37118	286513	7.42
1980-1989	79	0.08700	0.08337	0.5	35621	2970	34136	249396	7.00
1980-1989	80	0.09997	0.09521	0.5	32651	3109	31097	215260	6.59
1980-1989	81	0.10758	0.10209	0.5	29542	3016	28034	184163	6.23
1980-1989	82	0.11732	0.11082	0.5	26526	2940	25057	156129	5.89
1980-1989	83	0.12771	0.12005	0.5	23587	2832	22171	131072	5.56
1980-1989	84	0.13858	0.12960	0.5	20755	2690	19410	108901	5.25
1980-1989	85	0.14907	0.13873	0.5	18065	2506	16812	89491	4.95
1980-1989	86	0.16090	0.14892	0.5	15559	2317	14401	72679	4.67
1980-1989	87	0.17719	0.16277	0.5	13242	2155	12164	58278	4.40
1980-1989	88	0.18908	0.17275	0.5	11087	1915	10129	46114	4.16
1980-1989	89	0.20343	0.18465	0.5	9171	1693	8325	35985	3.92
1980-1989	90	0.21864	0.19710	0.5	7478	1474	6741	27660	3.70
1980-1989	91	0.23630	0.21133	0.5	6004	1269	5370	20919	3.48
1980-1989	92	0.25641	0.22727	0.5	4735	1076	4197	15550	3.28
1980-1989	93	0.27816	0.24420	0.5	3659	894	3212	11352	3.10
1980-1989	94	0.29799	0.25935	0.5	2766	717	2407	8140	2.94
1980-1989	95	0.31388	0.27130	0.5	2048	556	1770	5733	2.80
1980-1989	96	0.33471	0.28673	0.5	1493	428	1279	3963	2.66
1980-1989	97	0.35622	0.30236	0.5	1065	322	904	2684	2.52
1980-1989	98	0.37831	0.31814	0.5	743	236	625	1781	2.40
1980-1989	99	0.40093	0.33398	0.5	506	169	422	1156	2.28
1980-1989	100	0.42397	0.34982	0.5	337	118	278	734	2.18
1980-1989	101	0.44735	0.36558	0.5	219	80	179	456	2.08
1980-1989	102	0.47097	0.38120	0.5	139	53	113	277	1.99
1980-1989	103	0.49471	0.39661	0.5	86	34	69	164	1.91
1980-1989	104	0.51848	0.41174	0.5	52	21	41	95	1.83
1980-1989	105	0.54217	0.42654	0.5	31	13	24	54	1.76
1980-1989	106	0.56567	0.44095	0.5	18	8	14	30	1.70
1980-1989	107	0.58887	0.45493	0.5	10	4	8	16	1.64
1980-1989	108	0.61169	0.46842	0.5	5	3	4	8	1.59
1980-1989	109	0.63403	0.48141	0.5	3	1	2	4	1.55
1980-1989	110+	0.65580	1.00000	1.52	1	1	2	2	1.52
1990-1999	0	0.00906	0.00899	0.07	100000	899	99164	7267010	72.67
1990-1999	1	0.00061	0.00061	0.5	99101	60	99071	7167846	72.33
1990-1999	2	0.00043	0.00043	0.5	99041	42	99020	7068775	71.37
1990-1999	3	0.00033	0.00033	0.5	98999	32	98983	6969755	70.40
1990-1999	4	0.00027	0.00027	0.5	98967	26	98953	6870772	69.43
1990-1999	5	0.00022	0.00022	0.5	98940	21	98930	6771819	68.44
1990-1999	6	0.00021	0.00021	0.5	98919	21	98909	6672889	67.46
1990-1999	7	0.00019	0.00019	0.5	98898	19	98889	6573980	66.47
1990-1999	8	0.00019	0.00019	0.5	98879	19	98870	6475092	65.48
1990-1999	9	0.00017	0.00017	0.5	98860	17	98852	6376222	64.50
1990-1999	10	0.00019	0.00019	0.5	98843	18	98834	6277370	63.51
1990-1999	11	0.00021	0.00021	0.5	98825	21	98815	6178536	62.52
1990-1999	12	0.00022	0.00022	0.5	98804	22	98793	6079722	61.53
1990-1999	13	0.00026	0.00026	0.5	98783	25	98770	5980928	60.55
1990-1999	14	0.00036	0.00036	0.5	98757	35	98739	5882158	59.56
1990-1999	15	0.00045	0.00045	0.5	98722	45	98699	5783419	58.58
1990-1999	16	0.00070	0.00070	0.5	98677	69	98642	5684719	57.61
1990-1999	17	0.00092	0.00092	0.5	98608	90	98562	5586077	56.65
1990-1999	18	0.00116	0.00116	0.5	98517	114	98460	5487515	55.70
1990-1999	19	0.00124	0.00124	0.5	98403	122	98342	5389055	54.77
1990-1999	20	0.00134	0.00134	0.5	98281	132	98215	5290713	53.83
1990-1999	21	0.00147	0.00147	0.5	98149	144	98077	5192498	52.90
1990-1999	22	0.00140	0.00139	0.5	98005	137	97936	5094421	51.98
1990-1999	23	0.00144	0.00144	0.5	97868	141	97797	4996485	51.05
1990-1999	24	0.00137	0.00137	0.5	97727	133	97660	4898688	50.13
1990-1999	25	0.00147	0.00147	0.5	97593	143	97522	4801028	49.19
1990-1999	26	0.00152	0.00152	0.5	97450	148	97376	4703506	48.27
1990-1999	27	0.00160	0.00160	0.5	97302	156	97224	4606130	47.34
1990-1999	28	0.00171	0.00170	0.5	97146	166	97063	4508906	46.41
1990-1999	29	0.00174	0.00174	0.5	96980	168	96896	4411842	45.49
1990-1999	30	0.00198	0.00198	0.5	96812	192	96716	4314946	44.57
1990-1999	31	0.00208	0.00208	0.5	96620	201	96520	4218230	43.66
1990-1999	32	0.00217	0.00217	0.5	96419	209	96315	4121710	42.75
1990-1999	33	0.00236	0.00235	0.5	96211	226	96097	4025395	41.84
1990-1999	34	0.00243	0.00242	0.5	95984	233	95868	3929297	40.94
1990-1999	35	0.00256	0.00255	0.5	95752	244	95629	3833429	40.04
1990-1999	36	0.00278	0.00278	0.5	95507	265	95374	3737800	39.14
1990-1999	37	0.00294	0.00293	0.5	95242	279	95102	3642426	38.24
1990-1999	38	0.00324	0.00324	0.5	94963	307	94809	3547323	37.35
1990-1999	39	0.00320	0.00319	0.5	94655	302	94504	3452514	36.47
1990-1999	40	0.00352	0.00352	0.5	94353	332	94187	3358010	35.59
1990-1999	41	0.00379	0.00378	0.5	94022	356	93844	3263823	34.71
1990-1999	42	0.00386	0.00385	0.5	93666	361	93486	3169979	33.84
1990-1999	43	0.00412	0.00411	0.5	93305	384	93113	3076493	32.97
1990-1999	44	0.00427	0.00426	0.5	92922	396	92724	2983380	32.11
1990-1999	45	0.00447	0.00446	0.5	92526	412	92319	2890656	31.24
1990-1999	46	0.00483	0.00482	0.5	92113	444	91891	2798337	30.38
1990-1999	47	0.00507	0.00506	0.5	91669	464	91437	2706446	29.52
1990-1999	48	0.00558	0.00556	0.5	91205	507	90952	2615009	28.67
1990-1999	49	0.00554	0.00552	0.5	90698	501	90448	2524057	27.83
1990-1999	50	0.00603	0.00601	0.5	90197	542	89926	2433610	26.98
1990-1999	51	0.00663	0.00661	0.5	89655	593	89358	2343684	26.14
1990-1999	52	0.00698	0.00695	0.5	89062	619	88753	2254325	25.31
1990-1999	53	0.00774	0.00772	0.5	88443	682	88102	2165573	24.49
1990-1999	54	0.00817	0.00813	0.5	87761	714	87404	2077471	23.67
1990-1999	55	0.00915	0.00911	0.5	87047	793	86650	1990067	22.86
1990-1999	56	0.00990	0.00985	0.5	86254	850	85829	1903417	22.07
1990-1999	57	0.01055	0.01049	0.5	85404	896	84956	1817588	21.28
1990-1999	58	0.01212	0.01205	0.5	84508	1018	83999	1732632	20.50
1990-1999	59	0.01281	0.01273	0.5	83490	1063	82958	1648633	19.75
1990-1999	60	0.01414	0.01404	0.5	82427	1157	81848	1565675	18.99
1990-1999	61	0.01546	0.01534	0.5	81270	1247	80646	1483826	18.26
1990-1999	62	0.01716	0.01702	0.5	80023	1362	79342	1403180	17.53
1990-1999	63	0.01845	0.01828	0.5	78661	1438	77942	1323838	16.83
1990-1999	64	0.02012	0.01992	0.5	77223	1539	76454	1245896	16.13
1990-1999	65	0.02273	0.02247	0.5	75684	1701	74834	1169442	15.45
1990-1999	66	0.02420	0.02391	0.5	73984	1769	73099	1094608	14.80
1990-1999	67	0.02638	0.02604	0.5	72215	1880	71274	1021509	14.15
1990-1999	68	0.02922	0.02880	0.5	70334	2026	69321	950235	13.51
1990-1999	69	0.03102	0.03055	0.5	68308	2087	67265	880913	12.90
1990-1999	70	0.03449	0.03390	0.5	66222	2245	65099	813648	12.29
1990-1999	71	0.03781	0.03710	0.5	63977	2374	62790	748549	11.70
1990-1999	72	0.04038	0.03958	0.5	61603	2438	60384	685760	11.13
1990-1999	73	0.04382	0.04288	0.5	59165	2537	57896	625376	10.57
1990-1999	74	0.04745	0.04635	0.5	56628	2625	55315	567480	10.02
1990-1999	75	0.05151	0.05022	0.5	54003	2712	52647	512164	9.48
1990-1999	76	0.05749	0.05589	0.5	51291	2867	49858	459517	8.96
1990-1999	77	0.06235	0.06047	0.5	48425	2928	46961	409659	8.46
1990-1999	78	0.06816	0.06591	0.5	45497	2999	43997	362698	7.97
1990-1999	79	0.07338	0.07079	0.5	42498	3008	40994	318701	7.50
1990-1999	80	0.08658	0.08298	0.5	39490	3277	37851	277707	7.03
1990-1999	81	0.09395	0.08974	0.5	36213	3250	34588	239856	6.62
1990-1999	82	0.10365	0.09854	0.5	32963	3248	31339	205268	6.23
1990-1999	83	0.11374	0.10762	0.5	29715	3198	28116	173929	5.85
1990-1999	84	0.12347	0.11629	0.5	26517	3084	24975	145813	5.50
1990-1999	85	0.13526	0.12669	0.5	23433	2969	21949	120838	5.16
1990-1999	86	0.14991	0.13945	0.5	20464	2854	19038	98889	4.83
1990-1999	87	0.16135	0.14930	0.5	17611	2629	16296	79852	4.53
1990-1999	88	0.17870	0.16405	0.5	14981	2458	13752	63556	4.24
1990-1999	89	0.19489	0.17759	0.5	12524	2224	11412	49803	3.98
1990-1999	90	0.21305	0.19254	0.5	10300	1983	9308	38392	3.73
1990-1999	91	0.23046	0.20665	0.5	8317	1719	7457	29084	3.50
1990-1999	92	0.25237	0.22409	0.5	6598	1479	5859	21626	3.28
1990-1999	93	0.27506	0.24180	0.5	5119	1238	4500	15768	3.08
1990-1999	94	0.29857	0.25979	0.5	3882	1008	3377	11267	2.90
1990-1999	95	0.31658	0.27332	0.5	2873	785	2481	7890	2.75
1990-1999	96	0.34019	0.29074	0.5	2088	607	1784	5409	2.59
1990-1999	97	0.36462	0.30839	0.5	1481	457	1253	3625	2.45
1990-1999	98	0.38976	0.32619	0.5	1024	334	857	2373	2.32
1990-1999	99	0.41551	0.34404	0.5	690	237	571	1515	2.20
1990-1999	100	0.44173	0.36182	0.5	453	164	371	944	2.09
1990-1999	101	0.46827	0.37943	0.5	289	110	234	573	1.98
1990-1999	102	0.49500	0.39679	0.5	179	71	144	339	1.89
1990-1999	103	0.52175	0.41380	0.5	108	45	86	196	1.81
1990-1999	104	0.54838	0.43038	0.5	63	27	50	110	1.73
1990-1999	105	0.57474	0.44645	0.5	36	16	28	60	1.66
1990-1999	106	0.60068	0.46194	0.5	20	9	15	32	1.60
1990-1999	107	0.62606	0.47681	0.5	11	5	8	17	1.54
1990-1999	108	0.65077	0.49101	0.5	6	3	4	8	1.50
1990-1999	109	0.67470	0.50450	0.5	3	1	2	4	1.46
1990-1999	110+	0.69775	1.00000	1.43	1	1	2	2	1.43
2000-2009	0	0.00707	0.00703	0.06	100000	703	99342	7561408	75.61
2000-2009	1	0.00042	0.00042	0.5	99297	42	99277	7462065	75.15
2000-2009	2	0.00029	0.00029	0.5	99256	29	99241	7362789	74.18
2000-2009	3	0.00021	0.00021	0.5	99227	20	99217	7263547	73.20
2000-2009	4	0.00018	0.00018	0.5	99207	18	99198	7164331	72.22
2000-2009	5	0.00016	0.00016	0.5	99189	16	99181	7065133	71.23
2000-2009	6	0.00014	0.00013	0.5	99173	13	99166	6965952	70.24
2000-2009	7	0.00013	0.00013	0.5	99159	13	99153	6866786	69.25
2000-2009	8	0.00013	0.00013	0.5	99147	13	99140	6767633	68.26
2000-2009	9	0.00012	0.00012	0.5	99134	12	99128	6668492	67.27
2000-2009	10	0.00013	0.00013	0.5	99122	13	99116	6569364	66.28
2000-2009	11	0.00014	0.00014	0.5	99109	14	99102	6470249	65.28
2000-2009	12	0.00014	0.00014	0.5	99095	14	99088	6371147	64.29
2000-2009	13	0.00019	0.00019	0.5	99081	19	99072	6272058	63.30
2000-2009	14	0.00024	0.00024	0.5	99062	24	99050	6172987	62.31
2000-2009	15	0.00031	0.00031	0.5	99039	31	99023	6073936	61.33
2000-2009	16	0.00048	0.00048	0.5	99008	48	98984	5974913	60.35
2000-2009	17	0.00068	0.00068	0.5	98960	68	98926	5875929	59.38
2000-2009	18	0.00090	0.00090	0.5	98893	89	98848	5777003	58.42
2000-2009	19	0.00109	0.00109	0.5	98803	108	98749	5678155	57.47
2000-2009	20	0.00114	0.00114	0.5	98695	112	98639	5579405	56.53
2000-2009	21	0.00128	0.00128	0.5	98583	126	98520	5480766	55.60
2000-2009	22	0.00130	0.00130	0.5	98457	128	98393	5382246	54.67
2000-2009	23	0.00131	0.00131	0.5	98329	128	98265	5283853	53.74
2000-2009	24	0.00131	0.00131	0.5	98201	129	98136	5185588	52.81
2000-2009	25	0.00123	0.00123	0.5	98072	121	98011	5087452	51.87
2000-2009	26	0.00125	0.00125	0.5	97951	123	97890	4989440	50.94
2000-2009	27	0.00126	0.00126	0.5	97829	123	97767	4891551	50.00
2000-2009	28	0.00125	0.00125	0.5	97705	122	97644	4793784	49.06
2000-2009	29	0.00130	0.00130	0.5	97583	127	97520	4696140	48.12
2000-2009	30	0.00127	0.00127	0.5	97457	124	97395	4598620	47.19
2000-2009	31	0.00127	0.00127	0.5	97333	123	97271	4501225	46.25
2000-2009	32	0.00133	0.00133	0.5	97210	129	97145	4403954	45.30
2000-2009	33	0.00142	0.00141	0.5	97081	137	97012	4306809	44.36
2000-2009	34	0.00148	0.00148	0.5	96943	143	96872	4209797	43.43
2000-2009	35	0.00154	0.00154	0.5	96800	149	96725	4112925	42.49
2000-2009	36	0.00165	0.00165	0.5	96651	159	96571	4016200	41.55
2000-2009	37	0.00180	0.00180	0.5	96492	173	96405	3919629	40.62
2000-2009	38	0.00194	0.00194	0.5	96318	186	96225	3823224	39.69
2000-2009	39	0.00200	0.00200	0.5	96132	192	96036	3726999	38.77
2000-2009	40	0.00226	0.00226	0.5	95939	217	95831	3630963	37.85
2000-2009	41	0.00244	0.00243	0.5	95722	233	95606	3535132	36.93
2000-2009	42	0.00267	0.00267	0.5	95490	255	95362	3439526	36.02
2000-2009	43	0.00288	0.00287	0.5	95234	274	95098	3344164	35.12
2000-2009	44	0.00311	0.00311	0.5	94961	295	94813	3249066	34.21
2000-2009	45	0.00337	0.00337	0.5	94666	319	94506	3154253	33.32
2000-2009	46	0.00374	0.00373	0.5	94347	352	94171	3059747	32.43
2000-2009	47	0.00397	0.00396	0.5	93995	372	93809	2965576	31.55
2000-2009	48	0.00437	0.00436	0.5	93622	409	93418	2871767	30.67
2000-2009	49	0.00470	0.00469	0.5	93214	437	92995	2778349	29.81
2000-2009	50	0.00521	0.00520	0.5	92777	482	92536	2685353	28.94
2000-2009	51	0.00554	0.00553	0.5	92295	510	92040	2592818	28.09
2000-2009	52	0.00600	0.00598	0.5	91784	549	91510	2500778	27.25
2000-2009	53	0.00647	0.00645	0.5	91236	589	90941	2409268	26.41
2000-2009	54	0.00690	0.00688	0.5	90647	623	90336	2318326	25.58
2000-2009	55	0.00754	0.00751	0.5	90024	676	89686	2227991	24.75
2000-2009	56	0.00793	0.00790	0.5	89347	706	88995	2138305	23.93
2000-2009	57	0.00870	0.00867	0.5	88642	768	88257	2049311	23.12
2000-2009	58	0.00951	0.00947	0.5	87873	832	87457	1961053	22.32
2000-2009	59	0.01013	0.01008	0.5	87041	878	86603	1873596	21.53
2000-2009	60	0.01118	0.01112	0.5	86164	958	85685	1786993	20.74
2000-2009	61	0.01187	0.01180	0.5	85206	1006	84703	1701309	19.97
2000-2009	62	0.01311	0.01302	0.5	84200	1097	83652	1616606	19.20
2000-2009	63	0.01444	0.01434	0.5	83103	1191	82508	1532954	18.45
2000-2009	64	0.01574	0.01561	0.5	81912	1279	81273	1450446	17.71
2000-2009	65	0.01697	0.01682	0.5	80633	1356	79955	1369173	16.98
2000-2009	66	0.01818	0.01801	0.5	79277	1428	78563	1289219	16.26
2000-2009	67	0.02004	0.01985	0.5	77849	1545	77076	1210656	15.55
2000-2009	68	0.02187	0.02164	0.5	76304	1651	75478	1133580	14.86
2000-2009	69	0.02393	0.02365	0.5	74653	1766	73770	1058102	14.17
2000-2009	70	0.02637	0.02603	0.5	72887	1897	71938	984332	13.50
2000-2009	71	0.02867	0.02826	0.5	70990	2007	69986	912394	12.85
2000-2009	72	0.03120	0.03072	0.5	68983	2119	67924	842407	12.21
2000-2009	73	0.03459	0.03401	0.5	66864	2274	65727	774484	11.58
2000-2009	74	0.03762	0.03693	0.5	64590	2385	63398	708756	10.97
2000-2009	75	0.04209	0.04122	0.5	62205	2564	60923	645358	10.37
2000-2009	76	0.04587	0.04485	0.5	59641	2675	58304	584435	9.80
2000-2009	77	0.04990	0.04869	0.5	56966	2773	55580	526131	9.24
2000-2009	78	0.05527	0.05378	0.5	54193	2915	52736	470552	8.68
2000-2009	79	0.06113	0.05932	0.5	51278	3042	49757	417816	8.15
2000-2009	80	0.07119	0.06875	0.5	48237	3316	46578	368058	7.63
2000-2009	81	0.07853	0.07556	0.5	44920	3394	43223	321480	7.16
2000-2009	82	0.08757	0.08390	0.5	41526	3484	39784	278257	6.70
2000-2009	83	0.09592	0.09153	0.5	38042	3482	36301	238473	6.27
2000-2009	84	0.10672	0.10131	0.5	34560	3501	32809	202172	5.85
2000-2009	85	0.11812	0.11154	0.5	31059	3464	29327	169362	5.45
2000-2009	86	0.13250	0.12427	0.5	27595	3429	25880	140035	5.07
2000-2009	87	0.14673	0.13670	0.5	24165	3304	22514	114155	4.72
2000-2009	88	0.16285	0.15059	0.5	20862	3142	19291	91642	4.39
2000-2009	89	0.18294	0.16761	0.5	17720	2970	16235	72351	4.08
2000-2009	90	0.20033	0.18209	0.5	14750	2686	13407	56115	3.80
2000-2009	91	0.21993	0.19814	0.5	12064	2390	10869	42708	3.54
2000-2009	92	0.24610	0.21913	0.5	9674	2120	8614	31839	3.29
2000-2009	93	0.26839	0.23663	0.5	7554	1788	6660	23225	3.07
2000-2009	94	0.30072	0.26141	0.5	5767	1507	5013	16565	2.87
2000-2009	95	0.31598	0.27287	0.5	4259	1162	3678	11552	2.71
2000-2009	96	0.34283	0.29266	0.5	3097	906	2644	7874	2.54
2000-2009	97	0.37072	0.31275	0.5	2191	685	1848	5230	2.39
2000-2009	98	0.39950	0.33299	0.5	1505	501	1255	3382	2.25
2000-2009	99	0.42899	0.35323	0.5	1004	355	827	2127	2.12
2000-2009	100	0.45900	0.37332	0.5	649	242	528	1301	2.00
2000-2009	101	0.48930	0.39312	0.5	407	160	327	772	1.90
2000-2009	102	0.51969	0.41250	0.5	247	102	196	445	1.80
2000-2009	103	0.54993	0.43133	0.5	145	63	114	249	1.72
2000-2009	104	0.57980	0.44949	0.5	83	37	64	135	1.64
2000-2009	105	0.60910	0.46691	0.5	45	21	35	71	1.57
2000-2009	106	0.63764	0.48349	0.5	24	12	18	37	1.51
2000-2009	107	0.66524	0.49920	0.5	13	6	9	18	1.46
2000-2009	108	0.69175	0.51398	0.5	6	3	5	9	1.41
2000-2009	109	0.71705	0.52782	0.5	3	2	2	4	1.37
2000-2009	110+	0.74106	1.00000	1.35	1	1	2	2	1.35
2010-2019	0	0.00556	0.00553	0.06	100000	553	99480	7724355	77.24
2010-2019	1	0.00032	0.00032	0.5	99447	32	99431	7624875	76.67
2010-2019	2	0.00022	0.00022	0.5	99415	22	99404	7525444	75.70
2010-2019	3	0.00017	0.00017	0.5	99393	17	99384	7426040	74.71
2010-2019	4	0.00015	0.00015	0.5	99376	15	99369	7326656	73.73
2010-2019	5	0.00012	0.00012	0.5	99361	12	99355	7227287	72.74
2010-2019	6	0.00011	0.00011	0.5	99350	11	99344	7127932	71.75
2010-2019	7	0.00011	0.00011	0.5	99339	11	99333	7028588	70.75
2010-2019	8	0.00011	0.00011	0.5	99327	11	99322	6929255	69.76
2010-2019	9	0.00011	0.00011	0.5	99316	11	99311	6829933	68.77
2010-2019	10	0.00011	0.00011	0.5	99305	11	99300	6730622	67.78
2010-2019	11	0.00011	0.00011	0.5	99295	11	99289	6631323	66.78
2010-2019	12	0.00013	0.00013	0.5	99283	13	99277	6532034	65.79
2010-2019	13	0.00015	0.00015	0.5	99270	15	99262	6432757	64.80
2010-2019	14	0.00020	0.00020	0.5	99255	19	99245	6333495	63.81
2010-2019	15	0.00025	0.00025	0.5	99235	25	99223	6234250	62.82
2010-2019	16	0.00035	0.00035	0.5	99211	35	99193	6135027	61.84
2010-2019	17	0.00048	0.00048	0.5	99176	47	99152	6035833	60.86
2010-2019	18	0.00069	0.00069	0.5	99128	68	99094	5936681	59.89
2010-2019	19	0.00083	0.00082	0.5	99060	82	99019	5837587	58.93
2010-2019	20	0.00099	0.00099	0.5	98978	98	98930	5738568	57.98
2010-2019	21	0.00115	0.00115	0.5	98881	113	98824	5639638	57.03
2010-2019	22	0.00126	0.00126	0.5	98767	125	98705	5540814	56.10
2010-2019	23	0.00129	0.00129	0.5	98643	128	98579	5442109	55.17
2010-2019	24	0.00136	0.00136	0.5	98515	134	98448	5343530	54.24
2010-2019	25	0.00137	0.00137	0.5	98381	135	98314	5245082	53.31
2010-2019	26	0.00143	0.00143	0.5	98246	141	98176	5146768	52.39
2010-2019	27	0.00145	0.00145	0.5	98105	142	98034	5048592	51.46
2010-2019	28	0.00148	0.00148	0.5	97963	145	97890	4950558	50.53
2010-2019	29	0.00148	0.00147	0.5	97818	144	97746	4852667	49.61
2010-2019	30	0.00151	0.00151	0.5	97674	147	97600	4754922	48.68
2010-2019	31	0.00157	0.00157	0.5	97526	153	97450	4657322	47.75
2010-2019	32	0.00162	0.00162	0.5	97374	158	97295	4559872	46.83
2010-2019	33	0.00165	0.00165	0.5	97216	160	97136	4462577	45.90
2010-2019	34	0.00167	0.00167	0.5	97056	162	96975	4365441	44.98
2010-2019	35	0.00170	0.00170	0.5	96894	165	96812	4268466	44.05
2010-2019	36	0.00177	0.00177	0.5	96729	171	96644	4171654	43.13
2010-2019	37	0.00181	0.00181	0.5	96558	175	96471	4075010	42.20
2010-2019	38	0.00188	0.00188	0.5	96383	181	96293	3978539	41.28
2010-2019	39	0.00199	0.00199	0.5	96202	192	96106	3882247	40.36
2010-2019	40	0.00206	0.00206	0.5	96010	198	95911	3786141	39.43
2010-2019	41	0.00219	0.00219	0.5	95812	210	95708	3690230	38.52
2010-2019	42	0.00229	0.00228	0.5	95603	218	95494	3594522	37.60
2010-2019	43	0.00244	0.00243	0.5	95385	232	95268	3499028	36.68
2010-2019	44	0.00261	0.00260	0.5	95152	248	95029	3403760	35.77
2010-2019	45	0.00288	0.00287	0.5	94905	273	94768	3308731	34.86
2010-2019	46	0.00316	0.00315	0.5	94632	298	94483	3213963	33.96
2010-2019	47	0.00344	0.00344	0.5	94334	324	94171	3119480	33.07
2010-2019	48	0.00370	0.00369	0.5	94009	347	93836	3025308	32.18
2010-2019	49	0.00408	0.00407	0.5	93663	381	93472	2931472	31.30
2010-2019	50	0.00451	0.00450	0.5	93281	420	93071	2838000	30.42
2010-2019	51	0.00492	0.00490	0.5	92861	455	92634	2744929	29.56
2010-2019	52	0.00537	0.00535	0.5	92406	495	92159	2652295	28.70
2010-2019	53	0.00583	0.00581	0.5	91911	534	91644	2560137	27.85
2010-2019	54	0.00636	0.00634	0.5	91377	579	91088	2468493	27.01
2010-2019	55	0.00689	0.00687	0.5	90798	624	90486	2377405	26.18
2010-2019	56	0.00740	0.00738	0.5	90175	665	89842	2286919	25.36
2010-2019	57	0.00799	0.00795	0.5	89510	712	89154	2197076	24.55
2010-2019	58	0.00868	0.00865	0.5	88798	768	88414	2107923	23.74
2010-2019	59	0.00927	0.00923	0.5	88030	812	87624	2019509	22.94
2010-2019	60	0.01007	0.01002	0.5	87218	874	86780	1931885	22.15
2010-2019	61	0.01078	0.01072	0.5	86343	926	85880	1845105	21.37
2010-2019	62	0.01165	0.01158	0.5	85418	989	84923	1759224	20.60
2010-2019	63	0.01272	0.01264	0.5	84429	1067	83895	1674301	19.83
2010-2019	64	0.01351	0.01341	0.5	83361	1118	82802	1590406	19.08
2010-2019	65	0.01459	0.01448	0.5	82243	1191	81647	1507604	18.33
2010-2019	66	0.01554	0.01542	0.5	81052	1250	80427	1425957	17.59
2010-2019	67	0.01682	0.01668	0.5	79802	1331	79136	1345530	16.86
2010-2019	68	0.01819	0.01802	0.5	78471	1414	77763	1266394	16.14
2010-2019	69	0.01978	0.01959	0.5	77056	1509	76302	1188631	15.43
2010-2019	70	0.02145	0.02122	0.5	75547	1603	74745	1112329	14.72
2010-2019	71	0.02374	0.02346	0.5	73943	1735	73076	1037584	14.03
2010-2019	72	0.02576	0.02543	0.5	72208	1836	71290	964508	13.36
2010-2019	73	0.02790	0.02752	0.5	70372	1936	69404	893218	12.69
2010-2019	74	0.03089	0.03042	0.5	68436	2082	67395	823814	12.04
2010-2019	75	0.03380	0.03324	0.5	66354	2205	65252	756418	11.40
2010-2019	76	0.03732	0.03664	0.5	64149	2350	62974	691167	10.77
2010-2019	77	0.04136	0.04052	0.5	61799	2504	60547	628193	10.17
2010-2019	78	0.04482	0.04384	0.5	59295	2600	57995	567646	9.57
2010-2019	79	0.04975	0.04854	0.5	56695	2752	55319	509652	8.99
2010-2019	80	0.05727	0.05567	0.5	53943	3003	52441	454333	8.42
2010-2019	81	0.06419	0.06219	0.5	50940	3168	49356	401891	7.89
2010-2019	82	0.07211	0.06960	0.5	47772	3325	46109	352536	7.38
2010-2019	83	0.08048	0.07736	0.5	44447	3439	42727	306426	6.89
2010-2019	84	0.08943	0.08560	0.5	41008	3510	39253	263699	6.43
2010-2019	85	0.09972	0.09498	0.5	37498	3562	35717	224446	5.99
2010-2019	86	0.11180	0.10588	0.5	33936	3593	32140	188729	5.56
2010-2019	87	0.12582	0.11838	0.5	30343	3592	28547	156589	5.16
2010-2019	88	0.14116	0.13185	0.5	26751	3527	24988	128042	4.79
2010-2019	89	0.15718	0.14573	0.5	23224	3384	21532	103054	4.44
2010-2019	90	0.17729	0.16285	0.5	19840	3231	18224	81523	4.11
2010-2019	91	0.19605	0.17854	0.5	16609	2965	15126	63299	3.81
2010-2019	92	0.21999	0.19819	0.5	13643	2704	12291	48173	3.53
2010-2019	93	0.24546	0.21863	0.5	10939	2392	9743	35882	3.28
2010-2019	94	0.27025	0.23808	0.5	8548	2035	7530	26138	3.06
2010-2019	95	0.29257	0.25523	0.5	6513	1662	5682	18608	2.86
2010-2019	96	0.32011	0.27595	0.5	4850	1338	4181	12926	2.67
2010-2019	97	0.34898	0.29713	0.5	3512	1044	2990	8745	2.49
2010-2019	98	0.37899	0.31862	0.5	2468	786	2075	5755	2.33
2010-2019	99	0.40996	0.34022	0.5	1682	572	1396	3680	2.19
2010-2019	100	0.44167	0.36177	0.5	1110	401	909	2284	2.06
2010-2019	101	0.47385	0.38309	0.5	708	271	573	1375	1.94
2010-2019	102	0.50625	0.40399	0.5	437	177	349	803	1.84
2010-2019	103	0.53860	0.42433	0.5	260	111	205	454	1.74
2010-2019	104	0.57063	0.44396	0.5	150	67	117	249	1.66
2010-2019	105	0.60208	0.46277	0.5	83	39	64	132	1.58
2010-2019	106	0.63271	0.48065	0.5	45	22	34	68	1.52
2010-2019	107	0.66230	0.49754	0.5	23	12	17	34	1.46
2010-2019	108	0.69068	0.51338	0.5	12	6	9	16	1.41
2010-2019	109	0.71768	0.52816	0.5	6	3	4	8	1.37
2010-2019	110+	0.74321	1.00000	1.35	3	3	4	4	1.35
2020-2022	0	0.00471	0.00469	0.06	100000	469	99558	7569805	75.70
2020-2022	1	0.00035	0.00035	0.5	99531	35	99514	7470247	75.05
2020-2022	2	0.00021	0.00021	0.5	99497	21	99486	7370733	74.08
2020-2022	3	0.00019	0.00019	0.5	99475	18	99466	7271247	73.10
2020-2022	4	0.00013	0.00013	0.5	99457	13	99450	7171781	72.11
2020-2022	5	0.00013	0.00013	0.5	99444	13	99438	7072331	71.12
2020-2022	6	0.00010	0.00010	0.5	99431	10	99426	6972893	70.13
2020-2022	7	0.00011	0.00011	0.5	99421	11	99415	6873467	69.14
2020-2022	8	0.00009	0.00009	0.5	99410	9	99405	6774052	68.14
2020-2022	9	0.00011	0.00011	0.5	99401	11	99396	6674646	67.15
2020-2022	10	0.00011	0.00011	0.5	99390	11	99385	6575251	66.16
2020-2022	11	0.00012	0.00012	0.5	99379	12	99373	6475866	65.16
2020-2022	12	0.00013	0.00013	0.5	99367	13	99360	6376493	64.17
2020-2022	13	0.00016	0.00016	0.5	99354	16	99346	6277132	63.18
2020-2022	14	0.00022	0.00022	0.5	99338	22	99327	6177786	62.19
2020-2022	15	0.00028	0.00028	0.5	99316	28	99302	6078460	61.20
2020-2022	16	0.00040	0.00040	0.5	99288	40	99268	5979158	60.22
2020-2022	17	0.00057	0.00057	0.5	99248	56	99220	5879890	59.24
2020-2022	18	0.00072	0.00072	0.5	99192	71	99156	5780670	58.28
2020-2022	19	0.00086	0.00085	0.5	99120	85	99078	5681514	57.32
2020-2022	20	0.00090	0.00090	0.5	99036	89	98991	5582436	56.37
2020-2022	21	0.00111	0.00111	0.5	98947	110	98892	5483444	55.42
2020-2022	22	0.00127	0.00127	0.5	98837	125	98774	5384552	54.48
2020-2022	23	0.00134	0.00134	0.5	98712	132	98646	5285778	53.55
2020-2022	24	0.00151	0.00151	0.5	98579	148	98505	5187132	52.62
2020-2022	25	0.00152	0.00151	0.5	98431	149	98357	5088627	51.70
2020-2022	26	0.00166	0.00166	0.5	98282	163	98201	4990271	50.78
2020-2022	27	0.00178	0.00177	0.5	98119	174	98032	4892070	49.86
2020-2022	28	0.00183	0.00183	0.5	97945	179	97856	4794038	48.95
2020-2022	29	0.00200	0.00200	0.5	97766	195	97668	4696182	48.04
2020-2022	30	0.00217	0.00216	0.5	97570	211	97465	4598514	47.13
2020-2022	31	0.00218	0.00218	0.5	97359	212	97253	4501049	46.23
2020-2022	32	0.00228	0.00228	0.5	97147	221	97037	4403796	45.33
2020-2022	33	0.00222	0.00222	0.5	96926	215	96818	4306759	44.43
2020-2022	34	0.00229	0.00229	0.5	96711	222	96600	4209941	43.53
2020-2022	35	0.00249	0.00249	0.5	96489	240	96369	4113340	42.63
2020-2022	36	0.00267	0.00267	0.5	96249	257	96121	4016971	41.74
2020-2022	37	0.00269	0.00268	0.5	95993	258	95864	3920850	40.85
2020-2022	38	0.00282	0.00281	0.5	95735	269	95601	3824986	39.95
2020-2022	39	0.00303	0.00302	0.5	95466	289	95322	3729386	39.07
2020-2022	40	0.00306	0.00306	0.5	95177	291	95032	3634064	38.18
2020-2022	41	0.00313	0.00312	0.5	94886	296	94738	3539032	37.30
2020-2022	42	0.00329	0.00328	0.5	94590	311	94434	3444294	36.41
2020-2022	43	0.00344	0.00343	0.5	94279	324	94117	3349860	35.53
2020-2022	44	0.00356	0.00356	0.5	93955	334	93788	3255743	34.65
2020-2022	45	0.00378	0.00377	0.5	93621	353	93445	3161954	33.77
2020-2022	46	0.00388	0.00387	0.5	93268	361	93087	3068510	32.90
2020-2022	47	0.00415	0.00414	0.5	92907	385	92714	2975422	32.03
2020-2022	48	0.00457	0.00456	0.5	92522	422	92311	2882708	31.16
2020-2022	49	0.00504	0.00502	0.5	92100	463	91869	2790397	30.30
2020-2022	50	0.00550	0.00549	0.5	91638	503	91386	2698528	29.45
2020-2022	51	0.00573	0.00571	0.5	91135	521	90875	2607141	28.61
2020-2022	52	0.00630	0.00628	0.5	90614	569	90330	2516267	27.77
2020-2022	53	0.00681	0.00678	0.5	90045	611	89740	2425937	26.94
2020-2022	54	0.00736	0.00733	0.5	89434	656	89106	2336198	26.12
2020-2022	55	0.00793	0.00790	0.5	88778	701	88428	2247091	25.31
2020-2022	56	0.00870	0.00866	0.5	88077	763	87695	2158664	24.51
2020-2022	57	0.00942	0.00937	0.5	87314	819	86905	2070968	23.72
2020-2022	58	0.01004	0.00999	0.5	86495	864	86063	1984063	22.94
2020-2022	59	0.01075	0.01070	0.5	85631	916	85173	1898000	22.16
2020-2022	60	0.01164	0.01157	0.5	84715	981	84225	1812827	21.40
2020-2022	61	0.01264	0.01256	0.5	83735	1052	83209	1728602	20.64
2020-2022	62	0.01356	0.01347	0.5	82683	1114	82126	1645393	19.90
2020-2022	63	0.01456	0.01446	0.5	81569	1179	80979	1563267	19.16
2020-2022	64	0.01552	0.01540	0.5	80389	1238	79771	1482288	18.44
2020-2022	65	0.01690	0.01675	0.5	79152	1326	78489	1402517	17.72
2020-2022	66	0.01779	0.01763	0.5	77826	1372	77139	1324029	17.01
2020-2022	67	0.01937	0.01918	0.5	76453	1467	75720	1246889	16.31
2020-2022	68	0.02058	0.02037	0.5	74987	1527	74223	1171169	15.62
2020-2022	69	0.02203	0.02179	0.5	73459	1601	72659	1096946	14.93
2020-2022	70	0.02363	0.02335	0.5	71859	1678	71019	1024287	14.25
2020-2022	71	0.02583	0.02550	0.5	70180	1789	69286	953268	13.58
2020-2022	72	0.02730	0.02693	0.5	68391	1842	67470	883982	12.93
2020-2022	73	0.03060	0.03014	0.5	66549	2006	65546	816512	12.27
2020-2022	74	0.03346	0.03291	0.5	64543	2124	63481	750966	11.64
2020-2022	75	0.03655	0.03590	0.5	62419	2241	61299	687485	11.01
2020-2022	76	0.03956	0.03879	0.5	60178	2334	59011	626186	10.41
2020-2022	77	0.04585	0.04483	0.5	57844	2593	56548	567175	9.81
2020-2022	78	0.05097	0.04970	0.5	55251	2746	53878	510627	9.24
2020-2022	79	0.05615	0.05462	0.5	52505	2868	51072	456749	8.70
2020-2022	80	0.06071	0.05892	0.5	49638	2925	48175	405677	8.17
2020-2022	81	0.06812	0.06587	0.5	46713	3077	45174	357502	7.65
2020-2022	82	0.07547	0.07273	0.5	43636	3174	42049	312327	7.16
2020-2022	83	0.08459	0.08116	0.5	40462	3284	38820	270278	6.68
2020-2022	84	0.09336	0.08919	0.5	37179	3316	35520	231458	6.23
2020-2022	85	0.10477	0.09956	0.5	33862	3371	32177	195938	5.79
2020-2022	86	0.11816	0.11157	0.5	30491	3402	28790	163761	5.37
2020-2022	87	0.13164	0.12351	0.5	27089	3346	25416	134970	4.98
2020-2022	88	0.14744	0.13731	0.5	23744	3260	22113	109554	4.61
2020-2022	89	0.16623	0.15348	0.5	20483	3144	18911	87441	4.27
2020-2022	90	0.18438	0.16882	0.5	17340	2927	15876	68529	3.95
2020-2022	91	0.20807	0.18846	0.5	14412	2716	13054	52653	3.65
2020-2022	92	0.23459	0.20996	0.5	11696	2456	10468	39599	3.39
2020-2022	93	0.25916	0.22943	0.5	9240	2120	8180	29131	3.15
2020-2022	94	0.28370	0.24846	0.5	7120	1769	6236	20950	2.94
2020-2022	95	0.30710	0.26622	0.5	5351	1425	4639	14714	2.75
2020-2022	96	0.33561	0.28738	0.5	3927	1128	3362	10075	2.57
2020-2022	97	0.36536	0.30893	0.5	2798	864	2366	6713	2.40
2020-2022	98	0.39618	0.33068	0.5	1934	639	1614	4347	2.25
2020-2022	99	0.42785	0.35245	0.5	1294	456	1066	2733	2.11
2020-2022	100	0.46012	0.37406	0.5	838	314	681	1667	1.99
2020-2022	101	0.49272	0.39533	0.5	525	207	421	985	1.88
2020-2022	102	0.52539	0.41609	0.5	317	132	251	564	1.78
2020-2022	103	0.55784	0.43618	0.5	185	81	145	313	1.69
2020-2022	104	0.58981	0.45548	0.5	104	48	81	168	1.61
2020-2022	105	0.62103	0.47389	0.5	57	27	43	88	1.54
2020-2022	106	0.65129	0.49130	0.5	30	15	23	44	1.48
2020-2022	107	0.68037	0.50767	0.5	15	8	11	22	1.42
2020-2022	108	0.70811	0.52296	0.5	7	4	6	10	1.38
2020-2022	109	0.73439	0.53715	0.5	4	2	3	5	1.34
2020-2022	110+	0.75910	1.00000	1.32	2	2	2	2	1.32
